2.363990000000000009e+02 3.964909999999999854e+02
2.487920000000000016e+02 4.011379999999999768e+02
2.596370000000000005e+02 4.069479999999999791e+02
2.631229999999999905e+02 4.181800000000000068e+02
2.642850000000000250e+02 4.317359999999999900e+02
2.429830000000000041e+02 4.162429999999999950e+02
2.410459999999999923e+02 4.294119999999999777e+02
2.379480000000000075e+02 4.402570000000000050e+02
2.329130000000000109e+02 4.472280000000000086e+02
2.321380000000000052e+02 4.150810000000000173e+02
2.278779999999999859e+02 4.286370000000000005e+02
2.232299999999999898e+02 4.394820000000000277e+02
2.170329999999999870e+02 4.476150000000000091e+02
2.228429999999999893e+02 4.135319999999999823e+02
2.181949999999999932e+02 4.255389999999999873e+02
2.135469999999999970e+02 4.356089999999999804e+02
2.085120000000000005e+02 4.445169999999999959e+02
2.135469999999999970e+02 4.135319999999999823e+02
2.073499999999999943e+02 4.228279999999999745e+02
2.011529999999999916e+02 4.290249999999999773e+02
1.953439999999999941e+02 4.352210000000000036e+02
