2.382210000000000036e+02 4.064460000000000264e+02
2.534070000000000107e+02 4.134230000000000018e+02
2.665400000000000205e+02 4.191689999999999827e+02
2.657189999999999941e+02 4.327119999999999891e+02
2.694119999999999777e+02 4.437930000000000064e+02
2.493019999999999925e+02 4.298399999999999750e+02
2.546380000000000052e+02 4.429730000000000132e+02
2.587420000000000186e+02 4.528220000000000027e+02
2.620249999999999773e+02 4.622620000000000005e+02
2.369900000000000091e+02 4.298399999999999750e+02
2.369900000000000091e+02 4.450249999999999773e+02
2.337069999999999936e+02 4.569270000000000209e+02
2.312439999999999998e+02 4.663659999999999854e+02
2.275509999999999877e+02 4.302500000000000000e+02
2.242669999999999959e+02 4.433829999999999814e+02
2.205740000000000123e+02 4.536429999999999723e+02
2.172909999999999968e+02 4.630830000000000268e+02
2.185219999999999914e+02 4.298399999999999750e+02
2.115449999999999875e+02 4.417409999999999854e+02
2.066200000000000045e+02 4.470769999999999982e+02
2.012849999999999966e+02 4.528220000000000027e+02
