2.564830000000000041e+02 2.815720000000000027e+02
2.679619999999999891e+02 2.728480000000000132e+02
2.794409999999999741e+02 2.590729999999999791e+02
2.890840000000000032e+02 2.517259999999999991e+02
2.987259999999999991e+02 2.448389999999999986e+02
2.615339999999999918e+02 2.397880000000000109e+02
2.734719999999999800e+02 2.319819999999999993e+02
2.867880000000000109e+02 2.365740000000000123e+02
2.945939999999999941e+02 2.407059999999999889e+02
2.546459999999999866e+02 2.402470000000000141e+02
2.532690000000000055e+02 2.186659999999999968e+02
2.578609999999999900e+02 2.071870000000000118e+02
2.652069999999999936e+02 1.980039999999999907e+02
2.486769999999999925e+02 2.443789999999999907e+02
2.463810000000000002e+02 2.246349999999999909e+02
2.440860000000000127e+02 2.085649999999999977e+02
2.436260000000000048e+02 1.984629999999999939e+02
2.440860000000000127e+02 2.512669999999999959e+02
2.362800000000000011e+02 2.374919999999999902e+02
2.307700000000000102e+02 2.296860000000000070e+02
2.252599999999999909e+02 2.214209999999999923e+02
