2.386450000000000102e+02 4.092210000000000036e+02
2.524519999999999982e+02 4.132819999999999823e+02
2.650400000000000205e+02 4.201850000000000023e+02
2.617909999999999968e+02 4.364279999999999973e+02
2.646340000000000146e+02 4.477980000000000018e+02
2.500149999999999864e+02 4.201850000000000023e+02
2.508269999999999982e+02 4.323679999999999950e+02
2.508269999999999982e+02 4.482040000000000077e+02
2.496090000000000089e+02 4.628229999999999791e+02
2.390509999999999877e+02 4.218100000000000023e+02
2.382390000000000043e+02 4.287130000000000223e+02
2.386450000000000102e+02 4.498290000000000077e+02
2.394569999999999936e+02 4.668840000000000146e+02
2.280869999999999891e+02 4.246519999999999868e+02
2.276810000000000116e+02 4.315550000000000068e+02
2.288990000000000009e+02 4.473919999999999959e+02
2.293050000000000068e+02 4.632289999999999850e+02
2.195589999999999975e+02 4.283070000000000164e+02
2.191529999999999916e+02 4.364279999999999973e+02
2.191529999999999916e+02 4.465799999999999841e+02
2.183410000000000082e+02 4.547019999999999982e+02
