2.393509999999999991e+02 3.701320000000000050e+02
2.513580000000000041e+02 3.757350000000000136e+02
2.617640000000000100e+02 3.829390000000000214e+02
2.657669999999999959e+02 3.893430000000000177e+02
2.685679999999999836e+02 4.005489999999999782e+02
2.473559999999999945e+02 4.005489999999999782e+02
2.449540000000000077e+02 4.061530000000000200e+02
2.417529999999999859e+02 4.093550000000000182e+02
2.369499999999999886e+02 4.113559999999999945e+02
2.373499999999999943e+02 3.989479999999999791e+02
2.317470000000000141e+02 4.061530000000000200e+02
2.277439999999999998e+02 4.069529999999999745e+02
2.269439999999999884e+02 4.065529999999999973e+02
2.305459999999999923e+02 3.957470000000000141e+02
2.229420000000000073e+02 4.053519999999999754e+02
2.189389999999999930e+02 4.053519999999999754e+02
2.133360000000000127e+02 4.081539999999999964e+02
2.205399999999999920e+02 3.941460000000000150e+02
2.129360000000000070e+02 3.997490000000000236e+02
2.077330000000000041e+02 4.013500000000000227e+02
2.017290000000000134e+02 4.009499999999999886e+02
