2.499329999999999927e+02 2.458369999999999891e+02
2.640749999999999886e+02 2.387659999999999911e+02
2.796309999999999718e+02 2.250949999999999989e+02
2.914159999999999968e+02 2.147239999999999895e+02
3.027300000000000182e+02 2.090670000000000073e+02
2.607749999999999773e+02 2.062390000000000043e+02
2.659610000000000127e+02 1.864399999999999977e+02
2.706750000000000114e+02 1.732400000000000091e+02
2.730319999999999823e+02 1.623979999999999961e+02
2.489900000000000091e+02 2.071819999999999879e+02
2.423899999999999864e+02 1.840829999999999984e+02
2.367330000000000041e+02 1.694689999999999941e+02
2.310769999999999982e+02 1.595699999999999932e+02
2.386189999999999998e+02 2.118959999999999866e+02
2.282479999999999905e+02 1.925680000000000121e+02
2.207059999999999889e+02 1.803120000000000118e+02
2.155200000000000102e+02 1.699410000000000025e+02
2.306049999999999898e+02 2.189670000000000130e+02
2.174060000000000059e+02 2.081239999999999952e+02
2.098629999999999995e+02 2.010529999999999973e+02
2.027920000000000016e+02 1.939819999999999993e+02
