2.455740000000000123e+02 2.997049999999999841e+02
2.519350000000000023e+02 2.924950000000000045e+02
2.633849999999999909e+02 2.899510000000000218e+02
2.765310000000000059e+02 2.835899999999999750e+02
2.901009999999999991e+02 2.797740000000000009e+02
2.688980000000000246e+02 3.136990000000000123e+02
2.824680000000000177e+02 3.268439999999999941e+02
2.964619999999999891e+02 3.306610000000000014e+02
3.066390000000000100e+02 3.310849999999999795e+02
2.727139999999999986e+02 3.204839999999999804e+02
2.888290000000000077e+02 3.306610000000000014e+02
3.011259999999999764e+02 3.302370000000000232e+02
3.125760000000000218e+02 3.255720000000000027e+02
2.756829999999999927e+02 3.204839999999999804e+02
2.901009999999999991e+02 3.276929999999999836e+02
3.023980000000000246e+02 3.276929999999999836e+02
3.130000000000000000e+02 3.243000000000000114e+02
2.765310000000000059e+02 3.179390000000000214e+02
2.896770000000000209e+02 3.243000000000000114e+02
2.990059999999999718e+02 3.238759999999999764e+02
3.062149999999999750e+02 3.209080000000000155e+02
