2.368789999999999907e+02 3.972330000000000041e+02
2.495999999999999943e+02 4.016059999999999945e+02
2.607300000000000182e+02 4.087610000000000241e+02
2.619230000000000018e+02 4.190969999999999800e+02
2.643079999999999927e+02 4.314200000000000159e+02
2.412520000000000095e+02 4.175070000000000050e+02
2.400600000000000023e+02 4.306250000000000000e+02
2.376740000000000066e+02 4.413580000000000041e+02
2.329039999999999964e+02 4.477180000000000177e+02
2.305190000000000055e+02 4.171089999999999804e+02
2.273389999999999986e+02 4.290350000000000250e+02
2.233640000000000043e+02 4.409599999999999795e+02
2.170029999999999859e+02 4.477180000000000177e+02
2.221709999999999923e+02 4.159169999999999732e+02
2.177980000000000018e+02 4.270470000000000255e+02
2.138230000000000075e+02 4.369850000000000136e+02
2.086550000000000011e+02 4.449350000000000023e+02
2.134259999999999877e+02 4.143260000000000218e+02
2.070649999999999977e+02 4.234689999999999941e+02
2.011030000000000086e+02 4.294320000000000164e+02
1.951399999999999864e+02 4.349970000000000141e+02
