2.136179999999999950e+02 3.941700000000000159e+02
2.286949999999999932e+02 4.040779999999999745e+02
2.222340000000000089e+02 4.208790000000000191e+02
2.157719999999999914e+02 4.269100000000000250e+02
2.101709999999999923e+02 4.299259999999999877e+02
2.265409999999999968e+02 4.238949999999999818e+02
2.006939999999999884e+02 4.282029999999999745e+02
1.877700000000000102e+02 4.376800000000000068e+02
1.795850000000000080e+02 4.450040000000000191e+02
2.299879999999999995e+02 4.174329999999999927e+02
2.420500000000000114e+02 4.277719999999999914e+02
2.498040000000000020e+02 4.346650000000000205e+02
2.571279999999999859e+02 4.415570000000000164e+02
2.015560000000000116e+02 4.148480000000000132e+02
1.886320000000000050e+02 4.247559999999999718e+02
1.800159999999999911e+02 4.303570000000000277e+02
1.731229999999999905e+02 4.359569999999999936e+02
1.946630000000000109e+02 4.144169999999999732e+02
1.877700000000000102e+02 4.221720000000000255e+02
1.804470000000000027e+02 4.277719999999999914e+02
1.778619999999999948e+02 4.282029999999999745e+02
