2.609399999999999977e+02 3.721480000000000246e+02
2.790600000000000023e+02 3.600679999999999836e+02
2.951669999999999732e+02 3.624839999999999804e+02
3.016100000000000136e+02 3.636920000000000073e+02
3.128849999999999909e+02 3.661080000000000041e+02
2.875160000000000196e+02 3.536250000000000000e+02
3.020120000000000005e+02 3.685240000000000009e+02
3.088580000000000041e+02 3.761750000000000114e+02
3.153009999999999877e+02 3.826179999999999950e+02
2.802679999999999723e+02 3.536250000000000000e+02
2.955699999999999932e+02 3.644979999999999905e+02
3.044279999999999973e+02 3.725509999999999877e+02
3.116770000000000209e+02 3.797989999999999782e+02
2.726170000000000186e+02 3.568469999999999800e+02
2.766440000000000055e+02 3.624839999999999804e+02
2.846970000000000027e+02 3.657060000000000173e+02
2.891270000000000095e+02 3.677189999999999941e+02
2.669800000000000182e+02 3.604710000000000036e+02
2.673829999999999814e+02 3.632889999999999873e+02
2.645640000000000214e+02 3.681220000000000141e+02
2.629529999999999745e+02 3.697320000000000277e+02
