2.405300000000000011e+02 2.495850000000000080e+02
2.537930000000000064e+02 2.424799999999999898e+02
2.698990000000000009e+02 2.306380000000000052e+02
2.841089999999999804e+02 2.230589999999999975e+02
2.983199999999999932e+02 2.187949999999999875e+02
2.490560000000000116e+02 2.116899999999999977e+02
2.533199999999999932e+02 1.922690000000000055e+02
2.575830000000000268e+02 1.794799999999999898e+02
2.608990000000000009e+02 1.666899999999999977e+02
2.362669999999999959e+02 2.121639999999999873e+02
2.310569999999999879e+02 1.899010000000000105e+02
2.272669999999999959e+02 1.742690000000000055e+02
2.230039999999999907e+02 1.624269999999999925e+02
2.263199999999999932e+02 2.178480000000000132e+02
2.135300000000000011e+02 1.974799999999999898e+02
2.068990000000000009e+02 1.856380000000000052e+02
2.012139999999999986e+02 1.766380000000000052e+02
2.168460000000000036e+02 2.259010000000000105e+02
2.040569999999999879e+02 2.159530000000000030e+02
1.955300000000000011e+02 2.107429999999999950e+02
1.874780000000000086e+02 2.041109999999999900e+02
