2.178909999999999911e+02 4.002250000000000227e+02
2.289780000000000086e+02 4.026890000000000214e+02
2.388329999999999984e+02 4.100799999999999841e+02
2.330840000000000032e+02 4.203460000000000036e+02
2.273350000000000080e+02 4.322540000000000191e+02
2.187119999999999891e+02 4.174719999999999800e+02
2.113209999999999980e+02 4.297909999999999968e+02
2.026980000000000075e+02 4.388240000000000123e+02
1.953060000000000116e+02 4.449839999999999804e+02
2.072150000000000034e+02 4.166499999999999773e+02
1.990020000000000095e+02 4.281480000000000246e+02
1.911999999999999886e+02 4.375930000000000177e+02
1.833979999999999961e+02 4.441630000000000109e+02
1.990020000000000095e+02 4.137760000000000105e+02
1.920209999999999866e+02 4.256840000000000259e+02
1.850409999999999968e+02 4.338969999999999914e+02
1.784699999999999989e+02 4.412880000000000109e+02
1.920209999999999866e+02 4.113120000000000118e+02
1.854509999999999934e+02 4.195249999999999773e+02
1.801129999999999995e+02 4.265059999999999718e+02
1.764170000000000016e+02 4.334859999999999900e+02
