2.481610000000000014e+02 3.957780000000000200e+02
2.594879999999999995e+02 3.994180000000000064e+02
2.708149999999999977e+02 4.042730000000000246e+02
2.740520000000000209e+02 4.156000000000000227e+02
2.748609999999999900e+02 4.285450000000000159e+02
2.554430000000000121e+02 4.123639999999999759e+02
2.530159999999999911e+02 4.257130000000000223e+02
2.518019999999999925e+02 4.370400000000000205e+02
2.481610000000000014e+02 4.451309999999999718e+02
2.437110000000000127e+02 4.151949999999999932e+02
2.416889999999999930e+02 4.261179999999999950e+02
2.388569999999999993e+02 4.366360000000000241e+02
2.356210000000000093e+02 4.455360000000000014e+02
2.352160000000000082e+02 4.147909999999999968e+02
2.323839999999999861e+02 4.228820000000000050e+02
2.287429999999999950e+02 4.338039999999999736e+02
2.251030000000000086e+02 4.435129999999999768e+02
2.255070000000000050e+02 4.131730000000000018e+02
2.194389999999999930e+02 4.220729999999999791e+02
2.145850000000000080e+02 4.281410000000000196e+02
2.097299999999999898e+02 4.338039999999999736e+02
