2.694220000000000255e+02 2.545850000000000080e+02
2.744159999999999968e+02 2.459590000000000032e+02
2.812259999999999991e+02 2.287050000000000125e+02
2.853129999999999882e+02 2.169000000000000057e+02
2.812259999999999991e+02 2.123600000000000136e+02
2.875830000000000268e+02 2.169000000000000057e+02
2.953009999999999877e+02 1.987390000000000043e+02
2.989340000000000259e+02 1.846639999999999873e+02
2.993879999999999768e+02 1.719509999999999934e+02
2.871290000000000191e+02 2.182630000000000052e+02
2.916689999999999827e+02 1.969230000000000018e+02
2.930310000000000059e+02 1.814859999999999900e+02
2.916689999999999827e+02 1.683189999999999884e+02
2.848589999999999804e+02 2.223489999999999895e+02
2.880369999999999777e+02 2.010089999999999861e+02
2.884909999999999854e+02 1.873880000000000052e+02
2.884909999999999854e+02 1.751299999999999955e+02
2.839510000000000218e+02 2.282510000000000048e+02
2.839510000000000218e+02 2.096359999999999957e+02
2.839510000000000218e+02 2.010089999999999861e+02
2.839510000000000218e+02 1.919290000000000020e+02
