2.711650000000000205e+02 2.601779999999999973e+02
2.615539999999999736e+02 2.469060000000000059e+02
2.574350000000000023e+02 2.285999999999999943e+02
2.615539999999999736e+02 2.125819999999999936e+02
2.601809999999999832e+02 1.979370000000000118e+02
2.684189999999999827e+02 2.285999999999999943e+02
2.752839999999999918e+02 2.075469999999999970e+02
2.752839999999999918e+02 2.061740000000000066e+02
2.748260000000000218e+02 2.070900000000000034e+02
2.794030000000000200e+02 2.327189999999999941e+02
2.848949999999999818e+02 2.107510000000000048e+02
2.835219999999999914e+02 2.116659999999999968e+02
2.798609999999999900e+02 2.153280000000000030e+02
2.894710000000000036e+02 2.368379999999999939e+02
2.940480000000000018e+02 2.167009999999999934e+02
2.913020000000000209e+02 2.176160000000000139e+02
2.867250000000000227e+02 2.226500000000000057e+02
2.972520000000000095e+02 2.409559999999999889e+02
2.995400000000000205e+02 2.258540000000000134e+02
2.977090000000000032e+02 2.244809999999999945e+02
2.945059999999999718e+02 2.272270000000000039e+02
