2.320500000000000114e+02 4.049049999999999727e+02
2.493930000000000007e+02 4.142110000000000127e+02
2.675819999999999936e+02 4.201329999999999814e+02
2.853489999999999895e+02 4.264780000000000086e+02
2.997309999999999945e+02 4.290160000000000196e+02
2.464319999999999879e+02 4.349379999999999882e+02
2.586990000000000123e+02 4.412839999999999918e+02
2.654669999999999845e+02 4.497440000000000282e+02
2.722350000000000136e+02 4.577810000000000059e+02
2.333189999999999884e+02 4.332459999999999809e+02
2.320500000000000114e+02 4.404379999999999882e+02
2.312040000000000077e+02 4.510129999999999768e+02
2.282429999999999950e+02 4.628570000000000277e+02
2.218979999999999961e+02 4.328229999999999791e+02
2.151289999999999907e+02 4.391689999999999827e+02
2.058230000000000075e+02 4.488980000000000246e+02
1.982090000000000032e+02 4.586270000000000095e+02
2.125910000000000082e+02 4.294390000000000214e+02
1.999010000000000105e+02 4.357839999999999918e+02
1.884799999999999898e+02 4.395919999999999845e+02
1.779050000000000011e+02 4.438220000000000027e+02
