2.674800000000000182e+02 2.636290000000000191e+02
2.807409999999999854e+02 2.549410000000000025e+02
2.917149999999999750e+02 2.393940000000000055e+02
2.990319999999999823e+02 2.238470000000000084e+02
3.100059999999999718e+02 2.128729999999999905e+02
2.775400000000000205e+02 2.238470000000000084e+02
2.811979999999999791e+02 2.037280000000000086e+02
2.848559999999999945e+02 2.005269999999999868e+02
2.898860000000000241e+02 2.028129999999999882e+02
2.665659999999999741e+02 2.243050000000000068e+02
2.693100000000000023e+02 2.018990000000000009e+02
2.706809999999999832e+02 1.996129999999999995e+02
2.770830000000000268e+02 2.041850000000000023e+02
2.569630000000000223e+02 2.275060000000000002e+02
2.569630000000000223e+02 2.073859999999999957e+02
2.601639999999999873e+02 2.060140000000000100e+02
2.647370000000000232e+02 2.064720000000000084e+02
2.487330000000000041e+02 2.334499999999999886e+02
2.446169999999999902e+02 2.211040000000000134e+02
2.446169999999999902e+02 2.169890000000000043e+02
2.482750000000000057e+02 2.165310000000000059e+02
