2.424979999999999905e+02 3.594429999999999836e+02
2.549600000000000080e+02 3.618550000000000182e+02
2.674220000000000255e+02 3.658750000000000000e+02
2.718439999999999941e+02 3.715020000000000095e+02
2.766669999999999732e+02 3.831600000000000250e+02
2.597839999999999918e+02 3.698949999999999818e+02
2.642060000000000173e+02 3.895919999999999845e+02
2.617939999999999827e+02 3.811499999999999773e+02
2.634019999999999868e+02 3.879839999999999804e+02
2.493319999999999936e+02 3.702970000000000255e+02
2.505380000000000109e+02 3.843659999999999854e+02
2.493319999999999936e+02 3.839639999999999986e+02
2.509399999999999977e+02 3.835620000000000118e+02
2.400860000000000127e+02 3.735120000000000005e+02
2.384780000000000086e+02 3.855720000000000027e+02
2.380759999999999934e+02 3.847679999999999723e+02
2.368700000000000045e+02 3.847679999999999723e+02
2.312419999999999902e+02 3.751200000000000045e+02
2.284279999999999973e+02 3.823559999999999945e+02
2.252119999999999891e+02 3.855720000000000027e+02
2.240060000000000002e+02 3.867780000000000200e+02
