2.483559999999999945e+02 2.342150000000000034e+02
2.604359999999999786e+02 2.279519999999999982e+02
2.738570000000000277e+02 2.198990000000000009e+02
2.877259999999999991e+02 2.163199999999999932e+02
3.011480000000000246e+02 2.163199999999999932e+02
2.635670000000000073e+02 1.961870000000000118e+02
2.734100000000000250e+02 1.832129999999999939e+02
2.845950000000000273e+02 1.805289999999999964e+02
2.926480000000000246e+02 1.814240000000000066e+02
2.590930000000000177e+02 1.952930000000000064e+02
2.738570000000000277e+02 1.814240000000000066e+02
2.872789999999999964e+02 1.809759999999999991e+02
2.993580000000000041e+02 1.836610000000000014e+02
2.586460000000000150e+02 2.006610000000000014e+02
2.729619999999999891e+02 1.863449999999999989e+02
2.868310000000000173e+02 1.836610000000000014e+02
2.948840000000000146e+02 1.836610000000000014e+02
2.608829999999999814e+02 2.069250000000000114e+02
2.707259999999999991e+02 1.952930000000000064e+02
2.801209999999999809e+02 1.899240000000000066e+02
2.881739999999999782e+02 1.872400000000000091e+02
