2.518940000000000055e+02 2.807269999999999754e+02
2.624279999999999973e+02 2.658829999999999814e+02
2.724830000000000041e+02 2.457729999999999961e+02
2.772710000000000150e+02 2.294929999999999950e+02
2.825380000000000109e+02 2.165649999999999977e+02
2.547669999999999959e+02 2.338029999999999973e+02
2.518940000000000055e+02 2.117769999999999868e+02
2.509360000000000070e+02 1.978909999999999911e+02
2.495000000000000000e+02 1.859209999999999923e+02
2.466270000000000095e+02 2.371539999999999964e+02
2.408810000000000002e+02 2.127340000000000089e+02
2.389660000000000082e+02 1.983700000000000045e+02
2.356140000000000043e+02 1.868779999999999859e+02
2.394449999999999932e+02 2.409850000000000136e+02
2.317829999999999870e+02 2.203959999999999866e+02
2.289110000000000014e+02 2.069890000000000043e+02
2.274739999999999895e+02 1.954970000000000141e+02
2.336990000000000123e+02 2.472100000000000080e+02
2.241220000000000141e+02 2.338029999999999973e+02
2.198129999999999882e+02 2.251839999999999975e+02
2.150250000000000057e+02 2.170440000000000111e+02
