2.220660000000000025e+02 3.985550000000000068e+02
2.346419999999999959e+02 4.022060000000000173e+02
2.451889999999999930e+02 4.135649999999999977e+02
2.395099999999999909e+02 4.228960000000000150e+02
2.346419999999999959e+02 4.342549999999999955e+02
2.236889999999999930e+02 4.139710000000000036e+02
2.208489999999999895e+02 4.306039999999999850e+02
2.163859999999999957e+02 4.403399999999999750e+02
2.082729999999999961e+02 4.472359999999999900e+02
2.131409999999999911e+02 4.139710000000000036e+02
2.094900000000000091e+02 4.293870000000000005e+02
2.034050000000000011e+02 4.403399999999999750e+02
1.969139999999999873e+02 4.472359999999999900e+02
2.038110000000000070e+02 4.139710000000000036e+02
1.997539999999999907e+02 4.269529999999999745e+02
1.948859999999999957e+02 4.370950000000000273e+02
1.900180000000000007e+02 4.443969999999999914e+02
1.948859999999999957e+02 4.139710000000000036e+02
1.892059999999999889e+02 4.261410000000000196e+02
1.851490000000000009e+02 4.322269999999999754e+02
1.814979999999999905e+02 4.370950000000000273e+02
