2.542940000000000111e+02 2.838389999999999986e+02
2.650729999999999791e+02 2.699169999999999732e+02
2.713600000000000136e+02 2.528499999999999943e+02
2.722590000000000146e+02 2.425209999999999866e+02
2.745040000000000191e+02 2.321910000000000025e+02
2.538449999999999989e+02 2.411730000000000018e+02
2.592339999999999804e+02 2.245560000000000116e+02
2.646240000000000236e+02 2.254550000000000125e+02
2.718090000000000259e+02 2.294970000000000141e+02
2.471080000000000041e+02 2.402750000000000057e+02
2.471080000000000041e+02 2.191670000000000016e+02
2.480070000000000050e+02 2.038969999999999914e+02
2.502520000000000095e+02 1.922199999999999989e+02
2.426169999999999902e+02 2.447659999999999911e+02
2.394739999999999895e+02 2.259039999999999964e+02
2.439650000000000034e+02 2.160229999999999961e+02
2.502520000000000095e+02 2.106339999999999861e+02
2.372280000000000086e+02 2.501560000000000059e+02
2.286949999999999932e+02 2.384790000000000134e+02
2.228559999999999945e+02 2.294970000000000141e+02
2.170180000000000007e+02 2.214130000000000109e+02
