2.321479999999999961e+02 4.032919999999999732e+02
2.464859999999999900e+02 4.079300000000000068e+02
2.599800000000000182e+02 4.150989999999999895e+02
2.608229999999999791e+02 4.294359999999999786e+02
2.633530000000000086e+02 4.399780000000000086e+02
2.481730000000000018e+02 4.172069999999999936e+02
2.511239999999999952e+02 4.361829999999999927e+02
2.515459999999999923e+02 4.458820000000000050e+02
2.523890000000000100e+02 4.555810000000000173e+02
2.355219999999999914e+02 4.172069999999999936e+02
2.376299999999999955e+02 4.235330000000000155e+02
2.401610000000000014e+02 4.458820000000000050e+02
2.414259999999999877e+02 4.597980000000000018e+02
2.258230000000000075e+02 4.205810000000000173e+02
2.279319999999999879e+02 4.294359999999999786e+02
2.287750000000000057e+02 4.441949999999999932e+02
2.308830000000000098e+02 4.568460000000000036e+02
2.182330000000000041e+02 4.264850000000000136e+02
2.186550000000000011e+02 4.328100000000000023e+02
2.190759999999999934e+02 4.425090000000000146e+02
2.186550000000000011e+02 4.488340000000000032e+02
