2.385610000000000070e+02 4.006129999999999995e+02
2.522150000000000034e+02 4.066370000000000005e+02
2.642629999999999768e+02 4.130620000000000118e+02
2.666720000000000255e+02 4.235040000000000191e+02
2.670740000000000123e+02 4.363550000000000182e+02
2.449859999999999900e+02 4.198890000000000100e+02
2.449859999999999900e+02 4.355509999999999877e+02
2.465929999999999893e+02 4.431820000000000164e+02
2.449859999999999900e+02 4.524180000000000064e+02
2.345449999999999875e+02 4.194879999999999995e+02
2.341430000000000007e+02 4.359529999999999745e+02
2.305289999999999964e+02 4.459929999999999950e+02
2.257100000000000080e+02 4.548279999999999745e+02
2.253079999999999927e+02 4.194879999999999995e+02
2.245049999999999955e+02 4.331419999999999959e+02
2.208909999999999911e+02 4.427799999999999727e+02
2.164730000000000132e+02 4.524180000000000064e+02
2.164730000000000132e+02 4.198890000000000100e+02
2.128590000000000089e+02 4.315350000000000250e+02
2.092450000000000045e+02 4.367559999999999718e+02
2.060320000000000107e+02 4.419769999999999754e+02
