2.598849999999999909e+02 2.913620000000000232e+02
2.757869999999999777e+02 2.804580000000000268e+02
2.871449999999999818e+02 2.654649999999999750e+02
2.898709999999999809e+02 2.491090000000000089e+02
2.907799999999999727e+02 2.363870000000000005e+02
2.735149999999999864e+02 2.477460000000000093e+02
2.716979999999999791e+02 2.318439999999999941e+02
2.685169999999999959e+02 2.273000000000000114e+02
2.671539999999999964e+02 2.263919999999999959e+02
2.635199999999999818e+02 2.481999999999999886e+02
2.571589999999999918e+02 2.263919999999999959e+02
2.603389999999999986e+02 2.332069999999999936e+02
2.612479999999999905e+02 2.400219999999999914e+02
2.530699999999999932e+02 2.531980000000000075e+02
2.467090000000000032e+02 2.327520000000000095e+02
2.498899999999999864e+02 2.382040000000000077e+02
2.535240000000000009e+02 2.481999999999999886e+02
2.435289999999999964e+02 2.586499999999999773e+02
2.408029999999999973e+02 2.441109999999999900e+02
2.426200000000000045e+02 2.454739999999999895e+02
2.444379999999999882e+02 2.518350000000000080e+02
