2.422340000000000089e+02 4.123720000000000141e+02
2.410109999999999957e+02 4.315269999999999868e+02
2.336750000000000114e+02 4.449759999999999991e+02
2.267470000000000141e+02 4.584239999999999782e+02
2.181879999999999882e+02 4.702429999999999950e+02
2.181879999999999882e+02 4.425299999999999727e+02
2.071850000000000023e+02 4.506809999999999832e+02
2.006639999999999873e+02 4.572019999999999982e+02
1.916980000000000075e+02 4.612769999999999868e+02
2.169660000000000082e+02 4.372320000000000277e+02
2.010720000000000027e+02 4.400849999999999795e+02
1.884379999999999882e+02 4.449759999999999991e+02
1.786570000000000107e+02 4.482359999999999900e+02
2.165579999999999927e+02 4.335640000000000214e+02
2.014790000000000134e+02 4.372320000000000277e+02
1.912909999999999968e+02 4.417149999999999750e+02
1.790639999999999930e+02 4.466059999999999945e+02
2.181879999999999882e+02 4.307119999999999891e+02
2.084070000000000107e+02 4.335640000000000214e+02
2.047400000000000091e+02 4.372320000000000277e+02
1.982189999999999941e+02 4.404929999999999950e+02
