2.223340000000000032e+02 3.970819999999999936e+02
2.366090000000000089e+02 4.036080000000000041e+02
2.496599999999999966e+02 4.117660000000000196e+02
2.655670000000000073e+02 4.186990000000000123e+02
2.802500000000000000e+02 4.219619999999999891e+02
2.288590000000000089e+02 4.186990000000000123e+02
2.137680000000000007e+02 4.317509999999999764e+02
2.072429999999999950e+02 4.415400000000000205e+02
2.003089999999999975e+02 4.484730000000000132e+02
2.186630000000000109e+02 4.154359999999999786e+02
2.035720000000000027e+02 4.309350000000000023e+02
1.941910000000000025e+02 4.395000000000000000e+02
1.864420000000000073e+02 4.452099999999999795e+02
2.100980000000000132e+02 4.166600000000000250e+02
1.986779999999999973e+02 4.288960000000000150e+02
1.909279999999999973e+02 4.382769999999999868e+02
1.762450000000000045e+02 4.374610000000000127e+02
2.015329999999999870e+02 4.170679999999999836e+02
1.913360000000000127e+02 4.256329999999999814e+02
1.835869999999999891e+02 4.309350000000000023e+02
1.762450000000000045e+02 4.362370000000000232e+02
