2.440989999999999895e+02 3.927839999999999918e+02
2.579069999999999823e+02 3.990950000000000273e+02
2.689529999999999745e+02 4.065910000000000082e+02
2.725029999999999859e+02 4.192149999999999750e+02
2.764479999999999791e+02 4.302599999999999909e+02
2.535670000000000073e+02 4.152699999999999818e+02
2.527779999999999916e+02 4.294710000000000036e+02
2.508060000000000116e+02 4.397280000000000086e+02
2.488329999999999984e+02 4.468290000000000077e+02
2.433100000000000023e+02 4.152699999999999818e+02
2.405490000000000066e+02 4.290769999999999982e+02
2.381819999999999879e+02 4.389390000000000214e+02
2.362090000000000032e+02 4.480129999999999768e+02
2.338429999999999893e+02 4.132970000000000255e+02
2.302920000000000016e+02 4.267099999999999795e+02
2.275310000000000059e+02 4.357830000000000155e+02
2.247690000000000055e+02 4.456460000000000150e+02
2.220080000000000098e+02 4.125079999999999814e+02
2.180629999999999882e+02 4.235539999999999736e+02
2.141179999999999950e+02 4.294710000000000036e+02
2.093839999999999861e+02 4.357830000000000155e+02
