2.381370000000000005e+02 4.004529999999999745e+02
2.522560000000000002e+02 4.059429999999999836e+02
2.644139999999999873e+02 4.130029999999999859e+02
2.651979999999999791e+02 4.247679999999999723e+02
2.675509999999999877e+02 4.369259999999999877e+02
2.436279999999999859e+02 4.267289999999999850e+02
2.467649999999999864e+02 4.377099999999999795e+02
2.467649999999999864e+02 4.455539999999999736e+02
2.436279999999999859e+02 4.533969999999999914e+02
2.346080000000000041e+02 4.235919999999999845e+02
2.342160000000000082e+02 4.365339999999999918e+02
2.306860000000000070e+02 4.471220000000000141e+02
2.251949999999999932e+02 4.537900000000000205e+02
2.263720000000000141e+02 4.224150000000000205e+02
2.244110000000000014e+02 4.341800000000000068e+02
2.208810000000000002e+02 4.432010000000000218e+02
2.165670000000000073e+02 4.526129999999999995e+02
2.165670000000000073e+02 4.216309999999999718e+02
2.122529999999999859e+02 4.314350000000000023e+02
2.091160000000000139e+02 4.373179999999999836e+02
2.055860000000000127e+02 4.420240000000000009e+02
