2.363389999999999986e+02 4.142149999999999750e+02
2.509449999999999932e+02 4.177549999999999955e+02
2.642230000000000132e+02 4.239519999999999982e+02
2.699769999999999754e+02 4.381150000000000091e+02
2.788290000000000077e+02 4.456399999999999864e+02
2.505020000000000095e+02 4.376730000000000018e+02
2.509449999999999932e+02 4.434270000000000209e+02
2.549279999999999973e+02 4.518360000000000127e+02
2.566990000000000123e+02 4.620160000000000196e+02
2.363389999999999986e+02 4.381150000000000091e+02
2.358959999999999866e+02 4.447540000000000191e+02
2.358959999999999866e+02 4.544920000000000186e+02
2.336829999999999927e+02 4.655570000000000164e+02
2.252740000000000009e+02 4.403279999999999745e+02
2.221750000000000114e+02 4.474100000000000250e+02
2.177489999999999952e+02 4.575899999999999750e+02
2.146510000000000105e+02 4.682130000000000223e+02
2.150939999999999941e+02 4.407710000000000150e+02
2.053559999999999945e+02 4.434270000000000209e+02
1.973890000000000100e+02 4.469680000000000177e+02
1.894219999999999970e+02 4.513940000000000055e+02
