2.572900000000000205e+02 2.984809999999999945e+02
2.747359999999999900e+02 2.902169999999999845e+02
2.875910000000000082e+02 2.759850000000000136e+02
2.903460000000000036e+02 2.608340000000000032e+02
2.958550000000000182e+02 2.475200000000000102e+02
2.715219999999999914e+02 2.608340000000000032e+02
2.687669999999999959e+02 2.401740000000000066e+02
2.683079999999999927e+02 2.286959999999999980e+02
2.673899999999999864e+02 2.185960000000000036e+02
2.605029999999999859e+02 2.617520000000000095e+02
2.577490000000000236e+02 2.392560000000000002e+02
2.572900000000000205e+02 2.277779999999999916e+02
2.572900000000000205e+02 2.195140000000000100e+02
2.504029999999999916e+02 2.649660000000000082e+02
2.494850000000000136e+02 2.438470000000000084e+02
2.490260000000000105e+02 2.323689999999999998e+02
2.485670000000000073e+02 2.218089999999999975e+02
2.412210000000000036e+02 2.695570000000000164e+02
2.361699999999999875e+02 2.544060000000000059e+02
2.347930000000000064e+02 2.438470000000000084e+02
2.320380000000000109e+02 2.355829999999999984e+02
