2.600190000000000055e+02 3.701089999999999804e+02
2.764780000000000086e+02 3.628829999999999814e+02
2.957479999999999905e+02 3.725179999999999723e+02
3.021709999999999923e+02 3.705110000000000241e+02
3.118059999999999832e+02 3.733210000000000264e+02
2.857110000000000127e+02 3.600729999999999791e+02
3.005649999999999977e+02 3.753279999999999745e+02
3.049809999999999945e+02 3.833570000000000277e+02
3.101999999999999886e+02 3.901820000000000164e+02
2.792880000000000109e+02 3.580659999999999741e+02
2.925360000000000014e+02 3.689049999999999727e+02
3.017690000000000055e+02 3.801449999999999818e+02
3.069879999999999995e+02 3.881739999999999782e+02
2.724639999999999986e+02 3.604739999999999895e+02
2.829010000000000105e+02 3.648899999999999864e+02
2.885219999999999914e+02 3.701089999999999804e+02
2.949449999999999932e+02 3.789409999999999741e+02
2.676460000000000150e+02 3.640869999999999891e+02
2.708580000000000041e+02 3.664959999999999809e+02
2.752740000000000009e+02 3.709119999999999777e+02
2.796899999999999977e+02 3.761309999999999718e+02
