2.392680000000000007e+02 4.009630000000000223e+02
2.526020000000000039e+02 4.068450000000000273e+02
2.639739999999999895e+02 4.135120000000000005e+02
2.655430000000000064e+02 4.233159999999999741e+02
2.671109999999999900e+02 4.362570000000000050e+02
2.467189999999999941e+02 4.237080000000000268e+02
2.471109999999999900e+02 4.362570000000000050e+02
2.467189999999999941e+02 4.444929999999999950e+02
2.439739999999999895e+02 4.523360000000000127e+02
2.361310000000000002e+02 4.225319999999999823e+02
2.337779999999999916e+02 4.358650000000000091e+02
2.306409999999999911e+02 4.456689999999999827e+02
2.271109999999999900e+02 4.535120000000000005e+02
2.271109999999999900e+02 4.213550000000000182e+02
2.255430000000000064e+02 4.327280000000000086e+02
2.220130000000000052e+02 4.421399999999999864e+02
2.184840000000000089e+02 4.511589999999999918e+02
2.173069999999999879e+02 4.190020000000000095e+02
2.145620000000000118e+02 4.299830000000000041e+02
2.106409999999999911e+02 4.362570000000000050e+02
2.071109999999999900e+02 4.417479999999999905e+02
