2.132609999999999957e+02 3.933609999999999900e+02
2.295670000000000073e+02 3.987959999999999923e+02
2.446179999999999950e+02 4.096659999999999968e+02
2.584139999999999873e+02 4.167730000000000246e+02
2.722110000000000127e+02 4.217900000000000205e+02
2.337479999999999905e+02 4.105020000000000095e+02
2.408549999999999898e+02 4.268070000000000164e+02
2.467079999999999984e+02 4.364230000000000018e+02
2.508890000000000100e+02 4.439490000000000123e+02
2.216229999999999905e+02 4.134289999999999736e+02
2.258040000000000020e+02 4.268070000000000164e+02
2.295670000000000073e+02 4.380950000000000273e+02
2.320749999999999886e+02 4.477110000000000127e+02
2.111709999999999923e+02 4.138469999999999800e+02
2.145159999999999911e+02 4.272250000000000227e+02
2.166059999999999945e+02 4.364230000000000018e+02
2.203689999999999998e+02 4.460389999999999873e+02
2.011370000000000005e+02 4.171909999999999741e+02
2.015550000000000068e+02 4.230439999999999827e+02
2.040639999999999930e+02 4.330779999999999745e+02
2.078259999999999934e+02 4.372590000000000146e+02
