2.566809999999999832e+02 2.954089999999999918e+02
2.746340000000000146e+02 2.838999999999999773e+02
2.870640000000000214e+02 2.687080000000000268e+02
2.893659999999999854e+02 2.512150000000000034e+02
2.930489999999999782e+02 2.387849999999999966e+02
2.732529999999999859e+02 2.489130000000000109e+02
2.709519999999999982e+02 2.300380000000000109e+02
2.677289999999999850e+02 2.277369999999999948e+02
2.654270000000000209e+02 2.281970000000000027e+02
2.626650000000000205e+02 2.479919999999999902e+02
2.571410000000000196e+02 2.286570000000000107e+02
2.589820000000000277e+02 2.318799999999999955e+02
2.599030000000000200e+02 2.401659999999999968e+02
2.520769999999999982e+02 2.521349999999999909e+02
2.483940000000000055e+02 2.351020000000000039e+02
2.483940000000000055e+02 2.364830000000000041e+02
2.520769999999999982e+02 2.456899999999999977e+02
2.419490000000000123e+02 2.595009999999999764e+02
2.387270000000000039e+02 2.438489999999999895e+02
2.410289999999999964e+02 2.438489999999999895e+02
2.437909999999999968e+02 2.507539999999999907e+02
