2.224869999999999948e+02 3.962189999999999941e+02
2.353209999999999980e+02 4.006299999999999955e+02
2.453470000000000084e+02 4.070470000000000255e+02
2.485550000000000068e+02 4.194789999999999850e+02
2.485550000000000068e+02 4.323129999999999882e+02
2.317110000000000127e+02 4.126619999999999777e+02
2.297059999999999889e+02 4.283020000000000209e+02
2.301069999999999993e+02 4.395310000000000059e+02
2.289039999999999964e+02 4.479529999999999745e+02
2.200809999999999889e+02 4.146669999999999732e+02
2.180759999999999934e+02 4.307080000000000268e+02
2.164710000000000036e+02 4.403340000000000032e+02
2.136639999999999873e+02 4.499590000000000032e+02
2.108569999999999993e+02 4.150679999999999836e+02
2.088520000000000039e+02 4.275000000000000000e+02
2.060440000000000111e+02 4.375260000000000105e+02
2.028360000000000127e+02 4.471510000000000105e+02
2.024350000000000023e+02 4.150679999999999836e+02
1.968199999999999932e+02 4.270989999999999895e+02
1.936119999999999948e+02 4.319119999999999777e+02
1.908050000000000068e+02 4.383279999999999745e+02
