2.623740000000000236e+02 2.517860000000000014e+02
2.734359999999999786e+02 2.411850000000000023e+02
2.808109999999999786e+02 2.259739999999999895e+02
2.918729999999999905e+02 2.149120000000000061e+02
3.047789999999999964e+02 2.089199999999999875e+02
2.600690000000000168e+02 2.093810000000000002e+02
2.844979999999999905e+02 2.010840000000000032e+02
2.932559999999999718e+02 1.923259999999999934e+02
2.997090000000000032e+02 1.844910000000000139e+02
2.582250000000000227e+02 2.121459999999999866e+02
2.798890000000000100e+02 2.010840000000000032e+02
2.895679999999999836e+02 1.946310000000000002e+02
2.960210000000000150e+02 1.890999999999999943e+02
2.596080000000000041e+02 2.167560000000000002e+02
2.748190000000000168e+02 2.052319999999999993e+02
2.840369999999999777e+02 2.006229999999999905e+02
2.891080000000000041e+02 1.964749999999999943e+02
2.642169999999999845e+02 2.232090000000000032e+02
2.734359999999999786e+02 2.098420000000000130e+02
2.794279999999999973e+02 2.052319999999999993e+02
2.844979999999999905e+02 2.020060000000000002e+02
