2.153400000000000034e+02 3.728919999999999959e+02
2.248760000000000048e+02 3.756739999999999782e+02
2.356040000000000134e+02 3.816340000000000146e+02
2.475240000000000009e+02 3.844150000000000205e+02
2.578539999999999850e+02 3.848120000000000118e+02
2.228890000000000100e+02 3.820310000000000059e+02
2.232870000000000061e+02 3.836200000000000045e+02
2.252729999999999961e+02 3.840179999999999723e+02
2.284519999999999982e+02 3.848120000000000118e+02
2.141479999999999961e+02 3.832230000000000132e+02
2.125589999999999975e+02 3.871960000000000264e+02
2.065989999999999895e+02 3.844150000000000205e+02
2.006390000000000100e+02 3.852099999999999795e+02
2.046119999999999948e+02 3.848120000000000118e+02
2.002419999999999902e+02 3.875930000000000177e+02
1.962690000000000055e+02 3.871960000000000264e+02
1.907059999999999889e+02 3.864010000000000105e+02
1.970629999999999882e+02 3.867989999999999782e+02
1.895140000000000100e+02 3.895799999999999841e+02
1.847460000000000093e+02 3.903750000000000000e+02
1.783890000000000100e+02 3.883879999999999768e+02
