2.641320000000000050e+02 2.526539999999999964e+02
2.742930000000000064e+02 2.429540000000000077e+02
2.812219999999999800e+02 2.286359999999999957e+02
2.909209999999999923e+02 2.175509999999999877e+02
3.052389999999999759e+02 2.124699999999999989e+02
2.659800000000000182e+02 2.106229999999999905e+02
2.830690000000000168e+02 2.060039999999999907e+02
2.973870000000000005e+02 2.069279999999999973e+02
3.070869999999999891e+02 2.096990000000000123e+02
2.599750000000000227e+02 2.106229999999999905e+02
2.830690000000000168e+02 2.041570000000000107e+02
2.973870000000000005e+02 2.055420000000000016e+02
3.084719999999999800e+02 2.032330000000000041e+02
2.567420000000000186e+02 2.143180000000000121e+02
2.807599999999999909e+02 2.064660000000000082e+02
2.941539999999999964e+02 2.073899999999999864e+02
3.038539999999999850e+02 2.046189999999999998e+02
2.567420000000000186e+02 2.207839999999999918e+02
2.733700000000000045e+02 2.138559999999999945e+02
2.867640000000000100e+02 2.101610000000000014e+02
2.941539999999999964e+02 2.083139999999999930e+02
