2.154259999999999877e+02 3.981659999999999968e+02
2.264130000000000109e+02 4.011240000000000236e+02
2.365560000000000116e+02 4.036600000000000250e+02
2.424720000000000084e+02 4.112660000000000196e+02
2.420500000000000114e+02 4.247900000000000205e+02
2.133129999999999882e+02 4.247900000000000205e+02
2.057059999999999889e+02 4.319739999999999895e+02
2.006349999999999909e+02 4.370450000000000159e+02
1.947179999999999893e+02 4.416940000000000168e+02
2.035929999999999893e+02 4.252119999999999891e+02
1.955629999999999882e+02 4.315509999999999877e+02
1.883789999999999907e+02 4.345099999999999909e+02
1.799269999999999925e+02 4.357769999999999868e+02
1.972539999999999907e+02 4.222540000000000191e+02
1.892239999999999895e+02 4.260579999999999927e+02
1.828849999999999909e+02 4.323969999999999914e+02
1.765459999999999923e+02 4.345099999999999909e+02
1.926049999999999898e+02 4.205640000000000214e+02
1.888019999999999925e+02 4.184510000000000218e+02
1.879559999999999889e+02 4.150699999999999932e+02
1.769689999999999941e+02 4.383129999999999882e+02
