2.452800000000000011e+02 2.990960000000000036e+02
2.511059999999999945e+02 2.843070000000000164e+02
2.690319999999999823e+02 2.798260000000000218e+02
2.869580000000000268e+02 2.843070000000000164e+02
3.012989999999999782e+02 2.869959999999999809e+02
2.766510000000000105e+02 3.004409999999999741e+02
2.941279999999999859e+02 3.067149999999999750e+02
3.039879999999999995e+02 2.981999999999999886e+02
3.044359999999999786e+02 2.910299999999999727e+02
2.784429999999999836e+02 3.067149999999999750e+02
2.954730000000000132e+02 3.197110000000000127e+02
3.098140000000000214e+02 3.179189999999999827e+02
3.241539999999999964e+02 3.268820000000000050e+02
2.793399999999999750e+02 3.085070000000000050e+02
2.941279999999999859e+02 3.197110000000000127e+02
3.075729999999999791e+02 3.174700000000000273e+02
3.187769999999999868e+02 3.098519999999999754e+02
2.797880000000000109e+02 3.085070000000000050e+02
2.936800000000000068e+02 3.067149999999999750e+02
3.030910000000000082e+02 2.986480000000000246e+02
3.008509999999999991e+02 2.955110000000000241e+02
