2.628399999999999750e+02 2.528149999999999977e+02
2.739209999999999923e+02 2.421949999999999932e+02
2.822320000000000277e+02 2.274190000000000111e+02
2.928519999999999754e+02 2.163379999999999939e+02
3.071659999999999968e+02 2.117199999999999989e+02
2.646870000000000118e+02 2.094120000000000061e+02
2.896200000000000045e+02 2.047940000000000111e+02
3.016250000000000000e+02 1.992539999999999907e+02
3.090129999999999768e+02 1.937129999999999939e+02
2.614540000000000077e+02 2.117199999999999989e+02
2.882350000000000136e+02 2.043329999999999984e+02
3.002400000000000091e+02 1.987920000000000016e+02
3.080899999999999750e+02 1.937129999999999939e+02
2.623779999999999859e+02 2.163379999999999939e+02
2.854649999999999750e+02 2.052560000000000002e+02
2.965459999999999923e+02 2.015620000000000118e+02
3.039340000000000259e+02 1.978679999999999950e+02
2.656100000000000136e+02 2.232640000000000100e+02
2.799239999999999782e+02 2.126440000000000055e+02
2.886970000000000027e+02 2.084879999999999995e+02
2.923910000000000196e+02 2.047940000000000111e+02
