2.419499999999999886e+02 4.146940000000000168e+02
2.580760000000000218e+02 4.202010000000000218e+02
2.706630000000000109e+02 4.292479999999999905e+02
2.789230000000000018e+02 4.402610000000000241e+02
2.856100000000000136e+02 4.481279999999999859e+02
2.454900000000000091e+02 4.406539999999999964e+02
2.466699999999999875e+02 4.441940000000000168e+02
2.450960000000000036e+02 4.445880000000000223e+02
2.423429999999999893e+02 4.453740000000000236e+02
2.356560000000000059e+02 4.386879999999999882e+02
2.344759999999999991e+02 4.473410000000000082e+02
2.317230000000000132e+02 4.587479999999999905e+02
2.273959999999999866e+02 4.701539999999999964e+02
2.250360000000000014e+02 4.390810000000000173e+02
2.199230000000000018e+02 4.477339999999999804e+02
2.144159999999999968e+02 4.575679999999999836e+02
2.100900000000000034e+02 4.662210000000000036e+02
2.140229999999999961e+02 4.375079999999999814e+02
2.053700000000000045e+02 4.438009999999999877e+02
1.982889999999999873e+02 4.481279999999999859e+02
1.935689999999999884e+02 4.544209999999999923e+02
