2.661820000000000164e+02 2.677559999999999718e+02
2.806610000000000014e+02 2.578020000000000209e+02
2.919730000000000132e+02 2.428710000000000093e+02
2.951399999999999864e+02 2.274869999999999948e+02
3.014739999999999895e+02 2.134610000000000127e+02
2.770409999999999968e+02 2.270349999999999966e+02
2.802090000000000032e+02 2.062210000000000036e+02
2.811139999999999759e+02 1.921949999999999932e+02
2.806610000000000014e+02 1.808839999999999861e+02
2.666349999999999909e+02 2.279399999999999977e+02
2.666349999999999909e+02 2.030540000000000020e+02
2.666349999999999909e+02 1.890279999999999916e+02
2.666349999999999909e+02 1.772640000000000100e+02
2.571329999999999814e+02 2.315589999999999975e+02
2.557760000000000105e+02 2.080310000000000059e+02
2.553230000000000075e+02 1.953619999999999948e+02
2.553230000000000075e+02 1.835980000000000132e+02
2.485360000000000014e+02 2.360840000000000032e+02
2.440120000000000005e+02 2.206999999999999886e+02
2.422019999999999982e+02 2.098410000000000082e+02
2.408449999999999989e+02 1.998870000000000005e+02
