2.386409999999999911e+02 4.004130000000000109e+02
2.521519999999999868e+02 4.059759999999999991e+02
2.644710000000000036e+02 4.139239999999999782e+02
2.664580000000000268e+02 4.238589999999999804e+02
2.672529999999999859e+02 4.365749999999999886e+02
2.457940000000000111e+02 4.202819999999999823e+02
2.473839999999999861e+02 4.341909999999999741e+02
2.477810000000000059e+02 4.433310000000000173e+02
2.449989999999999952e+02 4.532649999999999864e+02
2.354619999999999891e+02 4.202819999999999823e+02
2.342700000000000102e+02 4.361779999999999973e+02
2.306930000000000121e+02 4.469069999999999823e+02
2.259250000000000114e+02 4.540600000000000023e+02
2.263220000000000027e+02 4.202819999999999823e+02
2.243350000000000080e+02 4.329990000000000236e+02
2.203609999999999900e+02 4.429329999999999927e+02
2.163870000000000005e+02 4.520729999999999791e+02
2.171819999999999879e+02 4.198849999999999909e+02
2.132079999999999984e+02 4.310120000000000005e+02
2.096320000000000050e+02 4.365749999999999886e+02
2.052599999999999909e+02 4.421390000000000100e+02
