2.508810000000000002e+02 2.931449999999999818e+02
2.553489999999999895e+02 2.819769999999999754e+02
2.696449999999999818e+02 2.801899999999999977e+02
2.861739999999999782e+02 2.842099999999999795e+02
3.018109999999999786e+02 2.864440000000000168e+02
2.772389999999999759e+02 3.007400000000000091e+02
2.946630000000000109e+02 3.069950000000000045e+02
3.035980000000000132e+02 2.989529999999999745e+02
3.062780000000000200e+02 2.895710000000000264e+02
2.772389999999999759e+02 3.074409999999999741e+02
2.951089999999999804e+02 3.203969999999999914e+02
3.094049999999999727e+02 3.190570000000000164e+02
3.201270000000000095e+02 3.136960000000000264e+02
2.785799999999999841e+02 3.087819999999999823e+02
2.933220000000000027e+02 3.199499999999999886e+02
3.062780000000000200e+02 3.186100000000000136e+02
3.196809999999999832e+02 3.141429999999999723e+02
2.803670000000000186e+02 3.078879999999999768e+02
2.951089999999999804e+02 3.069950000000000045e+02
3.022570000000000050e+02 3.002930000000000064e+02
3.022570000000000050e+02 2.931449999999999818e+02
