2.743659999999999854e+02 3.566250000000000000e+02
2.839979999999999905e+02 3.618419999999999845e+02
2.956379999999999768e+02 3.650529999999999973e+02
3.032629999999999768e+02 3.690670000000000073e+02
3.088820000000000050e+02 3.714750000000000227e+02
2.920260000000000105e+02 3.618419999999999845e+02
2.992500000000000000e+02 3.682640000000000100e+02
3.032629999999999768e+02 3.778960000000000150e+02
3.064739999999999895e+02 3.851209999999999809e+02
2.811890000000000214e+02 3.610400000000000205e+02
2.908210000000000264e+02 3.678629999999999995e+02
2.944340000000000259e+02 3.754879999999999995e+02
2.972429999999999950e+02 3.811070000000000277e+02
2.715559999999999832e+02 3.622440000000000282e+02
2.779780000000000086e+02 3.666589999999999918e+02
2.811890000000000214e+02 3.714750000000000227e+02
2.843999999999999773e+02 3.742839999999999918e+02
2.651349999999999909e+02 3.650529999999999973e+02
2.619239999999999782e+02 3.694680000000000177e+02
2.639309999999999832e+02 3.726789999999999736e+02
2.647330000000000041e+02 3.686650000000000205e+02
