2.315550000000000068e+02 2.607090000000000032e+02
2.439209999999999923e+02 2.521479999999999961e+02
2.591419999999999959e+02 2.388300000000000125e+02
2.705579999999999927e+02 2.283650000000000091e+02
2.838759999999999764e+02 2.193280000000000030e+02
2.372620000000000005e+02 2.212309999999999945e+02
2.401160000000000139e+02 2.003019999999999925e+02
2.429699999999999989e+02 1.869840000000000089e+02
2.429699999999999989e+02 1.731910000000000025e+02
2.253710000000000093e+02 2.217059999999999889e+02
2.210900000000000034e+02 1.988750000000000000e+02
2.182369999999999948e+02 1.836550000000000011e+02
2.153830000000000098e+02 1.722390000000000043e+02
2.168100000000000023e+02 2.259869999999999948e+02
2.058700000000000045e+02 2.055339999999999918e+02
2.001620000000000061e+02 1.926920000000000073e+02
1.963569999999999993e+02 1.817520000000000095e+02
2.077719999999999914e+02 2.331220000000000141e+02
1.954060000000000059e+02 2.212309999999999945e+02
1.901730000000000018e+02 2.126690000000000111e+02
1.844660000000000082e+02 2.045829999999999984e+02
