2.484350000000000023e+02 3.030880000000000223e+02
2.551160000000000139e+02 2.972429999999999950e+02
2.663890000000000100e+02 2.947370000000000232e+02
2.797509999999999764e+02 2.901440000000000055e+02
2.935299999999999727e+02 2.868039999999999736e+02
2.722350000000000136e+02 3.197909999999999968e+02
2.855969999999999800e+02 3.318999999999999773e+02
2.993759999999999764e+02 3.364929999999999950e+02
3.085620000000000118e+02 3.373279999999999745e+02
2.751580000000000155e+02 3.252189999999999941e+02
2.906070000000000277e+02 3.348220000000000027e+02
3.031340000000000146e+02 3.352400000000000091e+02
3.123199999999999932e+02 3.339870000000000232e+02
2.780810000000000173e+02 3.256360000000000241e+02
2.918600000000000136e+02 3.331519999999999868e+02
3.031340000000000146e+02 3.335699999999999932e+02
3.152429999999999950e+02 3.298120000000000118e+02
2.789159999999999968e+02 3.235480000000000018e+02
2.918600000000000136e+02 3.281419999999999959e+02
2.997939999999999827e+02 3.277239999999999895e+02
3.081449999999999818e+02 3.264710000000000036e+02
