2.500809999999999889e+02 2.898410000000000082e+02
2.646270000000000095e+02 2.818639999999999759e+02
2.805810000000000173e+02 2.715409999999999968e+02
2.951270000000000095e+02 2.663790000000000191e+02
3.101429999999999723e+02 2.659100000000000250e+02
2.669730000000000132e+02 2.499559999999999889e+02
2.721349999999999909e+02 2.288400000000000034e+02
2.758890000000000100e+02 2.147630000000000052e+02
2.763580000000000041e+02 2.025629999999999882e+02
2.571190000000000282e+02 2.508940000000000055e+02
2.547729999999999961e+02 2.269629999999999939e+02
2.552419999999999902e+02 2.110089999999999861e+02
2.538350000000000080e+02 1.983400000000000034e+02
2.486730000000000018e+02 2.541790000000000020e+02
2.453880000000000052e+02 2.330629999999999882e+02
2.430420000000000016e+02 2.185169999999999959e+02
2.421040000000000134e+02 2.063170000000000073e+02
2.411649999999999920e+02 2.612180000000000177e+02
2.336579999999999870e+02 2.466709999999999923e+02
2.299039999999999964e+02 2.363480000000000132e+02
2.261500000000000057e+02 2.279019999999999868e+02
