2.761560000000000059e+02 2.593469999999999800e+02
2.847570000000000050e+02 2.480289999999999964e+02
2.929049999999999727e+02 2.299219999999999970e+02
2.910950000000000273e+02 2.181519999999999868e+02
2.843039999999999736e+02 2.118139999999999930e+02
2.793249999999999886e+02 2.267529999999999859e+02
2.806829999999999927e+02 2.090980000000000132e+02
2.824929999999999950e+02 2.154360000000000070e+02
2.843039999999999736e+02 2.195099999999999909e+02
2.693650000000000091e+02 2.258480000000000132e+02
2.766080000000000041e+02 2.122669999999999959e+02
2.788720000000000141e+02 2.222259999999999991e+02
2.779669999999999845e+02 2.299219999999999970e+02
2.607640000000000100e+02 2.272059999999999889e+02
2.693650000000000091e+02 2.158880000000000052e+02
2.729870000000000232e+02 2.263000000000000114e+02
2.729870000000000232e+02 2.335430000000000064e+02
2.544259999999999877e+02 2.303739999999999952e+02
2.625749999999999886e+02 2.208679999999999950e+02
2.661970000000000027e+02 2.281109999999999900e+02
2.666490000000000009e+02 2.344490000000000123e+02
