2.364420000000000073e+02 4.070889999999999986e+02
2.534859999999999900e+02 4.145710000000000264e+02
2.692830000000000155e+02 4.245480000000000018e+02
2.800910000000000082e+02 4.345249999999999773e+02
2.904839999999999804e+02 4.382669999999999959e+02
2.493290000000000077e+02 4.341089999999999804e+02
2.555639999999999930e+02 4.440860000000000127e+02
2.609689999999999941e+02 4.515690000000000168e+02
2.651259999999999764e+02 4.598829999999999814e+02
2.364420000000000073e+02 4.353570000000000277e+02
2.385209999999999866e+02 4.445020000000000095e+02
2.405989999999999895e+02 4.540629999999999882e+02
2.405989999999999895e+02 4.640400000000000205e+02
2.268810000000000002e+02 4.361879999999999882e+02
2.198139999999999930e+02 4.449180000000000064e+02
2.135780000000000030e+02 4.544789999999999850e+02
2.081740000000000066e+02 4.615459999999999923e+02
2.169039999999999964e+02 4.341089999999999804e+02
2.052640000000000100e+02 4.399289999999999736e+02
1.961189999999999998e+02 4.445020000000000095e+02
1.873890000000000100e+02 4.482429999999999950e+02
