2.420780000000000030e+02 3.977719999999999914e+02
2.557119999999999891e+02 4.017819999999999823e+02
2.669399999999999977e+02 4.077970000000000255e+02
2.681429999999999723e+02 4.198260000000000218e+02
2.705489999999999782e+02 4.302520000000000095e+02
2.517019999999999982e+02 4.182230000000000132e+02
2.484939999999999998e+02 4.298509999999999991e+02
2.484939999999999998e+02 4.394750000000000227e+02
2.452860000000000014e+02 4.474950000000000045e+02
2.392709999999999866e+02 4.174209999999999923e+02
2.360639999999999930e+02 4.290489999999999782e+02
2.332570000000000050e+02 4.398759999999999764e+02
2.296479999999999961e+02 4.490989999999999895e+02
2.296479999999999961e+02 4.154159999999999968e+02
2.268410000000000082e+02 4.266429999999999723e+02
2.228309999999999889e+02 4.366680000000000064e+02
2.200240000000000009e+02 4.458910000000000196e+02
2.196229999999999905e+02 4.142130000000000223e+02
2.132069999999999936e+02 4.258410000000000082e+02
2.091970000000000027e+02 4.310539999999999736e+02
2.051870000000000118e+02 4.362669999999999959e+02
