2.604730000000000132e+02 3.716530000000000200e+02
2.729089999999999918e+02 3.672400000000000091e+02
2.905600000000000023e+02 3.624259999999999877e+02
2.977810000000000059e+02 3.668389999999999986e+02
3.074089999999999918e+02 3.700480000000000018e+02
2.809320000000000164e+02 3.523969999999999914e+02
2.957749999999999773e+02 3.644320000000000164e+02
3.017930000000000064e+02 3.732579999999999814e+02
3.046009999999999991e+02 3.812810000000000059e+02
2.729089999999999918e+02 3.556070000000000277e+02
2.937690000000000055e+02 3.652339999999999804e+02
3.005889999999999986e+02 3.756650000000000205e+02
3.062049999999999841e+02 3.836879999999999882e+02
2.664909999999999854e+02 3.608220000000000027e+02
2.813330000000000268e+02 3.620249999999999773e+02
2.949730000000000132e+02 3.732579999999999814e+02
2.977810000000000059e+02 3.788740000000000236e+02
2.596709999999999923e+02 3.688450000000000273e+02
2.552580000000000098e+02 3.700480000000000018e+02
2.536529999999999916e+02 3.708509999999999991e+02
2.548569999999999993e+02 3.692459999999999809e+02
