2.685140000000000100e+02 2.671290000000000191e+02
2.817699999999999818e+02 2.566159999999999854e+02
2.904549999999999841e+02 2.392460000000000093e+02
2.931970000000000027e+02 2.246179999999999950e+02
2.881689999999999827e+02 2.150190000000000055e+02
2.758279999999999745e+02 2.232470000000000141e+02
2.817699999999999818e+02 2.191330000000000098e+02
2.845129999999999768e+02 2.195900000000000034e+02
2.872549999999999955e+02 2.173050000000000068e+02
2.666859999999999786e+02 2.259900000000000091e+02
2.753709999999999809e+02 2.232470000000000141e+02
2.794839999999999804e+02 2.269039999999999964e+02
2.767420000000000186e+02 2.415310000000000059e+02
2.575439999999999827e+02 2.301040000000000134e+02
2.653140000000000214e+02 2.269039999999999964e+02
2.689710000000000036e+02 2.387889999999999873e+02
2.721709999999999923e+02 2.465589999999999975e+02
2.497729999999999961e+02 2.355889999999999986e+02
2.575439999999999827e+02 2.310180000000000007e+02
2.607429999999999950e+02 2.387889999999999873e+02
2.611999999999999886e+02 2.451879999999999882e+02
