2.608629999999999995e+02 2.412589999999999861e+02
2.523410000000000082e+02 2.278029999999999973e+02
2.492009999999999934e+02 2.107589999999999861e+02
2.554799999999999898e+02 1.955089999999999861e+02
2.617599999999999909e+02 1.825010000000000048e+02
2.640020000000000095e+02 2.017880000000000109e+02
2.711789999999999736e+02 1.802580000000000098e+02
2.752160000000000082e+02 1.681479999999999961e+02
2.792529999999999859e+02 1.596260000000000048e+02
2.743190000000000168e+02 2.053760000000000048e+02
2.810470000000000255e+02 1.825010000000000048e+02
2.841870000000000118e+02 1.685960000000000036e+02
2.886720000000000255e+02 1.578319999999999936e+02
2.823919999999999959e+02 2.107589999999999861e+02
2.891200000000000045e+02 1.896779999999999973e+02
2.909150000000000205e+02 1.757729999999999961e+02
2.931569999999999823e+02 1.650080000000000098e+02
2.882230000000000132e+02 2.152439999999999998e+02
2.936059999999999945e+02 1.986479999999999961e+02
2.962970000000000255e+02 1.896779999999999973e+02
2.971940000000000168e+02 1.820519999999999925e+02
