2.185250000000000057e+02 3.984069999999999823e+02
2.358429999999999893e+02 4.044680000000000177e+02
2.501310000000000002e+02 4.113960000000000150e+02
2.635529999999999973e+02 4.170240000000000009e+02
2.782740000000000009e+02 4.178899999999999864e+02
1.942779999999999916e+02 4.139929999999999950e+02
1.869180000000000064e+02 4.213539999999999850e+02
1.786910000000000025e+02 4.291469999999999914e+02
1.713309999999999889e+02 4.347760000000000105e+02
2.055349999999999966e+02 4.196220000000000141e+02
1.921129999999999995e+02 4.308790000000000191e+02
1.834540000000000077e+02 4.365079999999999814e+02
1.773919999999999959e+02 4.434350000000000023e+02
2.089989999999999952e+02 4.256840000000000259e+02
1.977419999999999902e+02 4.369409999999999741e+02
1.877839999999999918e+02 4.447339999999999804e+02
1.786910000000000025e+02 4.434350000000000023e+02
2.154939999999999998e+02 4.295799999999999841e+02
2.081330000000000098e+02 4.373740000000000236e+02
2.038040000000000020e+02 4.430020000000000095e+02
1.977419999999999902e+02 4.468990000000000009e+02
