2.349190000000000111e+02 4.062330000000000041e+02
2.485929999999999893e+02 4.090489999999999782e+02
2.614630000000000223e+02 4.158860000000000241e+02
2.602570000000000050e+02 4.311689999999999827e+02
2.626700000000000159e+02 4.432350000000000136e+02
2.465819999999999936e+02 4.154839999999999804e+02
2.481910000000000025e+02 4.219189999999999827e+02
2.518110000000000070e+02 4.444420000000000073e+02
2.518110000000000070e+02 4.500720000000000027e+02
2.353209999999999980e+02 4.158860000000000241e+02
2.353209999999999980e+02 4.215169999999999959e+02
2.405490000000000066e+02 4.331800000000000068e+02
2.445709999999999980e+02 4.420280000000000200e+02
2.252659999999999911e+02 4.199080000000000155e+02
2.260699999999999932e+02 4.255389999999999873e+02
2.304939999999999998e+02 4.347889999999999873e+02
2.341140000000000043e+02 4.412239999999999895e+02
2.176239999999999952e+02 4.275500000000000114e+02
2.188309999999999889e+02 4.307669999999999959e+02
2.232549999999999955e+02 4.359959999999999809e+02
2.264730000000000132e+02 4.404200000000000159e+02
