2.478810000000000002e+02 2.342400000000000091e+02
2.604080000000000155e+02 2.275289999999999964e+02
2.738310000000000173e+02 2.194749999999999943e+02
2.876999999999999886e+02 2.163429999999999893e+02
3.015699999999999932e+02 2.158959999999999866e+02
2.635400000000000205e+02 1.962100000000000080e+02
2.733829999999999814e+02 1.827870000000000061e+02
2.850160000000000196e+02 1.805500000000000114e+02
2.917269999999999754e+02 1.809979999999999905e+02
2.590659999999999741e+02 1.953149999999999977e+02
2.733829999999999814e+02 1.809979999999999905e+02
2.872529999999999859e+02 1.805500000000000114e+02
2.984379999999999882e+02 1.832350000000000136e+02
2.590659999999999741e+02 2.011310000000000002e+02
2.729359999999999786e+02 1.850240000000000009e+02
2.863580000000000041e+02 1.832350000000000136e+02
2.944119999999999777e+02 1.836819999999999879e+02
2.617500000000000000e+02 2.082899999999999920e+02
2.702509999999999764e+02 1.944199999999999875e+02
2.800939999999999941e+02 1.886040000000000134e+02
2.876999999999999886e+02 1.868139999999999930e+02
