2.503110000000000070e+02 2.759309999999999832e+02
2.512249999999999943e+02 2.677110000000000127e+02
2.621840000000000259e+02 2.608609999999999900e+02
2.786240000000000236e+02 2.572080000000000268e+02
2.932359999999999900e+02 2.540120000000000005e+02
2.713170000000000073e+02 2.873469999999999800e+02
2.818199999999999932e+02 2.937400000000000091e+02
2.923229999999999791e+02 2.941970000000000027e+02
3.005430000000000064e+02 2.946530000000000200e+02
2.777099999999999795e+02 2.905439999999999827e+02
2.850169999999999959e+02 3.065260000000000105e+02
2.959759999999999991e+02 3.083530000000000086e+02
3.069359999999999786e+02 3.074399999999999977e+02
2.813629999999999995e+02 2.891739999999999782e+02
2.973460000000000036e+02 2.905439999999999827e+02
3.037389999999999759e+02 2.832370000000000232e+02
3.041960000000000264e+02 2.745609999999999786e+02
2.836469999999999914e+02 2.850640000000000214e+02
2.955199999999999818e+02 2.814110000000000014e+02
3.005430000000000064e+02 2.727339999999999804e+02
3.028260000000000218e+02 2.645140000000000100e+02
