2.737520000000000095e+02 2.630149999999999864e+02
2.870459999999999923e+02 2.523799999999999955e+02
3.012269999999999754e+02 2.364259999999999877e+02
3.087599999999999909e+02 2.218029999999999973e+02
3.180670000000000073e+02 2.111670000000000016e+02
2.830579999999999927e+02 2.182570000000000050e+02
2.843870000000000005e+02 1.987589999999999861e+02
2.892620000000000005e+02 1.863509999999999991e+02
2.928070000000000164e+02 1.766020000000000039e+02
2.737520000000000095e+02 2.204730000000000132e+02
2.733090000000000259e+02 1.983160000000000025e+02
2.764110000000000014e+02 1.841349999999999909e+02
2.772970000000000255e+02 1.721699999999999875e+02
2.666619999999999777e+02 2.231320000000000050e+02
2.631159999999999854e+02 2.036339999999999861e+02
2.626730000000000018e+02 1.898959999999999866e+02
2.626730000000000018e+02 1.788170000000000073e+02
2.613439999999999941e+02 2.288930000000000007e+02
2.551399999999999864e+02 2.151550000000000011e+02
2.520380000000000109e+02 2.062920000000000016e+02
2.498220000000000027e+02 1.969859999999999900e+02
