2.115269999999999868e+02 3.927049999999999841e+02
2.271850000000000023e+02 3.973600000000000136e+02
2.424199999999999875e+02 4.062470000000000141e+02
2.563849999999999909e+02 4.151340000000000146e+02
2.716200000000000045e+02 4.202119999999999891e+02
2.390339999999999918e+02 4.100550000000000068e+02
2.517299999999999898e+02 4.151340000000000146e+02
2.593469999999999800e+02 4.176730000000000018e+02
2.601940000000000168e+02 4.172500000000000000e+02
2.271850000000000023e+02 4.125950000000000273e+02
2.394579999999999984e+02 4.261360000000000241e+02
2.483439999999999941e+02 4.346000000000000227e+02
2.555389999999999873e+02 4.417939999999999827e+02
2.153360000000000127e+02 4.130179999999999723e+02
2.254929999999999950e+02 4.278290000000000077e+02
2.309939999999999998e+02 4.401019999999999754e+02
2.343789999999999907e+02 4.460260000000000105e+02
2.051800000000000068e+02 4.142869999999999777e+02
2.106810000000000116e+02 4.265600000000000023e+02
2.136430000000000007e+02 4.346000000000000227e+02
2.178750000000000000e+02 4.443330000000000268e+02
