2.520209999999999866e+02 3.911399999999999864e+02
2.650579999999999927e+02 3.954859999999999900e+02
2.761200000000000045e+02 4.029920000000000186e+02
2.832309999999999945e+02 4.164250000000000114e+02
2.907379999999999995e+02 4.247210000000000036e+02
2.654529999999999745e+02 4.101039999999999850e+02
2.634780000000000086e+02 4.227459999999999809e+02
2.646630000000000109e+02 4.318330000000000268e+02
2.650579999999999927e+02 4.393389999999999986e+02
2.536009999999999991e+02 4.108940000000000055e+02
2.516260000000000048e+02 4.231410000000000196e+02
2.496500000000000057e+02 4.330179999999999723e+02
2.496500000000000057e+02 4.421039999999999850e+02
2.433290000000000077e+02 4.104990000000000236e+02
2.401690000000000111e+02 4.227459999999999809e+02
2.393789999999999907e+02 4.294619999999999891e+02
2.374029999999999916e+02 4.393389999999999986e+02
2.342429999999999950e+02 4.112889999999999873e+02
2.267359999999999900e+02 4.195849999999999795e+02
2.200200000000000102e+02 4.247210000000000036e+02
2.144890000000000043e+02 4.290670000000000073e+02
