2.417719999999999914e+02 3.951170000000000186e+02
2.549989999999999952e+02 4.003279999999999745e+02
2.666229999999999905e+02 4.071419999999999959e+02
2.690280000000000200e+02 4.187660000000000196e+02
2.702309999999999945e+02 4.311909999999999741e+02
2.505900000000000034e+02 4.139560000000000173e+02
2.497889999999999873e+02 4.287860000000000014e+02
2.489869999999999948e+02 4.392080000000000268e+02
2.453799999999999955e+02 4.476250000000000000e+02
2.397680000000000007e+02 4.139560000000000173e+02
2.369619999999999891e+02 4.283849999999999909e+02
2.337560000000000002e+02 4.396089999999999804e+02
2.305490000000000066e+02 4.484270000000000209e+02
2.305490000000000066e+02 4.127529999999999859e+02
2.273420000000000130e+02 4.255799999999999841e+02
2.241359999999999957e+02 4.360009999999999764e+02
2.209290000000000020e+02 4.452200000000000273e+02
2.209290000000000020e+02 4.131539999999999964e+02
2.145159999999999911e+02 4.247780000000000200e+02
2.093050000000000068e+02 4.303899999999999864e+02
2.052969999999999970e+02 4.360009999999999764e+02
