2.501850000000000023e+02 2.499120000000000061e+02
2.629929999999999950e+02 2.380529999999999973e+02
2.686850000000000023e+02 2.200279999999999916e+02
2.663129999999999882e+02 2.043739999999999952e+02
2.639420000000000073e+02 1.901440000000000055e+02
2.591979999999999791e+02 2.076949999999999932e+02
2.582490000000000236e+02 1.882460000000000093e+02
2.577749999999999773e+02 1.754389999999999930e+02
2.563519999999999754e+02 1.635800000000000125e+02
2.516080000000000041e+02 2.081690000000000111e+02
2.506599999999999966e+02 1.877719999999999914e+02
2.511339999999999861e+02 1.735409999999999968e+02
2.497110000000000127e+02 1.616819999999999879e+02
2.435440000000000111e+02 2.110149999999999864e+02
2.440190000000000055e+02 1.906179999999999950e+02
2.444929999999999950e+02 1.778100000000000023e+02
2.435440000000000111e+02 1.659519999999999982e+02
2.345320000000000107e+02 2.157589999999999861e+02
2.354799999999999898e+02 2.001049999999999898e+02
2.364290000000000020e+02 1.891949999999999932e+02
2.369029999999999916e+02 1.797079999999999984e+02
