2.224910000000000139e+02 3.955579999999999927e+02
2.353180000000000121e+02 4.007699999999999818e+02
2.461419999999999959e+02 4.075840000000000032e+02
2.485469999999999970e+02 4.196100000000000136e+02
2.489480000000000075e+02 4.324379999999999882e+02
2.301069999999999993e+02 4.135969999999999800e+02
2.301069999999999993e+02 4.296320000000000050e+02
2.305080000000000098e+02 4.396539999999999964e+02
2.289039999999999964e+02 4.484730000000000132e+02
2.196839999999999975e+02 4.143990000000000009e+02
2.184819999999999993e+02 4.296320000000000050e+02
2.160769999999999982e+02 4.396539999999999964e+02
2.136709999999999923e+02 4.492740000000000009e+02
2.108650000000000091e+02 4.135969999999999800e+02
2.088609999999999900e+02 4.264250000000000114e+02
2.056539999999999964e+02 4.372479999999999905e+02
2.024470000000000027e+02 4.480720000000000027e+02
2.020459999999999923e+02 4.131960000000000264e+02
1.972359999999999900e+02 4.248220000000000027e+02
1.936279999999999859e+02 4.320369999999999777e+02
1.904209999999999923e+02 4.392529999999999859e+02
