2.504879999999999995e+02 2.903840000000000146e+02
2.579220000000000255e+02 2.763899999999999864e+02
2.745409999999999968e+02 2.615210000000000150e+02
2.850369999999999777e+02 2.510250000000000057e+02
2.911589999999999918e+02 2.396539999999999964e+02
2.631700000000000159e+02 2.702669999999999959e+02
2.671059999999999945e+02 2.693919999999999959e+02
2.649200000000000159e+02 2.689549999999999841e+02
2.666689999999999827e+02 2.702669999999999959e+02
2.622959999999999923e+02 2.816379999999999768e+02
2.679809999999999945e+02 2.825120000000000005e+02
2.688550000000000182e+02 2.833870000000000005e+02
2.675439999999999827e+02 2.860110000000000241e+02
2.627330000000000041e+02 2.916960000000000264e+02
2.679809999999999945e+02 2.930079999999999814e+02
2.684180000000000064e+02 2.934449999999999932e+02
2.675439999999999827e+02 2.938829999999999814e+02
2.644820000000000277e+02 3.004429999999999836e+02
2.692930000000000064e+02 3.030670000000000073e+02
2.688550000000000182e+02 3.030670000000000073e+02
2.679809999999999945e+02 3.026290000000000191e+02
