2.523199999999999932e+02 2.262949999999999875e+02
2.636929999999999836e+02 2.223580000000000041e+02
2.798790000000000191e+02 2.122969999999999970e+02
2.938770000000000095e+02 2.087969999999999970e+02
3.074370000000000118e+02 2.083600000000000136e+02
2.667549999999999955e+02 1.891119999999999948e+02
2.741920000000000073e+02 1.707400000000000091e+02
2.873149999999999977e+02 1.663650000000000091e+02
2.956259999999999764e+02 1.668029999999999973e+02
2.628190000000000168e+02 1.878000000000000114e+02
2.768170000000000073e+02 1.698650000000000091e+02
2.903770000000000095e+02 1.672400000000000091e+02
2.991259999999999764e+02 1.672400000000000091e+02
2.623809999999999718e+02 1.899869999999999948e+02
2.755040000000000191e+02 1.716150000000000091e+02
2.881899999999999977e+02 1.681150000000000091e+02
2.982509999999999764e+02 1.698650000000000091e+02
2.636929999999999836e+02 1.943619999999999948e+02
2.715670000000000073e+02 1.803629999999999995e+02
2.803159999999999741e+02 1.742390000000000043e+02
2.881899999999999977e+02 1.711769999999999925e+02
