2.360300000000000011e+02 3.979220000000000255e+02
2.485740000000000123e+02 4.010579999999999927e+02
2.599420000000000073e+02 4.073299999999999841e+02
2.611179999999999950e+02 4.186979999999999791e+02
2.638620000000000232e+02 4.312420000000000186e+02
2.391659999999999968e+02 4.163460000000000036e+02
2.403420000000000130e+02 4.304580000000000268e+02
2.383820000000000050e+02 4.410419999999999732e+02
2.328940000000000055e+02 4.477060000000000173e+02
2.289739999999999895e+02 4.159540000000000077e+02
2.270140000000000100e+02 4.288899999999999864e+02
2.230939999999999941e+02 4.406499999999999773e+02
2.176059999999999945e+02 4.480980000000000132e+02
2.203499999999999943e+02 4.143860000000000241e+02
2.172139999999999986e+02 4.265380000000000109e+02
2.144699999999999989e+02 4.371220000000000141e+02
2.097659999999999911e+02 4.445699999999999932e+02
2.117259999999999991e+02 4.139940000000000282e+02
2.054540000000000077e+02 4.253620000000000232e+02
2.011419999999999959e+02 4.312420000000000186e+02
1.968300000000000125e+02 4.355539999999999736e+02
