2.175579999999999927e+02 3.934039999999999964e+02
2.302520000000000095e+02 3.967900000000000205e+02
2.416769999999999925e+02 4.035600000000000023e+02
2.476009999999999991e+02 4.171000000000000227e+02
2.547940000000000111e+02 4.268330000000000268e+02
2.319439999999999884e+02 4.128690000000000282e+02
2.310980000000000132e+02 4.276789999999999736e+02
2.281359999999999957e+02 4.374110000000000014e+02
2.251740000000000066e+02 4.446039999999999850e+02
2.213660000000000139e+02 4.132919999999999732e+02
2.184039999999999964e+02 4.272559999999999718e+02
2.167110000000000127e+02 4.374110000000000014e+02
2.145960000000000036e+02 4.471429999999999723e+02
2.112110000000000127e+02 4.115989999999999895e+02
2.082489999999999952e+02 4.247169999999999845e+02
2.078249999999999886e+02 4.348720000000000141e+02
2.065560000000000116e+02 4.441809999999999832e+02
2.031709999999999923e+02 4.103299999999999841e+02
2.002090000000000032e+02 4.221779999999999973e+02
1.976699999999999875e+02 4.293709999999999809e+02
1.972470000000000141e+02 4.365649999999999977e+02
