2.163309999999999889e+02 3.904080000000000155e+02
2.287230000000000132e+02 3.963899999999999864e+02
2.415420000000000016e+02 4.036539999999999964e+02
2.458149999999999977e+02 4.173279999999999745e+02
2.552160000000000082e+02 4.271560000000000059e+02
2.308590000000000089e+02 4.130550000000000068e+02
2.308590000000000089e+02 4.284379999999999882e+02
2.282949999999999875e+02 4.378389999999999986e+02
2.248770000000000095e+02 4.446759999999999877e+02
2.210310000000000059e+02 4.134820000000000277e+02
2.184670000000000130e+02 4.275840000000000032e+02
2.171850000000000023e+02 4.378389999999999986e+02
2.146210000000000093e+02 4.476669999999999732e+02
2.112030000000000030e+02 4.113460000000000036e+02
2.082119999999999891e+02 4.250199999999999818e+02
2.082119999999999891e+02 4.348480000000000132e+02
2.069300000000000068e+02 4.442490000000000236e+02
2.013750000000000000e+02 4.100640000000000214e+02
1.996659999999999968e+02 4.207470000000000141e+02
1.979559999999999889e+02 4.280110000000000241e+02
1.971020000000000039e+02 4.361299999999999955e+02
