2.478470000000000084e+02 2.359540000000000077e+02
2.601940000000000168e+02 2.286380000000000052e+02
2.739130000000000109e+02 2.190349999999999966e+02
2.880889999999999986e+02 2.149190000000000111e+02
3.018079999999999927e+02 2.144619999999999891e+02
2.615659999999999741e+02 1.957129999999999939e+02
2.725409999999999968e+02 1.824509999999999934e+02
2.844309999999999832e+02 1.806220000000000141e+02
2.922040000000000077e+02 1.810790000000000077e+02
2.588220000000000027e+02 1.961699999999999875e+02
2.729979999999999905e+02 1.810790000000000077e+02
2.871739999999999782e+02 1.810790000000000077e+02
2.981490000000000009e+02 1.815370000000000061e+02
2.588220000000000027e+02 2.007429999999999950e+02
2.734560000000000173e+02 1.851949999999999932e+02
2.858020000000000209e+02 1.819939999999999998e+02
2.954060000000000059e+02 1.842810000000000059e+02
2.615659999999999741e+02 2.076020000000000039e+02
2.697970000000000255e+02 1.947980000000000018e+02
2.789429999999999836e+02 1.888530000000000086e+02
2.867169999999999845e+02 1.856519999999999868e+02
