2.429459999999999980e+02 2.511040000000000134e+02
2.566899999999999977e+02 2.402040000000000077e+02
2.737509999999999764e+02 2.259859999999999900e+02
2.860729999999999791e+02 2.174550000000000125e+02
2.998170000000000073e+02 2.108199999999999932e+02
2.514770000000000039e+02 2.089250000000000114e+02
2.557419999999999902e+02 1.885459999999999923e+02
2.595330000000000155e+02 1.757500000000000000e+02
2.623770000000000095e+02 1.624799999999999898e+02
2.396289999999999907e+02 2.098720000000000141e+02
2.325200000000000102e+02 1.871239999999999952e+02
2.282539999999999907e+02 1.719579999999999984e+02
2.239890000000000043e+02 1.605840000000000032e+02
2.292019999999999982e+02 2.141380000000000052e+02
2.178280000000000030e+02 1.956550000000000011e+02
2.097709999999999866e+02 1.838069999999999879e+02
2.050320000000000107e+02 1.743280000000000030e+02
2.216189999999999998e+02 2.217210000000000036e+02
2.083499999999999943e+02 2.136639999999999873e+02
1.993449999999999989e+02 2.079770000000000039e+02
1.912880000000000109e+02 2.022899999999999920e+02
