2.611619999999999777e+02 2.408269999999999982e+02
2.524639999999999986e+02 2.275500000000000114e+02
2.465120000000000005e+02 2.101539999999999964e+02
2.478859999999999957e+02 1.927580000000000098e+02
2.469699999999999989e+02 1.785660000000000025e+02
2.648240000000000123e+02 2.000829999999999984e+02
2.716909999999999741e+02 1.799399999999999977e+02
2.753530000000000086e+02 1.671220000000000141e+02
2.794730000000000132e+02 1.575080000000000098e+02
2.753530000000000086e+02 2.042030000000000030e+02
2.835939999999999941e+02 1.822290000000000134e+02
2.877139999999999986e+02 1.698679999999999950e+02
2.913759999999999764e+02 1.579660000000000082e+02
2.831360000000000241e+02 2.101539999999999964e+02
2.913759999999999764e+02 1.895540000000000020e+02
2.954959999999999809e+02 1.771930000000000121e+02
2.977850000000000250e+02 1.662059999999999889e+02
2.900029999999999859e+02 2.147319999999999993e+02
2.973269999999999982e+02 1.977940000000000111e+02
3.009900000000000091e+02 1.890960000000000036e+02
3.019049999999999727e+02 1.817709999999999866e+02
