2.223079999999999927e+02 3.985729999999999791e+02
2.380219999999999914e+02 4.056019999999999754e+02
2.529079999999999870e+02 4.122180000000000177e+02
2.682080000000000268e+02 4.192479999999999905e+02
2.826800000000000068e+02 4.204879999999999995e+02
2.264430000000000121e+02 4.217289999999999850e+02
2.301649999999999920e+02 4.283450000000000273e+02
2.351270000000000095e+02 4.349610000000000127e+02
2.376080000000000041e+02 4.432309999999999945e+02
2.161059999999999945e+02 4.209019999999999868e+02
2.099029999999999916e+02 4.299990000000000236e+02
2.028739999999999952e+02 4.403369999999999891e+02
1.966709999999999923e+02 4.473659999999999854e+02
2.037009999999999934e+02 4.204879999999999995e+02
1.995660000000000025e+02 4.287579999999999814e+02
1.950169999999999959e+02 4.374420000000000073e+02
1.896409999999999911e+02 4.457119999999999891e+02
1.958439999999999941e+02 4.171800000000000068e+02
1.871599999999999966e+02 4.266909999999999741e+02
1.830250000000000057e+02 4.312389999999999759e+02
1.772359999999999900e+02 4.370289999999999964e+02
