2.413669999999999902e+02 4.132339999999999804e+02
2.552729999999999961e+02 4.173249999999999886e+02
2.675430000000000064e+02 4.234599999999999795e+02
2.712239999999999895e+02 4.373659999999999854e+02
2.749049999999999727e+02 4.496360000000000241e+02
2.495469999999999970e+02 4.349119999999999777e+02
2.487290000000000134e+02 4.492269999999999754e+02
2.483199999999999932e+02 4.598620000000000232e+02
2.438209999999999980e+02 4.692690000000000055e+02
2.380939999999999941e+02 4.332760000000000105e+02
2.352309999999999945e+02 4.484089999999999918e+02
2.323679999999999950e+02 4.602710000000000150e+02
2.262330000000000041e+02 4.696779999999999973e+02
2.286870000000000118e+02 4.308220000000000027e+02
2.258240000000000123e+02 4.451370000000000005e+02
2.241879999999999882e+02 4.561800000000000068e+02
2.184619999999999891e+02 4.659970000000000141e+02
2.184619999999999891e+02 4.304130000000000109e+02
2.155989999999999895e+02 4.426829999999999927e+02
2.123269999999999982e+02 4.496360000000000241e+02
2.090550000000000068e+02 4.561800000000000068e+02
