2.390190000000000055e+02 4.011909999999999741e+02
2.525380000000000109e+02 4.071549999999999727e+02
2.648639999999999759e+02 4.139150000000000205e+02
2.668519999999999754e+02 4.238550000000000182e+02
2.672500000000000000e+02 4.369759999999999991e+02
2.481639999999999873e+02 4.242529999999999859e+02
2.477669999999999959e+02 4.365790000000000077e+02
2.473689999999999998e+02 4.461209999999999809e+02
2.441879999999999882e+02 4.532780000000000200e+02
2.362359999999999900e+02 4.226619999999999777e+02
2.338499999999999943e+02 4.361809999999999832e+02
2.310670000000000073e+02 4.469169999999999732e+02
2.258979999999999961e+02 4.540740000000000123e+02
2.262959999999999923e+02 4.210720000000000027e+02
2.239099999999999966e+02 4.333980000000000246e+02
2.211270000000000095e+02 4.429399999999999977e+02
2.167529999999999859e+02 4.520849999999999795e+02
2.167529999999999859e+02 4.202760000000000105e+02
2.131740000000000066e+02 4.310120000000000005e+02
2.095960000000000036e+02 4.365790000000000077e+02
2.052220000000000084e+02 4.425430000000000064e+02
