2.233360000000000127e+02 3.971510000000000105e+02
2.358350000000000080e+02 4.003759999999999764e+02
2.463180000000000121e+02 4.064239999999999782e+02
2.483340000000000032e+02 4.177139999999999986e+02
2.467210000000000036e+02 4.318249999999999886e+02
2.289799999999999898e+02 4.116659999999999968e+02
2.297870000000000061e+02 4.273899999999999864e+02
2.297870000000000061e+02 4.378729999999999905e+02
2.269639999999999986e+02 4.483559999999999945e+02
2.168849999999999909e+02 4.120690000000000168e+02
2.180939999999999941e+02 4.277930000000000064e+02
2.168849999999999909e+02 4.374700000000000273e+02
2.148689999999999998e+02 4.479529999999999745e+02
2.076109999999999900e+02 4.116659999999999968e+02
2.084180000000000064e+02 4.245679999999999836e+02
2.064019999999999868e+02 4.358570000000000277e+02
2.035790000000000077e+02 4.467429999999999950e+02
1.983379999999999939e+02 4.140849999999999795e+02
1.971279999999999859e+02 4.261809999999999832e+02
1.943060000000000116e+02 4.318249999999999886e+02
1.914840000000000089e+02 4.378729999999999905e+02
