2.448990000000000009e+02 3.958369999999999891e+02
2.573059999999999832e+02 4.006390000000000100e+02
2.689130000000000109e+02 4.070430000000000064e+02
2.701139999999999759e+02 4.170489999999999782e+02
2.741159999999999854e+02 4.274560000000000173e+02
2.537040000000000077e+02 4.122459999999999809e+02
2.529039999999999964e+02 4.266549999999999727e+02
2.513029999999999973e+02 4.366610000000000014e+02
2.477009999999999934e+02 4.458670000000000186e+02
2.432980000000000018e+02 4.114460000000000264e+02
2.404960000000000093e+02 4.242540000000000191e+02
2.388950000000000102e+02 4.334590000000000032e+02
2.368940000000000055e+02 4.434649999999999750e+02
2.324910000000000139e+02 4.118460000000000036e+02
2.304900000000000091e+02 4.230529999999999973e+02
2.276879999999999882e+02 4.322579999999999814e+02
2.248870000000000005e+02 4.422640000000000100e+02
2.220850000000000080e+02 4.130470000000000255e+02
2.180829999999999984e+02 4.226530000000000200e+02
2.136800000000000068e+02 4.278559999999999945e+02
2.092769999999999868e+02 4.326589999999999918e+02
