2.453509999999999991e+02 3.956460000000000150e+02
2.579789999999999850e+02 4.007760000000000105e+02
2.694220000000000255e+02 4.074839999999999804e+02
2.717900000000000205e+02 4.185330000000000155e+02
2.757359999999999900e+02 4.295819999999999936e+02
2.540329999999999870e+02 4.130090000000000146e+02
2.536380000000000052e+02 4.299769999999999754e+02
2.512700000000000102e+02 4.402359999999999900e+02
2.477189999999999941e+02 4.469449999999999932e+02
2.418000000000000114e+02 4.134030000000000200e+02
2.414050000000000011e+02 4.283980000000000246e+02
2.386430000000000007e+02 4.390529999999999973e+02
2.362750000000000057e+02 4.469449999999999932e+02
2.319350000000000023e+02 4.130090000000000146e+02
2.307510000000000048e+02 4.260310000000000059e+02
2.279890000000000043e+02 4.358960000000000150e+02
2.260159999999999911e+02 4.449719999999999800e+02
2.220699999999999932e+02 4.130090000000000146e+02
2.181229999999999905e+02 4.244519999999999982e+02
2.133880000000000052e+02 4.307660000000000196e+02
2.098369999999999891e+02 4.358960000000000150e+02
