2.695129999999999768e+02 2.578919999999999959e+02
2.631759999999999877e+02 2.434070000000000107e+02
2.586499999999999773e+02 2.230370000000000061e+02
2.645339999999999918e+02 2.067410000000000139e+02
2.686080000000000041e+02 1.940670000000000073e+02
2.581970000000000027e+02 2.212259999999999991e+02
2.735869999999999891e+02 2.053830000000000098e+02
2.753980000000000246e+02 2.085519999999999925e+02
2.744929999999999950e+02 2.135310000000000059e+02
2.667980000000000018e+02 2.271109999999999900e+02
2.817350000000000136e+02 2.108149999999999977e+02
2.830930000000000177e+02 2.176049999999999898e+02
2.790190000000000055e+02 2.221320000000000050e+02
2.753980000000000246e+02 2.339010000000000105e+02
2.885249999999999773e+02 2.180579999999999927e+02
2.880720000000000027e+02 2.248480000000000132e+02
2.839979999999999905e+02 2.293739999999999952e+02
2.844510000000000218e+02 2.393329999999999984e+02
2.921460000000000150e+02 2.271109999999999900e+02
2.907880000000000109e+02 2.325430000000000064e+02
2.880720000000000027e+02 2.370689999999999884e+02
