2.489050000000000011e+02 3.023389999999999986e+02
2.594479999999999791e+02 3.011229999999999905e+02
2.736410000000000196e+02 3.047719999999999914e+02
2.886449999999999818e+02 3.088269999999999982e+02
3.012149999999999750e+02 3.051779999999999973e+02
2.671530000000000200e+02 3.278860000000000241e+02
2.866170000000000186e+02 3.242359999999999900e+02
2.995930000000000177e+02 3.181539999999999964e+02
3.113530000000000086e+02 3.169370000000000118e+02
2.671530000000000200e+02 3.315350000000000250e+02
2.866170000000000186e+02 3.254529999999999745e+02
2.979710000000000036e+02 3.181539999999999964e+02
3.117579999999999814e+02 3.161259999999999764e+02
2.659359999999999786e+02 3.299130000000000109e+02
2.821569999999999823e+02 3.266689999999999827e+02
2.931050000000000182e+02 3.177479999999999905e+02
3.040539999999999736e+02 3.145040000000000191e+02
2.663419999999999845e+02 3.254529999999999745e+02
2.789130000000000109e+02 3.238310000000000173e+02
2.886449999999999818e+02 3.177479999999999905e+02
2.854010000000000105e+02 3.132880000000000109e+02
