2.657259999999999991e+02 2.589019999999999868e+02
2.776499999999999773e+02 2.511059999999999945e+02
2.909490000000000123e+02 2.368890000000000100e+02
3.028729999999999905e+02 2.272589999999999861e+02
3.170889999999999986e+02 2.258830000000000098e+02
2.748980000000000246e+02 2.153350000000000080e+02
2.909490000000000123e+02 2.135010000000000048e+02
3.047069999999999936e+02 2.212969999999999970e+02
2.982869999999999777e+02 2.112079999999999984e+02
2.716879999999999882e+02 2.167110000000000127e+02
2.923249999999999886e+02 2.139590000000000032e+02
2.959940000000000282e+02 2.148760000000000048e+02
3.198410000000000082e+02 2.153350000000000080e+02
2.707710000000000150e+02 2.217549999999999955e+02
2.895729999999999791e+02 2.180869999999999891e+02
2.946179999999999950e+02 2.180869999999999891e+02
2.909490000000000123e+02 2.217549999999999955e+02
2.739809999999999945e+02 2.281759999999999877e+02
2.877389999999999759e+02 2.222139999999999986e+02
2.909490000000000123e+02 2.222139999999999986e+02
2.881979999999999791e+02 2.254240000000000066e+02
