2.497779999999999916e+02 2.803340000000000032e+02
2.611150000000000091e+02 2.652189999999999941e+02
2.686720000000000255e+02 2.472690000000000055e+02
2.719789999999999850e+02 2.359329999999999927e+02
2.752850000000000250e+02 2.264859999999999900e+02
2.493060000000000116e+02 2.302640000000000100e+02
2.464720000000000084e+02 2.104259999999999877e+02
2.488340000000000032e+02 1.976719999999999970e+02
2.502510000000000048e+02 1.882249999999999943e+02
2.426930000000000121e+02 2.340430000000000064e+02
2.337179999999999893e+02 2.142040000000000077e+02
2.341910000000000025e+02 1.986169999999999902e+02
2.337179999999999893e+02 1.858629999999999995e+02
2.384420000000000073e+02 2.387669999999999959e+02
2.304120000000000061e+02 2.198729999999999905e+02
2.332460000000000093e+02 2.099530000000000030e+02
2.379699999999999989e+02 2.042849999999999966e+02
2.346630000000000109e+02 2.458520000000000039e+02
2.327740000000000009e+02 2.316819999999999879e+02
2.341910000000000025e+02 2.241239999999999952e+02
2.412760000000000105e+02 2.179830000000000041e+02
