2.688500000000000227e+02 2.622259999999999991e+02
2.775489999999999782e+02 2.503220000000000027e+02
2.839590000000000032e+02 2.342969999999999970e+02
2.857900000000000205e+02 2.168990000000000009e+02
2.917420000000000186e+02 2.049950000000000045e+02
2.661019999999999754e+02 2.210200000000000102e+02
2.688500000000000227e+02 2.059110000000000014e+02
2.743439999999999941e+02 1.985850000000000080e+02
2.807540000000000191e+02 1.940070000000000050e+02
2.592350000000000136e+02 2.246829999999999927e+02
2.615240000000000009e+02 2.081999999999999886e+02
2.697649999999999864e+02 2.004170000000000016e+02
2.784639999999999986e+02 1.962959999999999923e+02
2.541980000000000075e+02 2.297189999999999941e+02
2.546560000000000059e+02 2.123209999999999980e+02
2.619820000000000277e+02 2.059110000000000014e+02
2.665600000000000023e+02 2.004170000000000016e+02
2.482460000000000093e+02 2.361289999999999907e+02
2.487040000000000077e+02 2.223930000000000007e+02
2.541980000000000075e+02 2.173569999999999993e+02
2.624399999999999977e+02 2.136939999999999884e+02
