2.220689999999999884e+02 3.959130000000000109e+02
2.352179999999999893e+02 4.018899999999999864e+02
2.447800000000000011e+02 4.134449999999999932e+02
2.392019999999999982e+02 4.230079999999999814e+02
2.352179999999999893e+02 4.341650000000000205e+02
2.244590000000000032e+02 4.154370000000000118e+02
2.212719999999999914e+02 4.305790000000000077e+02
2.160920000000000130e+02 4.401419999999999959e+02
2.093180000000000121e+02 4.473140000000000214e+02
2.129039999999999964e+02 4.150389999999999873e+02
2.097170000000000130e+02 4.297819999999999823e+02
2.033410000000000082e+02 4.401419999999999959e+02
1.969660000000000082e+02 4.473140000000000214e+02
2.033410000000000082e+02 4.142420000000000186e+02
1.997549999999999955e+02 4.269929999999999950e+02
1.957709999999999866e+02 4.369540000000000077e+02
1.901920000000000073e+02 4.449230000000000018e+02
1.953720000000000141e+02 4.134449999999999932e+02
1.901920000000000073e+02 4.253990000000000009e+02
1.858089999999999975e+02 4.317740000000000009e+02
1.814259999999999877e+02 4.369540000000000077e+02
