2.419000000000000057e+02 4.115419999999999732e+02
2.574340000000000259e+02 4.175169999999999959e+02
2.701789999999999736e+02 4.274739999999999895e+02
2.709759999999999991e+02 4.394230000000000018e+02
2.761539999999999964e+02 4.497789999999999964e+02
2.506630000000000109e+02 4.322540000000000191e+02
2.486709999999999923e+02 4.489820000000000277e+02
2.478750000000000000e+02 4.597359999999999900e+02
2.446879999999999882e+02 4.692959999999999923e+02
2.363240000000000123e+02 4.318550000000000182e+02
2.351289999999999907e+02 4.465930000000000177e+02
2.319430000000000121e+02 4.601349999999999909e+02
2.267649999999999864e+02 4.712869999999999777e+02
2.267649999999999864e+02 4.306610000000000014e+02
2.243750000000000000e+02 4.438039999999999736e+02
2.231800000000000068e+02 4.561519999999999868e+02
2.187990000000000066e+02 4.657110000000000127e+02
2.164089999999999918e+02 4.302620000000000005e+02
2.144180000000000064e+02 4.430079999999999814e+02
2.120279999999999916e+02 4.497789999999999964e+02
2.088420000000000130e+02 4.565500000000000114e+02
