2.743799999999999955e+02 2.820319999999999823e+02
2.845740000000000123e+02 2.709529999999999745e+02
2.934379999999999882e+02 2.501220000000000141e+02
3.014150000000000205e+02 2.368259999999999934e+02
3.089499999999999886e+02 2.248600000000000136e+02
2.859030000000000200e+02 2.408149999999999977e+02
2.792549999999999955e+02 2.208710000000000093e+02
2.903349999999999795e+02 2.186550000000000011e+02
2.969830000000000041e+02 2.199850000000000136e+02
2.792549999999999955e+02 2.421450000000000102e+02
2.752660000000000196e+02 2.208710000000000093e+02
2.890059999999999718e+02 2.208710000000000093e+02
2.978700000000000045e+02 2.195409999999999968e+02
2.757099999999999795e+02 2.465769999999999982e+02
2.699479999999999791e+02 2.279619999999999891e+02
2.828009999999999877e+02 2.270759999999999934e+02
2.925509999999999877e+02 2.323940000000000055e+02
2.734940000000000282e+02 2.532249999999999943e+02
2.681750000000000114e+02 2.394850000000000136e+02
2.779259999999999877e+02 2.381560000000000059e+02
2.863460000000000036e+02 2.425879999999999939e+02
