2.119480000000000075e+02 3.922029999999999745e+02
2.285180000000000007e+02 3.981519999999999868e+02
2.429639999999999986e+02 4.070740000000000123e+02
2.565600000000000023e+02 4.155710000000000264e+02
2.714309999999999832e+02 4.193949999999999818e+02
2.395649999999999977e+02 4.104730000000000132e+02
2.506119999999999948e+02 4.155710000000000264e+02
2.586840000000000259e+02 4.172710000000000150e+02
2.591089999999999804e+02 4.155710000000000264e+02
2.272439999999999998e+02 4.125969999999999800e+02
2.391399999999999864e+02 4.253439999999999941e+02
2.484869999999999948e+02 4.342660000000000196e+02
2.552849999999999966e+02 4.423389999999999986e+02
2.161970000000000027e+02 4.125969999999999800e+02
2.255440000000000111e+02 4.291669999999999732e+02
2.297930000000000064e+02 4.389399999999999977e+02
2.340420000000000016e+02 4.461619999999999777e+02
2.068499999999999943e+02 4.151469999999999914e+02
2.106740000000000066e+02 4.261929999999999836e+02
2.127980000000000018e+02 4.338410000000000082e+02
2.174720000000000084e+02 4.436129999999999995e+02
