2.171779999999999973e+02 3.916800000000000068e+02
2.295730000000000075e+02 3.955260000000000105e+02
2.415389999999999873e+02 4.036469999999999914e+02
2.462410000000000139e+02 4.181779999999999973e+02
2.552160000000000082e+02 4.271530000000000200e+02
2.317090000000000032e+02 4.147590000000000146e+02
2.304269999999999925e+02 4.292900000000000205e+02
2.282899999999999920e+02 4.391200000000000045e+02
2.252990000000000066e+02 4.455310000000000059e+02
2.210250000000000057e+02 4.151859999999999786e+02
2.184600000000000080e+02 4.275799999999999841e+02
2.176059999999999945e+02 4.378380000000000223e+02
2.150409999999999968e+02 4.463849999999999909e+02
2.111949999999999932e+02 4.130489999999999782e+02
2.086310000000000002e+02 4.254440000000000168e+02
2.077760000000000105e+02 4.352730000000000246e+02
2.069209999999999923e+02 4.442490000000000236e+02
2.013650000000000091e+02 4.117669999999999959e+02
1.992280000000000086e+02 4.224519999999999982e+02
1.975190000000000055e+02 4.292900000000000205e+02
1.966639999999999873e+02 4.365559999999999832e+02
