2.229699999999999989e+02 3.990600000000000023e+02
2.354300000000000068e+02 4.018729999999999905e+02
2.462820000000000107e+02 4.083039999999999736e+02
2.490960000000000036e+02 4.195590000000000259e+02
2.486939999999999884e+02 4.332239999999999895e+02
2.298029999999999973e+02 4.139309999999999832e+02
2.298029999999999973e+02 4.296070000000000277e+02
2.298029999999999973e+02 4.392540000000000191e+02
2.277930000000000064e+02 4.480960000000000036e+02
2.177439999999999998e+02 4.143330000000000268e+02
2.177439999999999998e+02 4.304110000000000014e+02
2.165389999999999873e+02 4.400570000000000164e+02
2.141270000000000095e+02 4.497040000000000077e+02
2.097059999999999889e+02 4.151370000000000005e+02
2.089019999999999868e+02 4.275969999999999800e+02
2.064900000000000091e+02 4.376460000000000150e+02
2.028729999999999905e+02 4.472919999999999732e+02
2.004610000000000127e+02 4.155389999999999873e+02
1.972450000000000045e+02 4.267930000000000064e+02
1.936279999999999859e+02 4.324209999999999923e+02
1.908139999999999930e+02 4.384499999999999886e+02
