2.645049999999999955e+02 2.703799999999999955e+02
2.747219999999999800e+02 2.578410000000000082e+02
2.802950000000000159e+02 2.378710000000000093e+02
2.821519999999999868e+02 2.234749999999999943e+02
2.867959999999999923e+02 2.104720000000000084e+02
2.710059999999999718e+02 2.285829999999999984e+02
2.723999999999999773e+02 2.137220000000000084e+02
2.775079999999999814e+02 2.206879999999999882e+02
2.793659999999999854e+02 2.253319999999999936e+02
2.617180000000000177e+02 2.318340000000000032e+02
2.645049999999999955e+02 2.141870000000000118e+02
2.714710000000000036e+02 2.262609999999999957e+02
2.742570000000000050e+02 2.341560000000000059e+02
2.524300000000000068e+02 2.346210000000000093e+02
2.547520000000000095e+02 2.179019999999999868e+02
2.631120000000000232e+02 2.304410000000000025e+02
2.682200000000000273e+02 2.388000000000000114e+02
2.450000000000000000e+02 2.392649999999999864e+02
2.487150000000000034e+02 2.285829999999999984e+02
2.561460000000000150e+02 2.346210000000000093e+02
2.621829999999999927e+02 2.429799999999999898e+02
