2.644859999999999900e+02 2.611899999999999977e+02
2.567239999999999895e+02 2.493189999999999884e+02
2.439399999999999977e+02 2.356210000000000093e+02
2.498750000000000000e+02 2.223799999999999955e+02
2.567239999999999895e+02 2.109660000000000082e+02
2.530709999999999980e+02 2.379039999999999964e+02
2.640289999999999964e+02 2.164449999999999932e+02
2.635729999999999791e+02 2.155320000000000107e+02
2.644859999999999900e+02 2.178139999999999930e+02
2.640289999999999964e+02 2.424699999999999989e+02
2.717909999999999968e+02 2.191839999999999975e+02
2.717909999999999968e+02 2.210109999999999957e+02
2.690520000000000209e+02 2.269459999999999980e+02
2.736170000000000186e+02 2.465790000000000077e+02
2.809230000000000018e+02 2.251200000000000045e+02
2.790960000000000036e+02 2.278590000000000089e+02
2.758999999999999773e+02 2.342510000000000048e+02
2.827490000000000236e+02 2.497750000000000057e+02
2.864019999999999868e+02 2.347079999999999984e+02
2.859449999999999932e+02 2.333379999999999939e+02
2.832060000000000173e+02 2.374470000000000027e+02
