2.386279999999999859e+02 4.008260000000000218e+02
2.525209999999999866e+02 4.075740000000000123e+02
2.648249999999999886e+02 4.143220000000000027e+02
2.668100000000000023e+02 4.238480000000000132e+02
2.676039999999999850e+02 4.365500000000000114e+02
2.477580000000000098e+02 4.250389999999999873e+02
2.481539999999999964e+02 4.365500000000000114e+02
2.477580000000000098e+02 4.460760000000000218e+02
2.445819999999999936e+02 4.536170000000000186e+02
2.362470000000000141e+02 4.214660000000000082e+02
2.342620000000000005e+02 4.365500000000000114e+02
2.302930000000000064e+02 4.476639999999999873e+02
2.259269999999999925e+02 4.544110000000000014e+02
2.263230000000000075e+02 4.198790000000000191e+02
2.243389999999999986e+02 4.333740000000000236e+02
2.207669999999999959e+02 4.428999999999999773e+02
2.164000000000000057e+02 4.520299999999999727e+02
2.164000000000000057e+02 4.202760000000000105e+02
2.128280000000000030e+02 4.313899999999999864e+02
2.092560000000000002e+02 4.369470000000000027e+02
2.048890000000000100e+02 4.425040000000000191e+02
