2.445180000000000007e+02 3.943299999999999841e+02
2.572909999999999968e+02 3.995190000000000055e+02
2.676689999999999827e+02 4.051070000000000277e+02
2.724590000000000032e+02 4.170819999999999936e+02
2.760520000000000209e+02 4.302540000000000191e+02
2.513040000000000020e+02 4.126909999999999741e+02
2.536990000000000123e+02 4.298550000000000182e+02
2.513040000000000020e+02 4.406329999999999814e+02
2.477110000000000127e+02 4.470190000000000055e+02
2.409259999999999877e+02 4.122919999999999732e+02
2.413249999999999886e+02 4.282590000000000146e+02
2.385310000000000059e+02 4.386370000000000005e+02
2.357369999999999948e+02 4.474180000000000064e+02
2.313460000000000036e+02 4.122919999999999732e+02
2.301479999999999961e+02 4.266619999999999777e+02
2.281529999999999916e+02 4.358430000000000177e+02
2.261570000000000107e+02 4.450230000000000246e+02
2.221649999999999920e+02 4.126909999999999741e+02
2.185730000000000075e+02 4.246659999999999968e+02
2.137829999999999870e+02 4.310529999999999973e+02
2.097909999999999968e+02 4.354440000000000168e+02
