2.733999999999999773e+02 2.608929999999999723e+02
2.857570000000000050e+02 2.489770000000000039e+02
2.976730000000000018e+02 2.326479999999999961e+02
3.025269999999999868e+02 2.176430000000000007e+02
3.087060000000000173e+02 2.048449999999999989e+02
2.839920000000000186e+02 2.180850000000000080e+02
2.870810000000000173e+02 2.035209999999999866e+02
2.861979999999999791e+02 2.021970000000000027e+02
2.866399999999999864e+02 2.096990000000000123e+02
2.751650000000000205e+02 2.189670000000000130e+02
2.729590000000000032e+02 1.960190000000000055e+02
2.786960000000000264e+02 2.017560000000000002e+02
2.795790000000000077e+02 2.070519999999999925e+02
2.667799999999999727e+02 2.211740000000000066e+02
2.650149999999999864e+02 1.999900000000000091e+02
2.694279999999999973e+02 2.057280000000000086e+02
2.725169999999999959e+02 2.110229999999999961e+02
2.592780000000000200e+02 2.247040000000000077e+02
2.553060000000000116e+02 2.074929999999999950e+02
2.606019999999999754e+02 2.088170000000000073e+02
2.654560000000000173e+02 2.119060000000000059e+02
