2.406920000000000073e+02 4.078190000000000168e+02
2.579700000000000273e+02 4.193380000000000223e+02
2.752490000000000236e+02 4.255090000000000146e+02
2.917049999999999841e+02 4.304460000000000264e+02
3.069270000000000209e+02 4.300350000000000250e+02
2.406920000000000073e+02 4.411419999999999959e+02
2.608500000000000227e+02 4.460790000000000077e+02
2.670210000000000150e+02 4.555409999999999968e+02
2.727810000000000059e+02 4.654150000000000205e+02
2.345209999999999866e+02 4.333260000000000218e+02
2.176529999999999916e+02 4.423759999999999764e+02
2.044890000000000043e+02 4.526610000000000014e+02
1.942040000000000077e+02 4.596549999999999727e+02
2.275269999999999868e+02 4.329139999999999873e+02
2.147740000000000009e+02 4.456680000000000064e+02
2.049000000000000057e+02 4.534839999999999804e+02
1.946150000000000091e+02 4.592440000000000282e+02
2.205329999999999870e+02 4.312690000000000055e+02
2.044890000000000043e+02 4.370280000000000200e+02
1.917350000000000136e+02 4.427880000000000109e+02
2.213559999999999945e+02 4.691170000000000186e+02
