2.590679999999999836e+02 2.442779999999999916e+02
2.715830000000000268e+02 2.362330000000000041e+02
2.832040000000000077e+02 2.232700000000000102e+02
2.961669999999999732e+02 2.156719999999999970e+02
3.086820000000000164e+02 2.129900000000000091e+02
2.666659999999999968e+02 2.022630000000000052e+02
2.849920000000000186e+02 2.013689999999999998e+02
3.015299999999999727e+02 2.053909999999999911e+02
3.104700000000000273e+02 2.112019999999999982e+02
2.657719999999999914e+02 2.049449999999999932e+02
2.890149999999999864e+02 2.018160000000000025e+02
3.037649999999999864e+02 2.049449999999999932e+02
3.149399999999999977e+02 2.040509999999999877e+02
2.671129999999999995e+02 2.098609999999999900e+02
2.876739999999999782e+02 2.058379999999999939e+02
3.033179999999999836e+02 2.062849999999999966e+02
3.144929999999999950e+02 2.049449999999999932e+02
2.693480000000000132e+02 2.161189999999999998e+02
2.845450000000000159e+02 2.112019999999999982e+02
2.988489999999999895e+02 2.116490000000000009e+02
3.073410000000000082e+02 2.103079999999999927e+02
