2.819639999999999986e+02 2.505829999999999984e+02
2.715049999999999955e+02 2.396889999999999930e+02
2.614830000000000041e+02 2.248729999999999905e+02
2.536390000000000100e+02 2.100579999999999927e+02
2.431810000000000116e+02 2.009070000000000107e+02
2.806560000000000059e+02 2.109290000000000020e+02
2.898070000000000164e+02 1.939339999999999975e+02
2.972149999999999750e+02 1.804259999999999877e+02
3.037520000000000095e+02 1.708389999999999986e+02
2.915500000000000114e+02 2.118009999999999877e+02
3.020090000000000146e+02 1.939339999999999975e+02
3.098519999999999754e+02 1.804259999999999877e+02
3.142099999999999795e+02 1.690960000000000036e+02
2.985230000000000246e+02 2.148509999999999991e+02
3.068020000000000209e+02 1.982920000000000016e+02
3.150810000000000173e+02 1.869619999999999891e+02
3.207459999999999809e+02 1.765039999999999907e+02
3.050590000000000259e+02 2.187729999999999961e+02
3.133380000000000223e+02 2.061359999999999957e+02
3.203109999999999786e+02 1.987280000000000086e+02
3.246680000000000064e+02 1.917560000000000002e+02
