2.440740000000000123e+02 3.948980000000000246e+02
2.568439999999999941e+02 4.000860000000000127e+02
2.688159999999999741e+02 4.068700000000000045e+02
2.724080000000000155e+02 4.196410000000000196e+02
2.759990000000000236e+02 4.304159999999999968e+02
2.540500000000000114e+02 4.160489999999999782e+02
2.528530000000000086e+02 4.296179999999999950e+02
2.508580000000000041e+02 4.395939999999999941e+02
2.484629999999999939e+02 4.479750000000000227e+02
2.428760000000000048e+02 4.156499999999999773e+02
2.404819999999999993e+02 4.284200000000000159e+02
2.380879999999999939e+02 4.391949999999999932e+02
2.364910000000000139e+02 4.479750000000000227e+02
2.329000000000000057e+02 4.136549999999999727e+02
2.305049999999999955e+02 4.264250000000000114e+02
2.273129999999999882e+02 4.360029999999999859e+02
2.253170000000000073e+02 4.455810000000000173e+02
2.217259999999999991e+02 4.132559999999999718e+02
2.177350000000000136e+02 4.248290000000000077e+02
2.137439999999999998e+02 4.304159999999999968e+02
2.093540000000000134e+02 4.360029999999999859e+02
