2.426430000000000007e+02 3.969689999999999941e+02
2.547609999999999957e+02 4.000960000000000036e+02
2.653149999999999977e+02 4.040049999999999955e+02
2.684420000000000073e+02 4.133870000000000005e+02
2.688330000000000268e+02 4.258960000000000150e+02
2.500699999999999932e+02 4.184689999999999941e+02
2.496790000000000020e+02 4.247230000000000132e+02
2.469430000000000121e+02 4.317590000000000146e+02
2.430339999999999918e+02 4.376229999999999905e+02
2.399060000000000059e+02 4.165140000000000100e+02
2.367789999999999964e+02 4.227690000000000055e+02
2.336519999999999868e+02 4.317590000000000146e+02
2.305250000000000057e+02 4.376229999999999905e+02
2.301339999999999861e+02 4.169049999999999727e+02
2.270070000000000050e+02 4.231589999999999918e+02
2.246610000000000014e+02 4.290230000000000246e+02
2.215339999999999918e+02 4.368410000000000082e+02
2.203609999999999900e+02 4.169049999999999727e+02
2.148890000000000100e+02 4.215960000000000036e+02
2.105889999999999986e+02 4.251139999999999759e+02
2.058979999999999961e+02 4.286320000000000050e+02
