2.579529999999999745e+02 2.757819999999999823e+02
2.722029999999999745e+02 2.615319999999999823e+02
2.850749999999999886e+02 2.463619999999999948e+02
2.905910000000000082e+02 2.298129999999999882e+02
2.993249999999999886e+02 2.178609999999999900e+02
2.685260000000000105e+02 2.284339999999999975e+02
2.708240000000000123e+02 2.068280000000000030e+02
2.717429999999999950e+02 1.948760000000000048e+02
2.712839999999999918e+02 1.843029999999999973e+02
2.584119999999999777e+02 2.288930000000000007e+02
2.570330000000000155e+02 2.059089999999999918e+02
2.570330000000000155e+02 1.921179999999999950e+02
2.561139999999999759e+02 1.810850000000000080e+02
2.501380000000000052e+02 2.321109999999999900e+02
2.478389999999999986e+02 2.109650000000000034e+02
2.460010000000000048e+02 1.985529999999999973e+02
2.460010000000000048e+02 1.875209999999999866e+02
2.423230000000000075e+02 2.362479999999999905e+02
2.358870000000000005e+02 2.215380000000000109e+02
2.331289999999999907e+02 2.132640000000000100e+02
2.303710000000000093e+02 2.040699999999999932e+02
