2.617289999999999850e+02 3.721370000000000005e+02
2.850040000000000191e+02 3.633079999999999927e+02
2.982470000000000141e+02 3.665190000000000055e+02
3.018580000000000041e+02 3.645120000000000005e+02
3.114900000000000091e+02 3.669200000000000159e+02
2.829970000000000141e+02 3.532760000000000105e+02
3.010559999999999832e+02 3.681240000000000236e+02
3.070749999999999886e+02 3.761499999999999773e+02
3.134959999999999809e+02 3.829719999999999800e+02
2.745699999999999932e+02 3.568870000000000005e+02
2.914250000000000114e+02 3.629069999999999823e+02
2.962400000000000091e+02 3.653149999999999977e+02
3.010559999999999832e+02 3.685249999999999773e+02
2.669449999999999932e+02 3.657160000000000082e+02
2.761750000000000114e+02 3.637099999999999795e+02
2.817930000000000064e+02 3.665190000000000055e+02
2.858059999999999832e+02 3.677230000000000132e+02
2.621299999999999955e+02 3.745450000000000159e+02
2.565120000000000005e+02 3.761499999999999773e+02
2.569130000000000109e+02 3.721370000000000005e+02
2.573140000000000214e+02 3.701299999999999955e+02
