2.228509999999999991e+02 3.984990000000000236e+02
2.351579999999999870e+02 4.009599999999999795e+02
2.458240000000000123e+02 4.062930000000000064e+02
2.486949999999999932e+02 4.190099999999999909e+02
2.491049999999999898e+02 4.325480000000000018e+02
2.298249999999999886e+02 4.128570000000000277e+02
2.298249999999999886e+02 4.284460000000000264e+02
2.298249999999999886e+02 4.391120000000000232e+02
2.285939999999999941e+02 4.485470000000000255e+02
2.195689999999999884e+02 4.153179999999999836e+02
2.179279999999999973e+02 4.292660000000000196e+02
2.162870000000000061e+02 4.395219999999999914e+02
2.134149999999999920e+02 4.493679999999999950e+02
2.097230000000000132e+02 4.161390000000000100e+02
2.084919999999999902e+02 4.276250000000000000e+02
2.056210000000000093e+02 4.374710000000000036e+02
2.027489999999999952e+02 4.481370000000000005e+02
2.015180000000000007e+02 4.161390000000000100e+02
1.965960000000000036e+02 4.263949999999999818e+02
1.933139999999999930e+02 4.325480000000000018e+02
1.904420000000000073e+02 4.391120000000000232e+02
