2.374279999999999973e+02 3.965409999999999968e+02
2.503489999999999895e+02 4.023759999999999764e+02
2.632699999999999818e+02 4.094619999999999891e+02
2.682710000000000150e+02 4.223829999999999814e+02
2.711890000000000214e+02 4.357200000000000273e+02
2.499319999999999879e+02 4.190480000000000018e+02
2.515989999999999895e+02 4.357200000000000273e+02
2.524329999999999927e+02 4.448899999999999864e+02
2.520159999999999911e+02 4.532259999999999991e+02
2.395120000000000005e+02 4.190480000000000018e+02
2.411790000000000020e+02 4.336360000000000241e+02
2.407620000000000005e+02 4.436390000000000100e+02
2.390949999999999989e+02 4.536429999999999723e+02
2.295089999999999861e+02 4.194649999999999750e+02
2.324269999999999925e+02 4.328029999999999973e+02
2.303429999999999893e+02 4.423890000000000100e+02
2.290920000000000130e+02 4.528090000000000259e+02
2.199230000000000018e+02 4.198820000000000050e+02
2.195060000000000002e+02 4.319689999999999941e+02
2.170049999999999955e+02 4.369710000000000036e+02
2.157549999999999955e+02 4.436390000000000100e+02
