2.441759999999999877e+02 3.722699999999999818e+02
2.566779999999999973e+02 3.769580000000000268e+02
2.680070000000000050e+02 3.839900000000000091e+02
2.711329999999999814e+02 3.972730000000000246e+02
2.808999999999999773e+02 4.003990000000000009e+02
2.562869999999999777e+02 3.921949999999999932e+02
2.539430000000000121e+02 4.003990000000000009e+02
2.523799999999999955e+02 4.074309999999999832e+02
2.473009999999999877e+02 4.156360000000000241e+02
2.461289999999999907e+02 3.918039999999999736e+02
2.426129999999999995e+02 4.007900000000000205e+02
2.398779999999999859e+02 4.093849999999999909e+02
2.363619999999999948e+02 4.164169999999999732e+02
2.363619999999999948e+02 3.941480000000000246e+02
2.336270000000000095e+02 4.015710000000000264e+02
2.308919999999999959e+02 4.086030000000000086e+02
2.277669999999999959e+02 4.160260000000000105e+02
2.273760000000000048e+02 3.968829999999999814e+02
2.211250000000000000e+02 4.031340000000000146e+02
2.156560000000000059e+02 4.070409999999999968e+02
2.117489999999999952e+02 4.109470000000000027e+02
