2.640020000000000095e+02 2.535029999999999859e+02
2.741419999999999959e+02 2.433619999999999948e+02
2.824390000000000214e+02 2.281519999999999868e+02
2.948840000000000146e+02 2.170900000000000034e+02
3.087110000000000127e+02 2.129410000000000025e+02
2.663059999999999832e+02 2.106370000000000005e+02
2.911960000000000264e+02 2.087930000000000064e+02
2.999540000000000077e+02 2.041839999999999975e+02
3.087110000000000127e+02 1.995749999999999886e+02
2.589320000000000164e+02 2.106370000000000005e+02
2.852040000000000077e+02 2.060279999999999916e+02
2.953450000000000273e+02 2.037230000000000132e+02
3.031800000000000068e+02 2.018789999999999907e+02
2.575489999999999782e+02 2.143240000000000123e+02
2.782900000000000205e+02 2.074099999999999966e+02
2.898140000000000214e+02 2.064890000000000043e+02
2.958059999999999832e+02 2.055670000000000073e+02
2.584710000000000036e+02 2.212379999999999995e+02
2.741419999999999959e+02 2.138629999999999995e+02
2.810559999999999832e+02 2.078710000000000093e+02
2.861259999999999764e+02 2.069490000000000123e+02
