2.395449999999999875e+02 4.009970000000000141e+02
2.530159999999999911e+02 4.065450000000000159e+02
2.649030000000000200e+02 4.136770000000000209e+02
2.652989999999999782e+02 4.247710000000000150e+02
2.672799999999999727e+02 4.366569999999999823e+02
2.439029999999999916e+02 4.231859999999999786e+02
2.351860000000000070e+02 4.374499999999999886e+02
2.312239999999999895e+02 4.469590000000000032e+02
2.268660000000000139e+02 4.532989999999999782e+02
2.339979999999999905e+02 4.216009999999999991e+02
2.332050000000000125e+02 4.354689999999999941e+02
2.288470000000000084e+02 4.449780000000000086e+02
2.256769999999999925e+02 4.536949999999999932e+02
2.268660000000000139e+02 4.204119999999999777e+02
2.236959999999999980e+02 4.322989999999999782e+02
2.213189999999999884e+02 4.414119999999999777e+02
2.169600000000000080e+02 4.513179999999999836e+02
2.177529999999999859e+02 4.184309999999999832e+02
2.141870000000000118e+02 4.295249999999999773e+02
2.102239999999999895e+02 4.350729999999999791e+02
2.058660000000000139e+02 4.410160000000000196e+02
