2.467350000000000136e+02 3.938600000000000136e+02
2.594159999999999968e+02 3.978229999999999791e+02
2.697189999999999941e+02 4.037669999999999959e+02
2.732850000000000250e+02 4.156549999999999727e+02
2.752669999999999959e+02 4.287320000000000277e+02
2.562459999999999809e+02 4.105040000000000191e+02
2.530759999999999934e+02 4.255620000000000118e+02
2.518870000000000005e+02 4.370539999999999736e+02
2.471310000000000002e+02 4.445830000000000268e+02
2.439610000000000127e+02 4.132780000000000200e+02
2.423760000000000048e+02 4.251659999999999968e+02
2.399989999999999952e+02 4.362610000000000241e+02
2.356390000000000100e+02 4.453759999999999764e+02
2.344509999999999934e+02 4.132780000000000200e+02
2.348470000000000084e+02 4.223919999999999959e+02
2.281100000000000136e+02 4.334879999999999995e+02
2.245440000000000111e+02 4.433940000000000055e+02
2.253360000000000127e+02 4.128809999999999718e+02
2.197889999999999873e+02 4.219959999999999809e+02
2.146370000000000005e+02 4.279399999999999977e+02
2.102779999999999916e+02 4.330910000000000082e+02
