2.667490000000000236e+02 2.708419999999999845e+02
2.794250000000000114e+02 2.572599999999999909e+02
2.893849999999999909e+02 2.368880000000000052e+02
2.875740000000000123e+02 2.228530000000000086e+02
2.834990000000000236e+02 2.115349999999999966e+02
2.699180000000000064e+02 2.205900000000000034e+02
2.771610000000000014e+02 2.187789999999999964e+02
2.798770000000000095e+02 2.310020000000000095e+02
2.816879999999999882e+02 2.396040000000000134e+02
2.604100000000000250e+02 2.251169999999999902e+02
2.712760000000000105e+02 2.246639999999999873e+02
2.748969999999999914e+02 2.359819999999999993e+02
2.753500000000000227e+02 2.432259999999999991e+02
2.527139999999999986e+02 2.300970000000000084e+02
2.599580000000000268e+02 2.296440000000000055e+02
2.649379999999999882e+02 2.409619999999999891e+02
2.694649999999999750e+02 2.477529999999999859e+02
2.463760000000000048e+02 2.377930000000000064e+02
2.504509999999999934e+02 2.350769999999999982e+02
2.554310000000000116e+02 2.414149999999999920e+02
2.586000000000000227e+02 2.463950000000000102e+02
