2.466339999999999861e+02 3.919649999999999750e+02
2.588990000000000009e+02 3.971080000000000041e+02
2.699769999999999754e+02 4.034390000000000214e+02
2.739340000000000259e+02 4.157040000000000077e+02
2.763070000000000164e+02 4.283650000000000091e+02
2.553379999999999939e+02 4.105600000000000023e+02
2.545469999999999970e+02 4.251990000000000123e+02
2.521730000000000018e+02 4.366730000000000018e+02
2.478209999999999980e+02 4.445860000000000127e+02
2.442599999999999909e+02 4.109560000000000173e+02
2.422820000000000107e+02 4.251990000000000123e+02
2.391160000000000139e+02 4.358820000000000050e+02
2.355560000000000116e+02 4.449820000000000277e+02
2.359509999999999934e+02 4.117470000000000141e+02
2.331819999999999879e+02 4.228249999999999886e+02
2.284339999999999975e+02 4.331120000000000232e+02
2.248729999999999905e+02 4.430040000000000191e+02
2.260600000000000023e+02 4.125389999999999873e+02
2.201250000000000000e+02 4.216379999999999768e+02
2.141910000000000025e+02 4.275729999999999791e+02
2.106299999999999955e+02 4.331120000000000232e+02
