2.412909999999999968e+02 3.957099999999999795e+02
2.545109999999999957e+02 4.001170000000000186e+02
2.661290000000000191e+02 4.061259999999999764e+02
2.689340000000000259e+02 4.169429999999999836e+02
2.705360000000000014e+02 4.305640000000000214e+02
2.517069999999999936e+02 4.153399999999999750e+02
2.489029999999999916e+02 4.293620000000000232e+02
2.481009999999999991e+02 4.401789999999999736e+02
2.448959999999999866e+02 4.477909999999999968e+02
2.396879999999999882e+02 4.157409999999999854e+02
2.368839999999999861e+02 4.281600000000000250e+02
2.332779999999999916e+02 4.405790000000000077e+02
2.296730000000000018e+02 4.489920000000000186e+02
2.292719999999999914e+02 4.153399999999999750e+02
2.276699999999999875e+02 4.269580000000000268e+02
2.232630000000000052e+02 4.369739999999999895e+02
2.200579999999999927e+02 4.461879999999999882e+02
2.196570000000000107e+02 4.149399999999999977e+02
2.136479999999999961e+02 4.249549999999999841e+02
2.092410000000000139e+02 4.309649999999999750e+02
2.052350000000000136e+02 4.361730000000000018e+02
