2.608190000000000168e+02 2.526610000000000014e+02
2.754460000000000264e+02 2.468990000000000009e+02
2.900740000000000123e+02 2.336009999999999991e+02
3.002690000000000055e+02 2.203029999999999973e+02
3.104639999999999986e+02 2.092210000000000036e+02
2.812090000000000032e+02 2.167570000000000050e+02
2.865280000000000200e+02 1.968100000000000023e+02
2.878580000000000041e+02 1.826260000000000048e+02
2.878580000000000041e+02 1.706570000000000107e+02
2.718999999999999773e+02 2.158700000000000045e+02
2.785489999999999782e+02 1.932640000000000100e+02
2.798790000000000191e+02 1.790790000000000077e+02
2.794359999999999786e+02 1.671109999999999900e+02
2.634780000000000086e+02 2.176430000000000007e+02
2.687970000000000255e+02 1.968100000000000023e+02
2.718999999999999773e+02 1.830689999999999884e+02
2.727869999999999777e+02 1.719869999999999948e+02
2.546129999999999995e+02 2.216330000000000098e+02
2.563860000000000241e+02 2.070049999999999955e+02
2.577160000000000082e+02 1.963669999999999902e+02
2.599320000000000164e+02 1.861719999999999970e+02
