2.457709999999999866e+02 3.907459999999999809e+02
2.589409999999999741e+02 3.959340000000000259e+02
2.701150000000000091e+02 4.031179999999999950e+02
2.729089999999999918e+02 4.150899999999999750e+02
2.733079999999999927e+02 4.282599999999999909e+02
2.541519999999999868e+02 4.099019999999999868e+02
2.541519999999999868e+02 4.262649999999999864e+02
2.517570000000000050e+02 4.382379999999999995e+02
2.477659999999999911e+02 4.454209999999999923e+02
2.437750000000000057e+02 4.111000000000000227e+02
2.417800000000000011e+02 4.258659999999999854e+02
2.385869999999999891e+02 4.366410000000000196e+02
2.357930000000000064e+02 4.458199999999999932e+02
2.349950000000000045e+02 4.103009999999999877e+02
2.322019999999999982e+02 4.222740000000000009e+02
2.286100000000000136e+02 4.334490000000000123e+02
2.254170000000000016e+02 4.430269999999999868e+02
2.254170000000000016e+02 4.106999999999999886e+02
2.194310000000000116e+02 4.226730000000000018e+02
2.150409999999999968e+02 4.286600000000000250e+02
2.106510000000000105e+02 4.330500000000000114e+02
