2.729590000000000032e+02 2.509840000000000089e+02
2.631490000000000009e+02 2.376059999999999945e+02
2.555680000000000121e+02 2.219989999999999952e+02
2.551220000000000141e+02 2.054989999999999952e+02
2.551220000000000141e+02 1.921210000000000093e+02
2.689460000000000264e+02 2.153100000000000023e+02
2.751890000000000214e+02 1.979190000000000111e+02
2.765269999999999868e+02 1.961349999999999909e+02
2.765269999999999868e+02 1.965809999999999889e+02
2.783100000000000023e+02 2.184310000000000116e+02
2.858910000000000196e+02 2.001479999999999961e+02
2.872289999999999850e+02 1.979190000000000111e+02
2.867830000000000155e+02 1.997019999999999982e+02
2.872289999999999850e+02 2.233369999999999891e+02
2.939180000000000064e+02 2.068369999999999891e+02
2.943639999999999759e+02 2.054989999999999952e+02
2.939180000000000064e+02 2.050529999999999973e+02
2.961480000000000246e+02 2.282419999999999902e+02
3.010529999999999973e+02 2.157560000000000002e+02
3.010529999999999973e+02 2.139720000000000084e+02
3.001610000000000014e+02 2.139720000000000084e+02
