2.739750000000000227e+02 2.542139999999999986e+02
2.633899999999999864e+02 2.418660000000000139e+02
2.563330000000000268e+02 2.251059999999999945e+02
2.541279999999999859e+02 2.083470000000000084e+02
2.519230000000000018e+02 1.937930000000000064e+02
2.669180000000000064e+02 2.180500000000000114e+02
2.730930000000000177e+02 2.008499999999999943e+02
2.757389999999999759e+02 1.982030000000000030e+02
2.766209999999999809e+02 1.999679999999999893e+02
2.766209999999999809e+02 2.211370000000000005e+02
2.841179999999999950e+02 2.026140000000000043e+02
2.867649999999999864e+02 2.026140000000000043e+02
2.872060000000000173e+02 2.043779999999999859e+02
2.850000000000000000e+02 2.255469999999999970e+02
2.920570000000000164e+02 2.087880000000000109e+02
2.929390000000000214e+02 2.087880000000000109e+02
2.924979999999999905e+02 2.105519999999999925e+02
2.933799999999999955e+02 2.295169999999999959e+02
2.982309999999999945e+02 2.180500000000000114e+02
2.986720000000000255e+02 2.162860000000000014e+02
2.977900000000000205e+02 2.180500000000000114e+02
