2.382340000000000089e+02 3.986170000000000186e+02
2.518329999999999984e+02 4.030160000000000196e+02
2.642320000000000277e+02 4.102160000000000082e+02
2.646320000000000050e+02 4.222149999999999750e+02
2.654320000000000164e+02 4.350140000000000100e+02
2.470329999999999870e+02 4.138149999999999977e+02
2.486330000000000098e+02 4.306139999999999759e+02
2.486330000000000098e+02 4.410129999999999768e+02
2.482330000000000041e+02 4.514119999999999777e+02
2.354339999999999975e+02 4.158149999999999977e+02
2.366339999999999861e+02 4.322139999999999986e+02
2.350339999999999918e+02 4.418129999999999882e+02
2.326349999999999909e+02 4.510120000000000005e+02
2.258350000000000080e+02 4.158149999999999977e+02
2.270349999999999966e+02 4.294139999999999873e+02
2.266349999999999909e+02 4.410129999999999768e+02
2.238350000000000080e+02 4.498120000000000118e+02
2.166359999999999957e+02 4.170149999999999864e+02
2.162359999999999900e+02 4.282139999999999986e+02
2.138360000000000127e+02 4.350140000000000100e+02
2.110370000000000061e+02 4.418129999999999882e+02
