2.486630000000000109e+02 3.014350000000000023e+02
2.582450000000000045e+02 2.990389999999999873e+02
2.710210000000000150e+02 3.042300000000000182e+02
2.833990000000000009e+02 3.094200000000000159e+02
2.853949999999999818e+02 3.198009999999999877e+02
2.646329999999999814e+02 3.273870000000000005e+02
2.845960000000000036e+02 3.237939999999999827e+02
2.977719999999999914e+02 3.146109999999999900e+02
3.085520000000000209e+02 3.122149999999999750e+02
2.750140000000000100e+02 3.253910000000000196e+02
2.905849999999999795e+02 3.217970000000000255e+02
3.005670000000000073e+02 3.138120000000000118e+02
3.093509999999999991e+02 3.098190000000000168e+02
2.770099999999999909e+02 3.209990000000000236e+02
2.909850000000000136e+02 3.186030000000000086e+02
3.005670000000000073e+02 3.118159999999999741e+02
3.085520000000000209e+02 3.074239999999999782e+02
2.794060000000000059e+02 3.166070000000000277e+02
2.877909999999999968e+02 3.098190000000000168e+02
2.957760000000000105e+02 3.086220000000000141e+02
3.009660000000000082e+02 3.050280000000000200e+02
