2.228259999999999934e+02 3.983269999999999982e+02
2.345720000000000027e+02 4.021030000000000086e+02
2.446409999999999911e+02 4.121709999999999923e+02
2.400260000000000105e+02 4.226589999999999918e+02
2.349919999999999902e+02 4.348249999999999886e+02
2.240840000000000032e+02 4.151080000000000041e+02
2.207280000000000086e+02 4.306299999999999955e+02
2.165329999999999870e+02 4.406990000000000123e+02
2.094010000000000105e+02 4.482500000000000000e+02
2.131769999999999925e+02 4.155280000000000200e+02
2.098209999999999980e+02 4.293720000000000141e+02
2.031080000000000041e+02 4.406990000000000123e+02
1.968160000000000025e+02 4.482500000000000000e+02
2.035279999999999916e+02 4.146879999999999882e+02
1.997520000000000095e+02 4.276940000000000168e+02
1.955569999999999879e+02 4.377620000000000005e+02
1.896839999999999975e+02 4.448940000000000055e+02
1.959770000000000039e+02 4.142690000000000055e+02
1.901030000000000086e+02 4.255960000000000036e+02
1.854890000000000043e+02 4.323079999999999927e+02
1.812930000000000064e+02 4.373430000000000177e+02
