2.589680000000000177e+02 3.679800000000000182e+02
2.638539999999999850e+02 3.594289999999999736e+02
2.878770000000000095e+02 3.639080000000000155e+02
2.988709999999999809e+02 3.643149999999999977e+02
3.086429999999999723e+02 3.679800000000000182e+02
2.797339999999999804e+02 3.512860000000000014e+02
2.927640000000000100e+02 3.630939999999999941e+02
3.021290000000000191e+02 3.757160000000000082e+02
3.082359999999999900e+02 3.846739999999999782e+02
2.711829999999999927e+02 3.553570000000000277e+02
2.890989999999999895e+02 3.635009999999999764e+02
2.927640000000000100e+02 3.696089999999999804e+02
2.976499999999999773e+02 3.765310000000000059e+02
2.630400000000000205e+02 3.663509999999999991e+02
2.740330000000000155e+02 3.618720000000000141e+02
2.793269999999999982e+02 3.667579999999999814e+02
2.846200000000000045e+02 3.716449999999999818e+02
2.557100000000000080e+02 3.716449999999999818e+02
2.548959999999999866e+02 3.777520000000000095e+02
2.548959999999999866e+02 3.749019999999999868e+02
2.557100000000000080e+02 3.708299999999999841e+02
