2.756139999999999759e+02 2.603790000000000191e+02
2.685419999999999732e+02 2.462359999999999900e+02
2.636809999999999832e+02 2.281160000000000139e+02
2.619130000000000109e+02 2.126469999999999914e+02
2.610289999999999964e+02 1.985039999999999907e+02
2.645649999999999977e+02 2.232539999999999907e+02
2.689839999999999804e+02 2.046920000000000073e+02
2.764979999999999905e+02 1.980620000000000118e+02
2.822429999999999950e+02 1.980620000000000118e+02
2.720779999999999745e+02 2.250219999999999914e+02
2.764979999999999905e+02 2.073439999999999941e+02
2.862210000000000036e+02 2.024819999999999993e+02
2.906410000000000196e+02 2.015980000000000132e+02
2.791490000000000009e+02 2.290000000000000000e+02
2.848949999999999818e+02 2.148569999999999993e+02
2.928500000000000227e+02 2.091109999999999900e+02
2.972699999999999818e+02 2.091109999999999900e+02
2.866630000000000109e+02 2.329770000000000039e+02
2.924080000000000155e+02 2.228120000000000118e+02
2.977119999999999891e+02 2.188350000000000080e+02
3.021320000000000050e+02 2.192769999999999868e+02
