2.444579999999999984e+02 2.489000000000000057e+02
2.578489999999999895e+02 2.398120000000000118e+02
2.698070000000000164e+02 2.221160000000000139e+02
2.745889999999999986e+02 2.077669999999999959e+02
2.846329999999999814e+02 1.982009999999999934e+02
2.506750000000000114e+02 2.096800000000000068e+02
2.516320000000000050e+02 1.881570000000000107e+02
2.545010000000000048e+02 1.747659999999999911e+02
2.545010000000000048e+02 1.613739999999999952e+02
2.396750000000000114e+02 2.106370000000000005e+02
2.344139999999999873e+02 1.872009999999999934e+02
2.315440000000000111e+02 1.723739999999999952e+02
2.272390000000000043e+02 1.604170000000000016e+02
2.296310000000000002e+02 2.149410000000000025e+02
2.195869999999999891e+02 1.953319999999999936e+02
2.128909999999999911e+02 1.833750000000000000e+02
2.085860000000000127e+02 1.723739999999999952e+02
2.210219999999999914e+02 2.221160000000000139e+02
2.085860000000000127e+02 2.125500000000000114e+02
2.009339999999999975e+02 2.058540000000000134e+02
1.937589999999999861e+02 2.001150000000000091e+02
