2.601770000000000209e+02 2.421250000000000000e+02
2.484859999999999900e+02 2.282690000000000055e+02
2.402580000000000098e+02 2.105159999999999911e+02
2.337630000000000052e+02 1.970929999999999893e+02
2.233710000000000093e+02 1.914639999999999986e+02
2.679710000000000036e+02 1.992580000000000098e+02
2.684039999999999964e+02 1.797729999999999961e+02
2.675380000000000109e+02 1.663489999999999895e+02
2.675380000000000109e+02 1.555240000000000009e+02
2.787959999999999923e+02 2.035879999999999939e+02
2.887549999999999955e+02 1.849689999999999941e+02
2.956829999999999927e+02 1.745759999999999934e+02
3.008790000000000191e+02 1.650500000000000114e+02
2.861569999999999823e+02 2.109490000000000123e+02
3.004460000000000264e+02 2.001239999999999952e+02
3.104049999999999727e+02 1.931959999999999980e+02
3.199320000000000164e+02 1.862680000000000007e+02
2.917860000000000014e+02 2.204749999999999943e+02
3.052090000000000032e+02 2.178770000000000095e+02
3.134370000000000118e+02 2.165780000000000030e+02
3.233960000000000150e+02 2.144130000000000109e+02
