2.609320000000000164e+02 2.567119999999999891e+02
2.742980000000000018e+02 2.470329999999999870e+02
2.895079999999999814e+02 2.327450000000000045e+02
3.010299999999999727e+02 2.258319999999999936e+02
3.120910000000000082e+02 2.235279999999999916e+02
2.789069999999999823e+02 2.143100000000000023e+02
2.816720000000000255e+02 1.949519999999999982e+02
2.825939999999999941e+02 1.811250000000000000e+02
2.825939999999999941e+02 1.682199999999999989e+02
2.733759999999999764e+02 2.152309999999999945e+02
2.747590000000000146e+02 1.954130000000000109e+02
2.761419999999999959e+02 1.788209999999999980e+02
2.752200000000000273e+02 1.659159999999999968e+02
2.706109999999999900e+02 2.212230000000000132e+02
2.683059999999999832e+02 2.037090000000000032e+02
2.710720000000000027e+02 1.848120000000000118e+02
2.706109999999999900e+02 1.728290000000000077e+02
2.687669999999999959e+02 2.281370000000000005e+02
2.683059999999999832e+02 2.179970000000000141e+02
2.673849999999999909e+02 2.138489999999999895e+02
2.673849999999999909e+02 1.903429999999999893e+02
