2.667230000000000132e+02 2.605090000000000146e+02
2.589510000000000218e+02 2.458779999999999859e+02
2.539209999999999923e+02 2.280469999999999970e+02
2.511779999999999973e+02 2.129590000000000032e+02
2.447769999999999868e+02 1.992419999999999902e+02
2.644370000000000118e+02 2.243890000000000100e+02
2.694669999999999845e+02 2.042709999999999866e+02
2.731240000000000236e+02 1.914689999999999941e+02
2.776970000000000027e+02 1.809530000000000030e+02
2.758679999999999950e+02 2.275900000000000034e+02
2.818120000000000118e+02 2.056430000000000007e+02
2.868410000000000082e+02 1.896399999999999864e+02
2.914130000000000109e+02 1.777529999999999859e+02
2.850120000000000005e+02 2.317050000000000125e+02
2.914130000000000109e+02 2.102150000000000034e+02
2.946139999999999759e+02 1.955840000000000032e+02
2.973570000000000277e+02 1.841539999999999964e+02
2.941560000000000059e+02 2.358189999999999884e+02
2.996429999999999723e+02 2.179879999999999995e+02
3.023860000000000241e+02 2.079290000000000020e+02
3.028439999999999941e+02 1.987849999999999966e+02
