2.136069999999999993e+02 3.944950000000000045e+02
2.275329999999999870e+02 4.027629999999999768e+02
2.427640000000000100e+02 4.105960000000000036e+02
2.588650000000000091e+02 4.158190000000000168e+02
2.727909999999999968e+02 4.193000000000000114e+02
2.105610000000000070e+02 4.262629999999999768e+02
2.418930000000000007e+02 4.266979999999999791e+02
1.992460000000000093e+02 4.406240000000000236e+02
1.922829999999999870e+02 4.475860000000000127e+02
2.070790000000000077e+02 4.201700000000000159e+02
1.953300000000000125e+02 4.293090000000000259e+02
1.857560000000000002e+02 4.375769999999999982e+02
1.774869999999999948e+02 4.445400000000000205e+02
2.022920000000000016e+02 4.166890000000000214e+02
1.888019999999999925e+02 4.258279999999999745e+02
1.805339999999999918e+02 4.319200000000000159e+02
1.722649999999999864e+02 4.371419999999999959e+02
1.957649999999999864e+02 4.127719999999999914e+02
1.874960000000000093e+02 4.223460000000000036e+02
1.792280000000000086e+02 4.284390000000000214e+02
1.757470000000000141e+02 4.323550000000000182e+02
