2.163050000000000068e+02 3.977749999999999773e+02
2.316239999999999952e+02 3.999019999999999868e+02
2.456670000000000016e+02 4.084130000000000109e+02
2.588580000000000041e+02 4.177749999999999773e+02
2.737520000000000095e+02 4.216039999999999850e+02
2.414120000000000061e+02 4.105409999999999968e+02
2.431140000000000043e+02 4.113919999999999959e+02
2.558799999999999955e+02 4.177749999999999773e+02
2.558799999999999955e+02 4.177749999999999773e+02
2.260920000000000130e+02 4.088389999999999986e+02
2.384329999999999927e+02 4.275620000000000118e+02
2.460920000000000130e+02 4.356469999999999914e+02
2.524749999999999943e+02 4.450090000000000146e+02
2.175819999999999936e+02 4.122429999999999950e+02
2.252410000000000139e+02 4.258600000000000136e+02
2.307729999999999961e+02 4.386259999999999764e+02
2.341779999999999973e+02 4.484130000000000109e+02
2.082199999999999989e+02 4.177749999999999773e+02
2.107729999999999961e+02 4.262850000000000250e+02
2.116239999999999952e+02 4.339449999999999932e+02
2.150289999999999964e+02 4.420299999999999727e+02
