2.557369999999999948e+02 2.826709999999999923e+02
2.704739999999999895e+02 2.601050000000000182e+02
2.778419999999999845e+02 2.412239999999999895e+02
2.787629999999999768e+02 2.264869999999999948e+02
2.741580000000000155e+02 2.131310000000000002e+02
2.723159999999999741e+02 2.260260000000000105e+02
2.677099999999999795e+02 2.200389999999999873e+02
2.704739999999999895e+02 2.283290000000000077e+02
2.732370000000000232e+02 2.343160000000000025e+02
2.594209999999999923e+02 2.384600000000000080e+02
2.621840000000000259e+02 2.232630000000000052e+02
2.658679999999999950e+02 2.352369999999999948e+02
2.681709999999999923e+02 2.458290000000000077e+02
2.506709999999999923e+02 2.389209999999999923e+02
2.543549999999999898e+02 2.269470000000000027e+02
2.585000000000000000e+02 2.407630000000000052e+02
2.621840000000000259e+02 2.513549999999999898e+02
2.405389999999999873e+02 2.426049999999999898e+02
2.469869999999999948e+02 2.338549999999999898e+02
2.511310000000000002e+02 2.426049999999999898e+02
2.534339999999999975e+02 2.513549999999999898e+02
