2.539650000000000034e+02 3.858799999999999955e+02
2.656909999999999741e+02 3.909060000000000059e+02
2.761610000000000014e+02 3.988620000000000232e+02
2.824420000000000073e+02 4.139390000000000214e+02
2.916549999999999727e+02 4.210579999999999927e+02
2.656909999999999741e+02 4.076569999999999823e+02
2.652719999999999914e+02 4.210579999999999927e+02
2.661100000000000136e+02 4.306899999999999977e+02
2.652719999999999914e+02 4.378090000000000259e+02
2.543839999999999861e+02 4.076569999999999823e+02
2.527090000000000032e+02 4.193829999999999814e+02
2.514530000000000030e+02 4.298519999999999754e+02
2.501959999999999980e+02 4.399030000000000200e+02
2.447520000000000095e+02 4.080760000000000218e+02
2.414019999999999868e+02 4.185450000000000159e+02
2.384699999999999989e+02 4.273399999999999750e+02
2.372139999999999986e+02 4.369710000000000036e+02
2.355389999999999873e+02 4.080760000000000218e+02
2.288379999999999939e+02 4.168700000000000045e+02
2.233940000000000055e+02 4.210579999999999927e+02
2.175310000000000059e+02 4.252459999999999809e+02
