2.385610000000000070e+02 4.008360000000000127e+02
2.510910000000000082e+02 4.067099999999999795e+02
2.632309999999999945e+02 4.121920000000000073e+02
2.647970000000000255e+02 4.235480000000000018e+02
2.663629999999999995e+02 4.352959999999999923e+02
2.463919999999999959e+02 4.180659999999999741e+02
2.467839999999999918e+02 4.325550000000000068e+02
2.467839999999999918e+02 4.419529999999999745e+02
2.444339999999999975e+02 4.517429999999999950e+02
2.350360000000000014e+02 4.192409999999999854e+02
2.338619999999999948e+02 4.349039999999999964e+02
2.315120000000000005e+02 4.446940000000000168e+02
2.275960000000000036e+02 4.533090000000000259e+02
2.252470000000000141e+02 4.192409999999999854e+02
2.244629999999999939e+02 4.321630000000000109e+02
2.221140000000000043e+02 4.411700000000000159e+02
2.181980000000000075e+02 4.509590000000000032e+02
2.162400000000000091e+02 4.204150000000000205e+02
2.131069999999999993e+02 4.313799999999999955e+02
2.099749999999999943e+02 4.364710000000000036e+02
2.068420000000000130e+02 4.415609999999999786e+02
