2.409759999999999991e+02 4.137440000000000282e+02
2.563430000000000177e+02 4.181920000000000073e+02
2.680699999999999932e+02 4.254710000000000036e+02
2.708999999999999773e+02 4.388149999999999977e+02
2.761569999999999823e+02 4.501379999999999768e+02
2.510860000000000127e+02 4.355799999999999841e+02
2.482549999999999955e+02 4.505419999999999732e+02
2.470420000000000016e+02 4.610559999999999832e+02
2.438069999999999879e+02 4.703570000000000277e+02
2.373369999999999891e+02 4.339630000000000223e+02
2.345060000000000002e+02 4.481159999999999854e+02
2.312709999999999866e+02 4.602470000000000141e+02
2.272270000000000039e+02 4.703570000000000277e+02
2.272270000000000039e+02 4.311320000000000050e+02
2.243969999999999914e+02 4.448809999999999718e+02
2.239919999999999902e+02 4.566080000000000041e+02
2.183309999999999889e+02 4.663129999999999882e+02
2.175219999999999914e+02 4.315360000000000014e+02
2.146920000000000073e+02 4.432629999999999768e+02
2.118609999999999900e+02 4.505419999999999732e+02
2.086260000000000048e+02 4.562029999999999745e+02
