2.497969999999999970e+02 2.454670000000000130e+02
2.630049999999999955e+02 2.355610000000000070e+02
2.781009999999999991e+02 2.214079999999999870e+02
2.894230000000000018e+02 2.119730000000000132e+02
3.016879999999999882e+02 2.048969999999999914e+02
2.606469999999999914e+02 2.039540000000000077e+02
2.663079999999999927e+02 1.831970000000000027e+02
2.700819999999999936e+02 1.709319999999999879e+02
2.733840000000000146e+02 1.596100000000000136e+02
2.483810000000000002e+02 2.048969999999999914e+02
2.403619999999999948e+02 1.827249999999999943e+02
2.332860000000000014e+02 1.690449999999999875e+02
2.276250000000000000e+02 1.581949999999999932e+02
2.394180000000000064e+02 2.100869999999999891e+02
2.271529999999999916e+02 1.902729999999999961e+02
2.205480000000000018e+02 1.789509999999999934e+02
2.134720000000000084e+02 1.690449999999999875e+02
2.304550000000000125e+02 2.171630000000000109e+02
2.172460000000000093e+02 2.072560000000000002e+02
2.096980000000000075e+02 2.006519999999999868e+02
2.021510000000000105e+02 1.945190000000000055e+02
