2.679390000000000214e+02 2.631390000000000100e+02
2.807400000000000091e+02 2.535389999999999873e+02
2.898829999999999814e+02 2.384519999999999982e+02
2.967409999999999854e+02 2.229089999999999918e+02
3.067989999999999782e+02 2.105649999999999977e+02
2.775400000000000205e+02 2.270229999999999961e+02
2.807400000000000091e+02 2.082789999999999964e+02
2.839399999999999977e+02 2.073650000000000091e+02
2.875980000000000132e+02 2.128509999999999991e+02
2.670249999999999773e+02 2.274799999999999898e+02
2.665679999999999836e+02 2.073650000000000091e+02
2.679390000000000214e+02 2.064509999999999934e+02
2.642819999999999823e+02 2.041649999999999920e+02
2.587959999999999923e+02 2.302230000000000132e+02
2.565099999999999909e+02 2.110219999999999914e+02
2.583389999999999986e+02 2.110219999999999914e+02
2.624529999999999745e+02 2.206229999999999905e+02
2.510240000000000009e+02 2.343379999999999939e+02
2.478240000000000123e+02 2.210800000000000125e+02
2.482810000000000059e+02 2.197090000000000032e+02
2.482810000000000059e+02 2.192510000000000048e+02
