2.469890000000000043e+02 3.947010000000000218e+02
2.589780000000000086e+02 3.986970000000000027e+02
2.701680000000000064e+02 4.034929999999999950e+02
2.737649999999999864e+02 4.154820000000000277e+02
2.745640000000000214e+02 4.286700000000000159e+02
2.545819999999999936e+02 4.110860000000000127e+02
2.529830000000000041e+02 4.258729999999999905e+02
2.517839999999999918e+02 4.374619999999999891e+02
2.477880000000000109e+02 4.450559999999999832e+02
2.433919999999999959e+02 4.126850000000000023e+02
2.417930000000000064e+02 4.258729999999999905e+02
2.389960000000000093e+02 4.370629999999999882e+02
2.357990000000000066e+02 4.458550000000000182e+02
2.349989999999999952e+02 4.126850000000000023e+02
2.330010000000000048e+02 4.222760000000000105e+02
2.290049999999999955e+02 4.338659999999999854e+02
2.250080000000000098e+02 4.430570000000000164e+02
2.262069999999999936e+02 4.126850000000000023e+02
2.194130000000000109e+02 4.222760000000000105e+02
2.142179999999999893e+02 4.278709999999999809e+02
2.102220000000000084e+02 4.334660000000000082e+02
