2.820210000000000150e+02 2.516610000000000014e+02
2.721030000000000086e+02 2.404490000000000123e+02
2.634789999999999850e+02 2.253580000000000041e+02
2.578740000000000236e+02 2.111279999999999859e+02
2.475250000000000057e+02 2.016419999999999959e+02
2.841770000000000209e+02 2.163019999999999925e+02
2.949560000000000173e+02 2.016419999999999959e+02
2.958190000000000168e+02 1.917239999999999895e+02
2.932320000000000277e+02 1.848249999999999886e+02
2.966809999999999832e+02 2.184579999999999984e+02
3.065989999999999895e+02 2.016419999999999959e+02
3.065989999999999895e+02 1.908619999999999948e+02
3.044429999999999836e+02 1.874120000000000061e+02
3.031490000000000009e+02 2.201829999999999927e+02
3.139289999999999736e+02 2.059540000000000077e+02
3.143600000000000136e+02 1.947429999999999950e+02
3.117730000000000246e+02 1.908619999999999948e+02
3.091859999999999786e+02 2.223389999999999986e+02
3.195350000000000250e+02 2.141459999999999866e+02
3.216909999999999741e+02 2.050910000000000082e+02
3.203969999999999914e+02 2.016419999999999959e+02
