2.680240000000000009e+02 2.630899999999999750e+02
2.806970000000000027e+02 2.553959999999999866e+02
2.920129999999999768e+02 2.404600000000000080e+02
2.997069999999999936e+02 2.250709999999999980e+02
3.105699999999999932e+02 2.142079999999999984e+02
2.779820000000000277e+02 2.223549999999999898e+02
2.811499999999999773e+02 2.033449999999999989e+02
2.847710000000000150e+02 1.983669999999999902e+02
2.911070000000000277e+02 1.983669999999999902e+02
2.671190000000000282e+02 2.228079999999999927e+02
2.675710000000000264e+02 2.042510000000000048e+02
2.720980000000000132e+02 1.979139999999999873e+02
2.757180000000000177e+02 1.938400000000000034e+02
2.589719999999999800e+02 2.264290000000000020e+02
2.571610000000000014e+02 2.087769999999999868e+02
2.594239999999999782e+02 2.019869999999999948e+02
2.634979999999999905e+02 1.974610000000000127e+02
2.517299999999999898e+02 2.336699999999999875e+02
2.462990000000000066e+02 2.228079999999999927e+02
2.444879999999999995e+02 2.178290000000000077e+02
2.444879999999999995e+02 2.119449999999999932e+02
