2.554089999999999918e+02 2.379370000000000118e+02
2.443230000000000075e+02 2.245420000000000016e+02
2.336999999999999886e+02 2.083750000000000000e+02
2.244619999999999891e+02 1.949799999999999898e+02
2.133760000000000048e+02 1.917470000000000141e+02
2.586419999999999959e+02 1.954420000000000073e+02
2.567950000000000159e+02 1.760430000000000064e+02
2.554089999999999918e+02 1.617239999999999895e+02
2.535610000000000070e+02 1.506390000000000100e+02
2.701899999999999977e+02 1.986759999999999877e+02
2.748079999999999927e+02 1.783520000000000039e+02
2.775799999999999841e+02 1.654190000000000111e+02
2.789660000000000082e+02 1.543340000000000032e+02
2.780419999999999732e+02 2.056040000000000134e+02
2.900509999999999877e+02 1.899000000000000057e+02
2.979030000000000200e+02 1.801999999999999886e+02
3.043700000000000045e+02 1.728089999999999975e+02
2.854320000000000164e+02 2.129939999999999998e+02
2.979030000000000200e+02 2.074519999999999982e+02
3.057549999999999955e+02 2.051419999999999959e+02
3.154549999999999841e+02 2.009850000000000136e+02
