2.488839999999999861e+02 2.747649999999999864e+02
2.493449999999999989e+02 2.646259999999999764e+02
2.599460000000000264e+02 2.549470000000000027e+02
2.751549999999999727e+02 2.480329999999999870e+02
2.866779999999999973e+02 2.411200000000000045e+02
2.719289999999999736e+02 2.802959999999999923e+02
2.862169999999999845e+02 2.987320000000000277e+02
2.935910000000000082e+02 2.872090000000000032e+02
3.014259999999999877e+02 2.872090000000000032e+02
2.793029999999999973e+02 2.835219999999999914e+02
2.958949999999999818e+02 2.945840000000000032e+02
3.023480000000000132e+02 2.945840000000000032e+02
3.111050000000000182e+02 2.936619999999999777e+02
2.829900000000000091e+02 2.830609999999999786e+02
2.991220000000000141e+02 2.858269999999999982e+02
3.074180000000000064e+02 2.784519999999999982e+02
3.115659999999999741e+02 2.715389999999999873e+02
2.862169999999999845e+02 2.793740000000000236e+02
2.986610000000000014e+02 2.761480000000000246e+02
3.046519999999999868e+02 2.701560000000000059e+02
3.083399999999999750e+02 2.637040000000000077e+02
