2.542680000000000007e+02 2.766410000000000196e+02
2.667099999999999795e+02 2.728129999999999882e+02
2.777169999999999845e+02 2.608500000000000227e+02
2.805880000000000223e+02 2.479290000000000020e+02
2.848949999999999818e+02 2.345300000000000011e+02
2.624030000000000200e+02 2.488859999999999957e+02
2.619250000000000114e+02 2.321370000000000005e+02
2.600110000000000241e+02 2.220879999999999939e+02
2.585749999999999886e+02 2.110819999999999936e+02
2.523540000000000134e+02 2.508000000000000114e+02
2.504399999999999977e+02 2.326160000000000139e+02
2.480469999999999970e+02 2.216100000000000136e+02
2.470900000000000034e+02 2.106030000000000086e+02
2.437400000000000091e+02 2.541500000000000057e+02
2.403909999999999911e+02 2.388369999999999891e+02
2.389550000000000125e+02 2.273520000000000039e+02
2.394339999999999975e+02 2.182599999999999909e+02
2.356049999999999898e+02 2.608500000000000227e+02
2.284269999999999925e+02 2.498429999999999893e+02
2.245989999999999895e+02 2.421870000000000118e+02
2.222059999999999889e+02 2.354869999999999948e+02
