2.697860000000000014e+02 2.784739999999999895e+02
2.835769999999999982e+02 2.731360000000000241e+02
2.973670000000000186e+02 2.588999999999999773e+02
3.027060000000000173e+02 2.437750000000000057e+02
3.089340000000000259e+02 2.304290000000000020e+02
2.840210000000000150e+02 2.442199999999999989e+02
2.871349999999999909e+02 2.228660000000000139e+02
2.889150000000000205e+02 2.086299999999999955e+02
2.880249999999999773e+02 1.970639999999999930e+02
2.746789999999999736e+02 2.442199999999999989e+02
2.760140000000000100e+02 2.193069999999999879e+02
2.764590000000000032e+02 2.055159999999999911e+02
2.773480000000000132e+02 1.939499999999999886e+02
2.653369999999999891e+02 2.468890000000000100e+02
2.648919999999999959e+02 2.237560000000000002e+02
2.653369999999999891e+02 2.108549999999999898e+02
2.675609999999999786e+02 1.997330000000000041e+02
2.573299999999999841e+02 2.508930000000000007e+02
2.515459999999999923e+02 2.353220000000000027e+02
2.506570000000000107e+02 2.250900000000000034e+02
2.484319999999999879e+02 2.157479999999999905e+02
