2.410910000000000082e+02 4.125930000000000177e+02
2.558509999999999991e+02 4.173799999999999955e+02
2.690149999999999864e+02 4.257570000000000050e+02
2.714080000000000155e+02 4.377250000000000227e+02
2.761949999999999932e+02 4.504900000000000091e+02
2.498669999999999902e+02 4.301449999999999818e+02
2.490699999999999932e+02 4.476970000000000027e+02
2.478729999999999905e+02 4.600640000000000214e+02
2.442829999999999870e+02 4.696370000000000005e+02
2.363040000000000020e+02 4.317409999999999854e+02
2.351080000000000041e+02 4.472980000000000018e+02
2.319159999999999968e+02 4.596650000000000205e+02
2.271289999999999907e+02 4.704350000000000023e+02
2.263319999999999936e+02 4.301449999999999818e+02
2.247359999999999900e+02 4.449049999999999727e+02
2.231399999999999864e+02 4.568720000000000141e+02
2.191510000000000105e+02 4.664460000000000264e+02
2.163590000000000089e+02 4.317409999999999854e+02
2.135670000000000073e+02 4.441070000000000277e+02
2.115720000000000027e+02 4.508890000000000100e+02
2.091790000000000020e+02 4.568720000000000141e+02
