2.449199999999999875e+02 3.956720000000000255e+02
2.572980000000000018e+02 4.000640000000000214e+02
2.680779999999999745e+02 4.056539999999999964e+02
2.728690000000000282e+02 4.184309999999999832e+02
2.764630000000000223e+02 4.304089999999999918e+02
2.525060000000000002e+02 4.132400000000000091e+02
2.525060000000000002e+02 4.296100000000000136e+02
2.513089999999999975e+02 4.391929999999999836e+02
2.485140000000000100e+02 4.463799999999999955e+02
2.421250000000000000e+02 4.136390000000000100e+02
2.413269999999999982e+02 4.284130000000000109e+02
2.385320000000000107e+02 4.383940000000000055e+02
2.361359999999999957e+02 4.483759999999999764e+02
2.325430000000000064e+02 4.136390000000000100e+02
2.313449999999999989e+02 4.264159999999999968e+02
2.285500000000000114e+02 4.355989999999999895e+02
2.257549999999999955e+02 4.455810000000000173e+02
2.225610000000000070e+02 4.132400000000000091e+02
2.185680000000000121e+02 4.236209999999999809e+02
2.137769999999999868e+02 4.300099999999999909e+02
2.101829999999999927e+02 4.359990000000000236e+02
