2.175629999999999882e+02 3.933240000000000123e+02
2.295649999999999977e+02 3.963240000000000123e+02
2.415660000000000025e+02 4.036100000000000136e+02
2.462800000000000011e+02 4.173260000000000218e+02
2.552810000000000059e+02 4.271840000000000259e+02
2.317079999999999984e+02 4.130400000000000205e+02
2.308499999999999943e+02 4.288980000000000246e+02
2.282789999999999964e+02 4.378990000000000009e+02
2.248499999999999943e+02 4.447570000000000050e+02
2.209919999999999902e+02 4.138969999999999914e+02
2.184209999999999923e+02 4.271840000000000259e+02
2.175629999999999882e+02 4.378990000000000009e+02
2.149919999999999902e+02 4.473279999999999745e+02
2.107059999999999889e+02 4.130400000000000205e+02
2.081339999999999861e+02 4.254689999999999941e+02
2.077050000000000125e+02 4.348990000000000009e+02
2.068480000000000132e+02 4.443279999999999745e+02
2.008480000000000132e+02 4.126109999999999900e+02
1.995620000000000118e+02 4.228980000000000246e+02
1.974190000000000111e+02 4.297549999999999955e+02
1.969900000000000091e+02 4.370419999999999732e+02
