2.485910000000000082e+02 2.466090000000000089e+02
2.617959999999999923e+02 2.367050000000000125e+02
2.768879999999999768e+02 2.216140000000000043e+02
2.886779999999999973e+02 2.107669999999999959e+02
3.014110000000000014e+02 2.041639999999999873e+02
2.575520000000000209e+02 2.032210000000000036e+02
2.632110000000000127e+02 1.843559999999999945e+02
2.679270000000000209e+02 1.725660000000000025e+02
2.693419999999999845e+02 1.598329999999999984e+02
2.462330000000000041e+02 2.060500000000000114e+02
2.372719999999999914e+02 1.838849999999999909e+02
2.306699999999999875e+02 1.697369999999999948e+02
2.235960000000000036e+02 1.584180000000000064e+02
2.372719999999999914e+02 2.107669999999999959e+02
2.240670000000000073e+02 1.919019999999999868e+02
2.165209999999999866e+02 1.805840000000000032e+02
2.094470000000000027e+02 1.711510000000000105e+02
2.292549999999999955e+02 2.183120000000000118e+02
2.155780000000000030e+02 2.098230000000000075e+02
2.066179999999999950e+02 2.036920000000000073e+02
1.995430000000000064e+02 1.989759999999999991e+02
