2.501819999999999879e+02 2.732529999999999859e+02
2.501819999999999879e+02 2.645799999999999841e+02
2.556599999999999966e+02 2.531680000000000064e+02
2.652459999999999809e+02 2.403870000000000005e+02
2.688969999999999914e+02 2.285180000000000007e+02
2.684409999999999741e+02 2.755350000000000250e+02
2.803090000000000259e+02 2.864900000000000091e+02
2.903519999999999754e+02 2.947069999999999936e+02
2.967420000000000186e+02 3.020110000000000241e+02
2.784830000000000041e+02 2.801000000000000227e+02
2.917210000000000036e+02 2.915120000000000005e+02
3.022200000000000273e+02 3.015539999999999736e+02
3.108929999999999723e+02 3.074879999999999995e+02
2.830480000000000018e+02 2.819259999999999877e+02
2.935470000000000255e+02 2.910550000000000068e+02
3.035889999999999986e+02 2.992719999999999914e+02
3.122620000000000005e+02 3.056619999999999777e+02
2.853299999999999841e+02 2.810129999999999768e+02
2.953729999999999905e+02 2.874030000000000200e+02
3.035889999999999986e+02 2.937939999999999827e+02
3.108929999999999723e+02 2.979019999999999868e+02
