2.382479999999999905e+02 4.095310000000000059e+02
2.518779999999999859e+02 4.135400000000000205e+02
2.647060000000000173e+02 4.199540000000000077e+02
2.614990000000000236e+02 4.363910000000000196e+02
2.647060000000000173e+02 4.472149999999999750e+02
2.482700000000000102e+02 4.219590000000000032e+02
2.510759999999999934e+02 4.428050000000000068e+02
2.506750000000000114e+02 4.524270000000000209e+02
2.490720000000000027e+02 4.620480000000000018e+02
2.366440000000000055e+02 4.235620000000000118e+02
2.390490000000000066e+02 4.303779999999999859e+02
2.390490000000000066e+02 4.528279999999999745e+02
2.394499999999999886e+02 4.660570000000000164e+02
2.262210000000000036e+02 4.247649999999999864e+02
2.286260000000000048e+02 4.335849999999999795e+02
2.298290000000000077e+02 4.488190000000000168e+02
2.306310000000000002e+02 4.624490000000000123e+02
2.174010000000000105e+02 4.291750000000000114e+02
2.198069999999999879e+02 4.363910000000000196e+02
2.250180000000000007e+02 4.460120000000000005e+02
2.186040000000000134e+02 4.552330000000000041e+02
