2.770699999999999932e+02 2.590919999999999845e+02
2.848410000000000082e+02 2.472059999999999889e+02
2.907839999999999918e+02 2.284639999999999986e+02
2.880409999999999968e+02 2.142930000000000064e+02
2.834700000000000273e+02 2.042359999999999900e+02
2.770699999999999932e+02 2.225209999999999866e+02
2.807269999999999754e+02 2.042359999999999900e+02
2.820989999999999895e+02 2.092649999999999864e+02
2.834700000000000273e+02 2.156639999999999873e+02
2.670129999999999768e+02 2.252640000000000100e+02
2.743269999999999982e+02 2.078930000000000007e+02
2.775269999999999868e+02 2.179499999999999886e+02
2.784420000000000073e+02 2.261779999999999973e+02
2.596990000000000123e+02 2.293779999999999859e+02
2.665559999999999832e+02 2.133789999999999907e+02
2.720419999999999732e+02 2.252640000000000100e+02
2.734130000000000109e+02 2.325780000000000030e+02
2.532990000000000066e+02 2.330349999999999966e+02
2.606129999999999995e+02 2.229790000000000134e+02
2.660989999999999895e+02 2.302930000000000064e+02
2.679279999999999973e+02 2.376069999999999993e+02
