2.224410000000000025e+02 3.959540000000000077e+02
2.343369999999999891e+02 4.000559999999999832e+02
2.454130000000000109e+02 4.062099999999999795e+02
2.491049999999999898e+02 4.181059999999999945e+02
2.486949999999999932e+02 4.328740000000000236e+02
2.285939999999999941e+02 4.119529999999999745e+02
2.298249999999999886e+02 4.279510000000000218e+02
2.298249999999999886e+02 4.398480000000000132e+02
2.285939999999999941e+02 4.484619999999999891e+02
2.183389999999999986e+02 4.140040000000000191e+02
2.183389999999999986e+02 4.304130000000000109e+02
2.162870000000000061e+02 4.402579999999999814e+02
2.134159999999999968e+02 4.501030000000000086e+02
2.097239999999999895e+02 4.148240000000000123e+02
2.076730000000000018e+02 4.275409999999999968e+02
2.056220000000000141e+02 4.373860000000000241e+02
2.023400000000000034e+02 4.472320000000000277e+02
2.006990000000000123e+02 4.156449999999999818e+02
1.965970000000000084e+02 4.254900000000000091e+02
1.937249999999999943e+02 4.316429999999999723e+02
1.904439999999999884e+02 4.382069999999999936e+02
