2.478460000000000036e+02 3.948220000000000027e+02
2.593039999999999736e+02 3.987730000000000246e+02
2.703679999999999950e+02 4.043050000000000068e+02
2.739239999999999782e+02 4.157640000000000100e+02
2.743190000000000168e+02 4.288029999999999973e+02
2.553530000000000086e+02 4.118129999999999882e+02
2.529819999999999993e+02 4.256419999999999959e+02
2.514019999999999868e+02 4.374959999999999809e+02
2.474499999999999886e+02 4.450040000000000191e+02
2.431040000000000134e+02 4.141840000000000259e+02
2.415229999999999961e+02 4.256419999999999959e+02
2.387580000000000098e+02 4.363109999999999786e+02
2.359919999999999902e+02 4.453990000000000009e+02
2.344110000000000014e+02 4.145790000000000077e+02
2.324350000000000023e+02 4.224809999999999945e+02
2.276939999999999884e+02 4.327549999999999955e+02
2.249279999999999973e+02 4.434230000000000018e+02
2.257179999999999893e+02 4.137880000000000109e+02
2.193959999999999866e+02 4.220860000000000127e+02
2.138640000000000043e+02 4.280129999999999768e+02
2.103079999999999927e+02 4.335450000000000159e+02
