2.492470000000000141e+02 2.813120000000000118e+02
2.606000000000000227e+02 2.657010000000000218e+02
2.667500000000000000e+02 2.496169999999999902e+02
2.662769999999999868e+02 2.382640000000000100e+02
2.643849999999999909e+02 2.278559999999999945e+02
2.478280000000000030e+02 2.344790000000000134e+02
2.492470000000000141e+02 2.122450000000000045e+02
2.497199999999999989e+02 1.994730000000000132e+02
2.530310000000000059e+02 1.890660000000000025e+02
2.412050000000000125e+02 2.358979999999999961e+02
2.374209999999999923e+02 2.136649999999999920e+02
2.355279999999999916e+02 2.004190000000000111e+02
2.378940000000000055e+02 1.890660000000000025e+02
2.374209999999999923e+02 2.406289999999999907e+02
2.326899999999999977e+02 2.193410000000000082e+02
2.374209999999999923e+02 2.117719999999999914e+02
2.459360000000000070e+02 2.108259999999999934e+02
2.355279999999999916e+02 2.458319999999999936e+02
2.345819999999999936e+02 2.306949999999999932e+02
2.412050000000000125e+02 2.264370000000000118e+02
2.497199999999999989e+02 2.235989999999999895e+02
