2.491069999999999993e+02 2.731440000000000055e+02
2.509019999999999868e+02 2.650679999999999836e+02
2.634649999999999750e+02 2.637219999999999800e+02
2.800659999999999741e+02 2.691059999999999945e+02
2.935260000000000105e+02 2.735930000000000177e+02
2.688489999999999895e+02 2.843609999999999900e+02
2.827579999999999814e+02 2.942320000000000277e+02
2.948720000000000141e+02 2.987189999999999941e+02
3.042939999999999827e+02 3.023079999999999927e+02
2.719900000000000091e+02 2.897450000000000045e+02
2.894879999999999995e+02 2.969239999999999782e+02
3.033969999999999914e+02 2.991680000000000064e+02
3.137169999999999845e+02 3.032060000000000173e+02
2.742330000000000041e+02 2.888480000000000132e+02
2.899370000000000118e+02 2.946809999999999832e+02
3.033969999999999914e+02 2.919889999999999759e+02
3.105760000000000218e+02 3.018600000000000136e+02
2.755790000000000077e+02 2.866050000000000182e+02
2.876929999999999836e+02 2.897450000000000045e+02
2.980129999999999768e+02 2.843609999999999900e+02
2.966669999999999732e+02 2.758360000000000127e+02
