2.360260000000000105e+02 4.031990000000000123e+02
2.508729999999999905e+02 4.130960000000000036e+02
2.677810000000000059e+02 4.225810000000000173e+02
2.846890000000000214e+02 4.308290000000000077e+02
2.982980000000000018e+02 4.345409999999999968e+02
2.500480000000000018e+02 4.349529999999999745e+02
2.582959999999999923e+02 4.419639999999999986e+02
2.653059999999999832e+02 4.493870000000000005e+02
2.719049999999999727e+02 4.580470000000000255e+02
2.360260000000000105e+02 4.378399999999999750e+02
2.364389999999999930e+02 4.444379999999999882e+02
2.380879999999999939e+02 4.535110000000000241e+02
2.368509999999999991e+02 4.638199999999999932e+02
2.261289999999999907e+02 4.357780000000000200e+02
2.178810000000000002e+02 4.440260000000000105e+02
2.100459999999999923e+02 4.526859999999999786e+02
2.026229999999999905e+02 4.613460000000000036e+02
2.174689999999999941e+02 4.320659999999999741e+02
2.042719999999999914e+02 4.386639999999999873e+02
1.927249999999999943e+02 4.423759999999999764e+02
1.828280000000000030e+02 4.460880000000000223e+02
