2.523300000000000125e+02 2.265140000000000100e+02
2.640169999999999959e+02 2.221850000000000023e+02
2.804649999999999750e+02 2.126620000000000061e+02
2.943170000000000073e+02 2.091990000000000123e+02
3.077350000000000136e+02 2.087669999999999959e+02
2.666139999999999759e+02 1.892880000000000109e+02
2.761370000000000005e+02 1.741380000000000052e+02
2.886890000000000214e+02 1.689439999999999884e+02
2.977789999999999964e+02 1.706750000000000114e+02
2.631510000000000105e+02 1.884219999999999970e+02
2.774350000000000023e+02 1.715409999999999968e+02
2.904209999999999923e+02 1.685109999999999957e+02
3.008090000000000259e+02 1.680780000000000030e+02
2.627180000000000177e+02 1.892880000000000109e+02
2.765690000000000168e+02 1.732719999999999914e+02
2.895550000000000068e+02 1.702429999999999950e+02
2.982119999999999891e+02 1.702429999999999950e+02
2.631510000000000105e+02 1.927510000000000048e+02
2.735400000000000205e+02 1.784670000000000130e+02
2.817640000000000100e+02 1.741380000000000052e+02
2.891220000000000141e+02 1.715409999999999968e+02
