2.229600000000000080e+02 3.960529999999999973e+02
2.348129999999999882e+02 4.005489999999999782e+02
2.462570000000000050e+02 4.058629999999999995e+02
2.491189999999999998e+02 4.181250000000000000e+02
2.478919999999999959e+02 4.328389999999999986e+02
2.290910000000000082e+02 4.119940000000000282e+02
2.299079999999999870e+02 4.275249999999999773e+02
2.299079999999999870e+02 4.377440000000000282e+02
2.278640000000000043e+02 4.479619999999999891e+02
2.176459999999999866e+02 4.132200000000000273e+02
2.176459999999999866e+02 4.291600000000000250e+02
2.168290000000000077e+02 4.393790000000000191e+02
2.143760000000000048e+02 4.491879999999999882e+02
2.094720000000000084e+02 4.144460000000000264e+02
2.086539999999999964e+02 4.267080000000000268e+02
2.053839999999999861e+02 4.373349999999999795e+02
2.033410000000000082e+02 4.475529999999999973e+02
2.000709999999999980e+02 4.148550000000000182e+02
1.972100000000000080e+02 4.267080000000000268e+02
1.939399999999999977e+02 4.320210000000000150e+02
1.910790000000000077e+02 4.381519999999999868e+02
