2.689279999999999973e+02 2.547439999999999998e+02
2.780539999999999736e+02 2.465310000000000059e+02
2.890049999999999955e+02 2.319290000000000020e+02
2.990439999999999827e+02 2.205209999999999866e+02
3.077139999999999986e+02 2.109379999999999882e+02
2.871800000000000068e+02 2.145889999999999986e+02
2.917429999999999950e+02 1.981620000000000061e+02
2.949370000000000118e+02 1.867539999999999907e+02
2.958500000000000227e+02 1.758019999999999925e+02
2.839859999999999900e+02 2.136759999999999877e+02
2.935679999999999836e+02 1.958799999999999955e+02
2.981320000000000050e+02 1.812779999999999916e+02
3.017819999999999823e+02 1.707829999999999870e+02
2.807919999999999732e+02 2.168700000000000045e+02
2.912869999999999777e+02 1.986179999999999950e+02
2.958500000000000227e+02 1.876659999999999968e+02
2.972189999999999941e+02 1.753460000000000036e+02
2.780539999999999736e+02 2.200649999999999977e+02
2.880930000000000177e+02 2.045500000000000114e+02
2.931120000000000232e+02 1.945109999999999957e+02
2.958500000000000227e+02 1.794530000000000030e+02
