2.224039999999999964e+02 4.005509999999999877e+02
2.399579999999999984e+02 4.064030000000000200e+02
2.545869999999999891e+02 4.126730000000000018e+02
2.679619999999999891e+02 4.185240000000000009e+02
2.825910000000000082e+02 4.197780000000000200e+02
2.290910000000000082e+02 4.231220000000000141e+02
2.240759999999999934e+02 4.323170000000000073e+02
2.198959999999999866e+02 4.410950000000000273e+02
2.144619999999999891e+02 4.502900000000000205e+02
2.165519999999999925e+02 4.189420000000000073e+02
2.098650000000000091e+02 4.302269999999999754e+02
2.040130000000000052e+02 4.410950000000000273e+02
1.977429999999999950e+02 4.498720000000000141e+02
2.065209999999999866e+02 4.168519999999999754e+02
2.002510000000000048e+02 4.277200000000000273e+02
1.948180000000000121e+02 4.373330000000000268e+02
1.902199999999999989e+02 4.469460000000000264e+02
1.969070000000000107e+02 4.143450000000000273e+02
1.885480000000000018e+02 4.247939999999999827e+02
1.835320000000000107e+02 4.310629999999999882e+02
1.776810000000000116e+02 4.373330000000000268e+02
