2.472429999999999950e+02 3.777610000000000241e+02
2.594639999999999986e+02 3.801259999999999764e+02
2.705029999999999859e+02 3.840690000000000168e+02
2.732629999999999768e+02 3.923480000000000132e+02
2.819359999999999786e+02 3.970779999999999745e+02
2.574929999999999950e+02 3.903759999999999764e+02
2.594639999999999986e+02 3.974730000000000132e+02
2.606469999999999914e+02 4.053570000000000277e+02
2.594639999999999986e+02 4.093000000000000114e+02
2.464550000000000125e+02 3.911650000000000205e+02
2.468489999999999895e+02 3.966840000000000259e+02
2.476370000000000005e+02 4.033860000000000241e+02
2.472429999999999950e+02 4.057520000000000095e+02
2.373870000000000005e+02 3.927420000000000186e+02
2.346270000000000095e+02 3.990500000000000114e+02
2.354159999999999968e+02 4.045690000000000168e+02
2.358100000000000023e+02 4.089060000000000059e+02
2.283199999999999932e+02 3.955009999999999764e+02
2.243770000000000095e+02 4.006270000000000095e+02
2.212230000000000132e+02 4.045690000000000168e+02
2.184639999999999986e+02 4.081170000000000186e+02
