2.201399999999999864e+02 3.921549999999999727e+02
2.343180000000000121e+02 3.971589999999999918e+02
2.501630000000000109e+02 4.063319999999999936e+02
2.639230000000000018e+02 4.184250000000000114e+02
2.776829999999999927e+02 4.225939999999999941e+02
2.464099999999999966e+02 4.105020000000000095e+02
2.589189999999999827e+02 4.180079999999999814e+02
2.668419999999999845e+02 4.205090000000000146e+02
2.735129999999999768e+02 4.213430000000000177e+02
2.347340000000000089e+02 4.121700000000000159e+02
2.455759999999999934e+02 4.275980000000000132e+02
2.530809999999999889e+02 4.380219999999999914e+02
2.576680000000000064e+02 4.451109999999999900e+02
2.243100000000000023e+02 4.159230000000000018e+02
2.309819999999999993e+02 4.280149999999999864e+02
2.364019999999999868e+02 4.388559999999999945e+02
2.405720000000000027e+02 4.484470000000000027e+02
2.159710000000000036e+02 4.205090000000000146e+02
2.172210000000000036e+02 4.301000000000000227e+02
2.201399999999999864e+02 4.376050000000000182e+02
2.243100000000000023e+02 4.455280000000000200e+02
