2.321009999999999991e+02 3.996569999999999823e+02
2.450829999999999984e+02 4.024970000000000141e+02
2.556320000000000050e+02 4.077710000000000150e+02
2.576600000000000250e+02 4.175079999999999814e+02
2.556320000000000050e+02 4.317080000000000268e+02
2.385920000000000130e+02 4.098000000000000114e+02
2.402150000000000034e+02 4.248109999999999786e+02
2.406210000000000093e+02 4.353589999999999804e+02
2.394029999999999916e+02 4.459069999999999823e+02
2.268269999999999982e+02 4.118279999999999745e+02
2.288549999999999898e+02 4.284619999999999891e+02
2.268269999999999982e+02 4.386050000000000182e+02
2.264209999999999923e+02 4.483410000000000082e+02
2.166839999999999975e+02 4.130450000000000159e+02
2.187129999999999939e+02 4.260280000000000200e+02
2.166839999999999975e+02 4.361700000000000159e+02
2.146560000000000059e+02 4.475299999999999727e+02
2.081639999999999873e+02 4.158849999999999909e+02
2.069470000000000027e+02 4.276510000000000105e+02
2.045130000000000052e+02 4.329250000000000114e+02
2.024850000000000136e+02 4.386050000000000182e+02
