2.671549999999999727e+02 2.547479999999999905e+02
2.589279999999999973e+02 2.396659999999999968e+02
2.539010000000000105e+02 2.222990000000000066e+02
2.520720000000000027e+02 2.067589999999999861e+02
2.475020000000000095e+02 1.925910000000000082e+02
2.671549999999999727e+02 2.172709999999999866e+02
2.758380000000000223e+02 1.976189999999999998e+02
2.804089999999999918e+02 1.848220000000000027e+02
2.858929999999999723e+02 1.747669999999999959e+02
2.776669999999999732e+02 2.213849999999999909e+02
2.872640000000000100e+02 1.999039999999999964e+02
2.927490000000000236e+02 1.875639999999999930e+02
2.973190000000000168e+02 1.770519999999999925e+02
2.872640000000000100e+02 2.277829999999999870e+02
2.950339999999999918e+02 2.072160000000000082e+02
2.991469999999999914e+02 1.953329999999999984e+02
3.028039999999999736e+02 1.843650000000000091e+02
2.950339999999999918e+02 2.328110000000000070e+02
3.023469999999999800e+02 2.204710000000000036e+02
3.069169999999999732e+02 2.127009999999999934e+02
3.110299999999999727e+02 2.040169999999999959e+02
