2.170829999999999984e+02 3.936399999999999864e+02
2.302479999999999905e+02 3.973430000000000177e+02
2.417680000000000007e+02 4.039259999999999877e+02
2.467050000000000125e+02 4.179139999999999873e+02
2.545219999999999914e+02 4.265529999999999973e+02
2.306599999999999966e+02 4.129769999999999754e+02
2.302479999999999905e+02 4.286100000000000136e+02
2.277800000000000011e+02 4.380729999999999791e+02
2.240769999999999982e+02 4.450670000000000073e+02
2.203739999999999952e+02 4.125649999999999977e+02
2.191399999999999864e+02 4.281990000000000123e+02
2.170829999999999984e+02 4.384839999999999804e+02
2.150260000000000105e+02 4.475350000000000250e+02
2.100889999999999986e+02 4.121539999999999964e+02
2.084430000000000121e+02 4.253190000000000168e+02
2.076200000000000045e+02 4.356039999999999850e+02
2.067980000000000018e+02 4.446560000000000059e+02
2.006260000000000048e+02 4.117420000000000186e+02
1.989809999999999945e+02 4.224390000000000214e+02
1.977460000000000093e+02 4.290219999999999914e+02
1.969240000000000066e+02 4.360160000000000196e+02
