2.154459999999999980e+02 3.952219999999999800e+02
2.312510000000000048e+02 4.012029999999999745e+02
2.449209999999999923e+02 4.101739999999999782e+02
2.598729999999999905e+02 4.178629999999999995e+02
2.743969999999999914e+02 4.217080000000000268e+02
2.316790000000000020e+02 4.131639999999999873e+02
2.402220000000000084e+02 4.281150000000000091e+02
2.470569999999999879e+02 4.353779999999999859e+02
2.530380000000000109e+02 4.452029999999999745e+02
2.188629999999999995e+02 4.144449999999999932e+02
2.252709999999999866e+02 4.281150000000000091e+02
2.312510000000000048e+02 4.452029999999999745e+02
2.338149999999999977e+02 4.486200000000000045e+02
2.081829999999999927e+02 4.174359999999999786e+02
1.881059999999999945e+02 4.242710000000000150e+02
1.774259999999999877e+02 4.298240000000000123e+02
1.693100000000000023e+02 4.353779999999999859e+02
1.983580000000000041e+02 4.170090000000000146e+02
1.876790000000000020e+02 4.242710000000000150e+02
1.782810000000000059e+02 4.285430000000000064e+02
1.735809999999999889e+02 4.311059999999999945e+02
