2.176049999999999898e+02 3.980369999999999777e+02
2.279639999999999986e+02 4.010590000000000259e+02
2.383240000000000123e+02 4.053750000000000000e+02
2.383240000000000123e+02 4.140079999999999814e+02
2.344389999999999930e+02 4.269580000000000268e+02
2.171730000000000018e+02 4.209150000000000205e+02
2.111299999999999955e+02 4.295480000000000018e+02
2.029290000000000020e+02 4.368860000000000241e+02
1.947270000000000039e+02 4.437919999999999732e+02
2.059499999999999886e+02 4.191879999999999882e+02
1.981810000000000116e+02 4.286850000000000023e+02
1.904110000000000014e+02 4.364540000000000077e+02
1.826409999999999911e+02 4.420659999999999741e+02
1.986119999999999948e+02 4.170299999999999727e+02
1.917059999999999889e+02 4.248000000000000114e+02
1.847990000000000066e+02 4.330009999999999764e+02
1.770300000000000011e+02 4.403389999999999986e+02
1.912740000000000009e+02 4.131449999999999818e+02
1.865260000000000105e+02 4.191879999999999882e+02
1.817779999999999916e+02 4.265260000000000105e+02
1.765980000000000132e+02 4.334329999999999927e+02
