2.477489999999999952e+02 3.942019999999999982e+02
2.594780000000000086e+02 3.990550000000000068e+02
2.708020000000000209e+02 4.043129999999999882e+02
2.740380000000000109e+02 4.156370000000000005e+02
2.748469999999999800e+02 4.285790000000000077e+02
2.554339999999999975e+02 4.124019999999999868e+02
2.530070000000000050e+02 4.261530000000000200e+02
2.513890000000000100e+02 4.382860000000000014e+02
2.477489999999999952e+02 4.455659999999999741e+02
2.437050000000000125e+02 4.144239999999999782e+02
2.416829999999999927e+02 4.257479999999999905e+02
2.384470000000000027e+02 4.370729999999999791e+02
2.356160000000000139e+02 4.455659999999999741e+02
2.348069999999999879e+02 4.132110000000000127e+02
2.323810000000000002e+02 4.225129999999999768e+02
2.283360000000000127e+02 4.338369999999999891e+02
2.246959999999999980e+02 4.435439999999999827e+02
2.255049999999999955e+02 4.128059999999999832e+02
2.194389999999999930e+02 4.221080000000000041e+02
2.145850000000000080e+02 4.281750000000000114e+02
2.097319999999999993e+02 4.334329999999999927e+02
