2.460360000000000014e+02 3.488319999999999936e+02
2.600249999999999773e+02 3.460350000000000250e+02
2.744130000000000109e+02 3.420380000000000109e+02
2.804080000000000155e+02 3.356429999999999723e+02
2.880020000000000095e+02 3.272500000000000000e+02
2.580260000000000105e+02 3.324460000000000264e+02
2.580260000000000105e+02 3.204560000000000173e+02
2.568269999999999982e+02 3.132610000000000241e+02
2.556279999999999859e+02 3.072660000000000196e+02
2.464360000000000070e+02 3.324460000000000264e+02
2.456359999999999957e+02 3.208550000000000182e+02
2.432379999999999995e+02 3.112629999999999768e+02
2.428389999999999986e+02 3.040690000000000168e+02
2.368429999999999893e+02 3.356429999999999723e+02
2.340459999999999923e+02 3.244519999999999982e+02
2.332460000000000093e+02 3.172579999999999814e+02
2.332460000000000093e+02 3.104639999999999986e+02
2.272510000000000048e+02 3.392400000000000091e+02
2.216560000000000059e+02 3.332450000000000045e+02
2.188580000000000041e+02 3.292479999999999905e+02
2.148609999999999900e+02 3.228539999999999850e+02
