2.224499999999999886e+02 3.981789999999999736e+02
2.339370000000000118e+02 4.026920000000000073e+02
2.450130000000000052e+02 4.133580000000000041e+02
2.392700000000000102e+02 4.232040000000000077e+02
2.343470000000000084e+02 4.342799999999999727e+02
2.236810000000000116e+02 4.141789999999999736e+02
2.208089999999999975e+02 4.305880000000000223e+02
2.162959999999999923e+02 4.404340000000000259e+02
2.089120000000000061e+02 4.474080000000000155e+02
2.134250000000000114e+02 4.141789999999999736e+02
2.097330000000000041e+02 4.297679999999999723e+02
2.035790000000000077e+02 4.404340000000000259e+02
1.974250000000000114e+02 4.474080000000000155e+02
2.039890000000000043e+02 4.137679999999999723e+02
1.998870000000000005e+02 4.273059999999999832e+02
1.953739999999999952e+02 4.371519999999999868e+02
1.904509999999999934e+02 4.445360000000000014e+02
1.957839999999999918e+02 4.137679999999999723e+02
1.904509999999999934e+02 4.256650000000000205e+02
1.859389999999999930e+02 4.318190000000000168e+02
1.814259999999999877e+02 4.371519999999999868e+02
