2.440370000000000061e+02 3.034719999999999800e+02
2.594780000000000086e+02 2.927099999999999795e+02
2.763229999999999791e+02 2.800760000000000218e+02
2.898929999999999723e+02 2.753969999999999914e+02
3.048659999999999854e+02 2.721209999999999809e+02
2.613500000000000227e+02 2.585520000000000209e+02
2.650930000000000177e+02 2.384310000000000116e+02
2.693039999999999736e+02 2.243940000000000055e+02
2.697719999999999914e+02 2.117599999999999909e+02
2.501200000000000045e+02 2.604230000000000018e+02
2.449720000000000084e+02 2.379629999999999939e+02
2.445049999999999955e+02 2.220540000000000020e+02
2.412290000000000134e+02 2.084840000000000089e+02
2.412290000000000134e+02 2.646349999999999909e+02
2.356140000000000043e+02 2.459180000000000064e+02
2.318710000000000093e+02 2.318799999999999955e+02
2.290629999999999882e+02 2.197139999999999986e+02
2.351459999999999866e+02 2.730570000000000164e+02
2.257880000000000109e+02 2.608910000000000196e+02
2.211090000000000089e+02 2.524689999999999941e+02
2.150260000000000105e+02 2.440459999999999923e+02
