2.141189999999999998e+02 3.937590000000000146e+02
2.300130000000000052e+02 3.996139999999999759e+02
2.442330000000000041e+02 4.096519999999999868e+02
2.584529999999999745e+02 4.163439999999999941e+02
2.722549999999999955e+02 4.217810000000000059e+02
2.354499999999999886e+02 4.117429999999999950e+02
2.392139999999999986e+02 4.263820000000000050e+02
2.450689999999999884e+02 4.351650000000000205e+02
2.484149999999999920e+02 4.431120000000000232e+02
2.262479999999999905e+02 4.125799999999999841e+02
2.254120000000000061e+02 4.276370000000000005e+02
2.287580000000000098e+02 4.380930000000000177e+02
2.316860000000000070e+02 4.477119999999999891e+02
2.174650000000000034e+02 4.142529999999999859e+02
2.162110000000000127e+02 4.284730000000000132e+02
2.174650000000000034e+02 4.380930000000000177e+02
2.199749999999999943e+02 4.456209999999999809e+02
2.086819999999999879e+02 4.155070000000000050e+02
2.116100000000000136e+02 4.255450000000000159e+02
2.141189999999999998e+02 4.322370000000000232e+02
2.090999999999999943e+02 4.380930000000000177e+02
