2.171289999999999907e+02 3.924839999999999804e+02
2.295200000000000102e+02 3.954750000000000227e+02
2.419110000000000014e+02 4.040210000000000150e+02
2.461839999999999975e+02 4.185489999999999782e+02
2.551570000000000107e+02 4.270950000000000273e+02
2.312290000000000134e+02 4.138489999999999895e+02
2.308019999999999925e+02 4.296580000000000155e+02
2.282379999999999995e+02 4.390590000000000259e+02
2.248199999999999932e+02 4.458949999999999818e+02
2.201200000000000045e+02 4.147029999999999745e+02
2.188379999999999939e+02 4.275219999999999914e+02
2.171289999999999907e+02 4.386309999999999718e+02
2.145649999999999977e+02 4.467500000000000000e+02
2.098650000000000091e+02 4.129940000000000282e+02
2.085829999999999984e+02 4.258129999999999882e+02
2.077290000000000134e+02 4.356399999999999864e+02
2.068739999999999952e+02 4.441859999999999786e+02
1.991829999999999927e+02 4.125670000000000073e+02
1.987549999999999955e+02 4.241039999999999850e+02
1.974739999999999895e+02 4.296580000000000155e+02
1.970459999999999923e+02 4.364950000000000045e+02
