2.756750000000000114e+02 2.595070000000000050e+02
2.851890000000000214e+02 2.481800000000000068e+02
2.928910000000000196e+02 2.291519999999999868e+02
2.919850000000000136e+02 2.173729999999999905e+02
2.847359999999999900e+02 2.114830000000000041e+02
2.802060000000000173e+02 2.259809999999999945e+02
2.815649999999999977e+02 2.087649999999999864e+02
2.833770000000000095e+02 2.142009999999999934e+02
2.847359999999999900e+02 2.182789999999999964e+02
2.720509999999999877e+02 2.246210000000000093e+02
2.770339999999999918e+02 2.128420000000000130e+02
2.797529999999999859e+02 2.209970000000000141e+02
2.788469999999999800e+02 2.291519999999999868e+02
2.607250000000000227e+02 2.255279999999999916e+02
2.697860000000000014e+02 2.164670000000000130e+02
2.734100000000000250e+02 2.259809999999999945e+02
2.738629999999999995e+02 2.327760000000000105e+02
2.548350000000000080e+02 2.286990000000000123e+02
2.629900000000000091e+02 2.214499999999999886e+02
2.666139999999999759e+02 2.286990000000000123e+02
2.675199999999999818e+02 2.354950000000000045e+02
