2.586270000000000095e+02 2.457369999999999948e+02
2.714580000000000268e+02 2.364459999999999980e+02
2.829610000000000127e+02 2.245000000000000000e+02
2.957909999999999968e+02 2.152090000000000032e+02
3.081789999999999736e+02 2.143249999999999886e+02
2.648210000000000264e+02 2.032640000000000100e+02
2.865000000000000000e+02 2.010519999999999925e+02
2.988879999999999768e+02 2.045910000000000082e+02
3.068519999999999754e+02 2.054759999999999991e+02
2.643790000000000191e+02 2.054759999999999991e+02
2.887119999999999891e+02 2.023789999999999907e+02
3.024270000000000209e+02 2.050339999999999918e+02
3.143729999999999905e+02 2.045910000000000082e+02
2.652640000000000100e+02 2.112280000000000086e+02
2.869429999999999836e+02 2.068029999999999973e+02
3.006580000000000155e+02 2.072460000000000093e+02
3.139300000000000068e+02 2.054759999999999991e+02
2.683609999999999900e+02 2.169790000000000134e+02
2.825179999999999723e+02 2.116699999999999875e+02
2.980029999999999859e+02 2.107849999999999966e+02
3.041970000000000027e+02 2.107849999999999966e+02
