2.214900000000000091e+02 3.955980000000000132e+02
2.351320000000000050e+02 3.985819999999999936e+02
2.500529999999999973e+02 4.075339999999999918e+02
2.645480000000000018e+02 4.190450000000000159e+02
2.794689999999999941e+02 4.224549999999999841e+02
2.436579999999999870e+02 4.062549999999999955e+02
2.560219999999999914e+02 4.173399999999999750e+02
2.492009999999999934e+02 4.122239999999999895e+02
2.457899999999999920e+02 4.126499999999999773e+02
2.317220000000000084e+02 4.092400000000000091e+02
2.449370000000000118e+02 4.258659999999999854e+02
2.521850000000000023e+02 4.360969999999999800e+02
2.581530000000000200e+02 4.441970000000000027e+02
2.214900000000000091e+02 4.126499999999999773e+02
2.312949999999999875e+02 4.267180000000000177e+02
2.355579999999999927e+02 4.395079999999999814e+02
2.398220000000000027e+02 4.480339999999999918e+02
2.125380000000000109e+02 4.181920000000000073e+02
2.150949999999999989e+02 4.271449999999999818e+02
2.180800000000000125e+02 4.339660000000000082e+02
2.223429999999999893e+02 4.412130000000000223e+02
