2.175639999999999930e+02 3.955179999999999723e+02
2.299569999999999936e+02 3.976539999999999964e+02
2.419240000000000066e+02 4.040649999999999977e+02
2.461970000000000027e+02 4.181680000000000064e+02
2.551719999999999970e+02 4.271419999999999959e+02
2.316670000000000016e+02 4.126120000000000232e+02
2.303849999999999909e+02 4.292789999999999964e+02
2.282479999999999905e+02 4.391080000000000041e+02
2.248290000000000077e+02 4.459460000000000264e+02
2.209830000000000041e+02 4.143220000000000027e+02
2.188460000000000036e+02 4.284239999999999782e+02
2.171370000000000005e+02 4.386809999999999832e+02
2.145720000000000027e+02 4.468009999999999877e+02
2.111529999999999916e+02 4.121850000000000023e+02
2.085889999999999986e+02 4.258600000000000136e+02
2.077350000000000136e+02 4.356899999999999977e+02
2.068799999999999955e+02 4.442370000000000232e+02
2.013240000000000123e+02 4.117570000000000050e+02
1.996150000000000091e+02 4.224409999999999741e+02
1.974780000000000086e+02 4.292789999999999964e+02
1.966229999999999905e+02 4.361170000000000186e+02
