2.214259999999999877e+02 3.958990000000000009e+02
2.363919999999999959e+02 4.021349999999999909e+02
2.496959999999999980e+02 4.116960000000000264e+02
2.646619999999999777e+02 4.187640000000000100e+02
2.787959999999999923e+02 4.225049999999999955e+02
2.451229999999999905e+02 4.133589999999999804e+02
2.459540000000000077e+02 4.283249999999999886e+02
2.542690000000000055e+02 4.362239999999999895e+02
2.600889999999999986e+02 4.457860000000000014e+02
2.264149999999999920e+02 4.154379999999999882e+02
2.447069999999999936e+02 4.274940000000000282e+02
2.517740000000000009e+02 4.345609999999999786e+02
2.584259999999999877e+02 4.445380000000000109e+02
2.147750000000000057e+02 4.191789999999999736e+02
2.047969999999999970e+02 4.291569999999999823e+02
1.981459999999999866e+02 4.391340000000000146e+02
1.914939999999999998e+02 4.462010000000000218e+02
2.031339999999999861e+02 4.171009999999999991e+02
1.927410000000000139e+02 4.262470000000000141e+02
1.848429999999999893e+02 4.304039999999999964e+02
1.761119999999999948e+02 4.358079999999999927e+02
