2.684759999999999991e+02 2.588550000000000182e+02
2.629950000000000045e+02 2.437820000000000107e+02
2.566009999999999991e+02 2.255109999999999957e+02
2.634519999999999982e+02 2.127220000000000084e+02
2.707599999999999909e+02 2.026740000000000066e+02
2.634519999999999982e+02 2.323629999999999995e+02
2.735009999999999764e+02 2.131790000000000020e+02
2.725869999999999891e+02 2.113520000000000039e+02
2.730439999999999827e+02 2.168329999999999984e+02
2.735009999999999764e+02 2.369300000000000068e+02
2.821789999999999736e+02 2.172899999999999920e+02
2.794390000000000214e+02 2.186599999999999966e+02
2.766979999999999791e+02 2.241409999999999911e+02
2.826360000000000241e+02 2.419550000000000125e+02
2.899440000000000168e+02 2.232280000000000086e+02
2.862900000000000205e+02 2.250550000000000068e+02
2.826360000000000241e+02 2.309919999999999902e+02
2.917710000000000150e+02 2.456090000000000089e+02
2.940550000000000068e+02 2.319060000000000059e+02
2.926840000000000259e+02 2.319060000000000059e+02
2.894870000000000232e+02 2.360169999999999959e+02
