2.523859999999999957e+02 2.260469999999999970e+02
2.645070000000000050e+02 2.217179999999999893e+02
2.800919999999999845e+02 2.130600000000000023e+02
2.939449999999999932e+02 2.100289999999999964e+02
3.077980000000000018e+02 2.091639999999999873e+02
2.688360000000000127e+02 1.888170000000000073e+02
2.770620000000000118e+02 1.727990000000000066e+02
2.900489999999999782e+02 1.693360000000000127e+02
2.982740000000000009e+02 1.697690000000000055e+02
2.640740000000000123e+02 1.870850000000000080e+02
2.792259999999999991e+02 1.715010000000000048e+02
2.922130000000000223e+02 1.693360000000000127e+02
3.013039999999999736e+02 1.693360000000000127e+02
2.627760000000000105e+02 1.892500000000000000e+02
2.774950000000000045e+02 1.727990000000000066e+02
2.900489999999999782e+02 1.697690000000000055e+02
2.995729999999999791e+02 1.715010000000000048e+02
2.636419999999999959e+02 1.931459999999999866e+02
2.731659999999999968e+02 1.797259999999999991e+02
2.818240000000000123e+02 1.740980000000000132e+02
2.896159999999999854e+02 1.723660000000000139e+02
