2.154850000000000136e+02 3.923530000000000086e+02
2.292350000000000136e+02 3.977690000000000055e+02
2.413180000000000121e+02 4.052690000000000055e+02
2.492340000000000089e+02 4.186019999999999754e+02
2.621499999999999773e+02 4.231850000000000023e+02
2.309010000000000105e+02 4.136019999999999754e+02
2.292350000000000136e+02 4.281850000000000023e+02
2.279850000000000136e+02 4.373519999999999754e+02
2.250680000000000121e+02 4.444350000000000023e+02
2.192350000000000136e+02 4.152690000000000055e+02
2.179850000000000136e+02 4.273519999999999754e+02
2.163180000000000121e+02 4.377679999999999723e+02
2.159019999999999868e+02 4.469350000000000023e+02
2.092350000000000136e+02 4.144359999999999786e+02
2.075689999999999884e+02 4.256850000000000023e+02
2.075689999999999884e+02 4.348519999999999754e+02
2.071519999999999868e+02 4.444350000000000023e+02
2.000689999999999884e+02 4.123519999999999754e+02
1.984019999999999868e+02 4.223519999999999754e+02
1.971519999999999868e+02 4.290190000000000055e+02
1.975689999999999884e+02 4.361019999999999754e+02
