2.377069999999999936e+02 4.060230000000000246e+02
2.549869999999999948e+02 4.169809999999999945e+02
2.731109999999999900e+02 4.228820000000000050e+02
2.903910000000000196e+02 4.296250000000000000e+02
3.047210000000000036e+02 4.287819999999999823e+02
2.368640000000000043e+02 4.410049999999999955e+02
2.608879999999999768e+02 4.447980000000000018e+02
2.676309999999999718e+02 4.536490000000000009e+02
2.739529999999999745e+02 4.616569999999999823e+02
2.254850000000000136e+02 4.346829999999999927e+02
2.010399999999999920e+02 4.372119999999999891e+02
1.900809999999999889e+02 4.405840000000000032e+02
1.787019999999999982e+02 4.447980000000000018e+02
2.200060000000000002e+02 4.321539999999999964e+02
2.010399999999999920e+02 4.363690000000000282e+02
1.892390000000000043e+02 4.414259999999999877e+02
1.791229999999999905e+02 4.447980000000000018e+02
2.153689999999999998e+02 4.313109999999999786e+02
2.069399999999999977e+02 4.351039999999999850e+02
2.060970000000000084e+02 4.355260000000000105e+02
2.634169999999999732e+02 4.414259999999999877e+02
