2.464859999999999900e+02 3.915830000000000268e+02
2.590409999999999968e+02 3.972529999999999859e+02
2.699759999999999991e+02 4.037330000000000041e+02
2.732160000000000082e+02 4.158840000000000146e+02
2.752409999999999854e+02 4.288439999999999941e+02
2.562060000000000173e+02 4.118340000000000032e+02
2.537760000000000105e+02 4.260090000000000146e+02
2.509410000000000025e+02 4.361340000000000146e+02
2.472959999999999923e+02 4.454490000000000123e+02
2.444610000000000127e+02 4.126440000000000055e+02
2.416250000000000000e+02 4.243890000000000100e+02
2.391949999999999932e+02 4.365389999999999873e+02
2.359550000000000125e+02 4.462590000000000146e+02
2.347400000000000091e+02 4.126440000000000055e+02
2.347400000000000091e+02 4.235790000000000077e+02
2.282599999999999909e+02 4.332989999999999782e+02
2.250200000000000102e+02 4.430190000000000055e+02
2.258300000000000125e+02 4.114289999999999736e+02
2.193499999999999943e+02 4.215539999999999736e+02
2.148950000000000102e+02 4.272239999999999895e+02
2.100349999999999966e+02 4.332989999999999782e+02
