2.609440000000000168e+02 2.562389999999999759e+02
2.719209999999999923e+02 2.461769999999999925e+02
2.856419999999999959e+02 2.338280000000000030e+02
2.961619999999999777e+02 2.269670000000000130e+02
3.043949999999999818e+02 2.233079999999999927e+02
2.787819999999999823e+02 2.159900000000000091e+02
2.792389999999999759e+02 1.972379999999999995e+02
2.783240000000000123e+02 1.830589999999999975e+02
2.760380000000000109e+02 1.716250000000000000e+02
2.751229999999999905e+02 2.150749999999999886e+02
2.728360000000000127e+02 1.944929999999999950e+02
2.723779999999999859e+02 1.794000000000000057e+02
2.687189999999999941e+02 1.661359999999999957e+02
2.719209999999999923e+02 2.178199999999999932e+02
2.691770000000000209e+02 1.981519999999999868e+02
2.682620000000000005e+02 1.839739999999999895e+02
2.650600000000000023e+02 1.725389999999999873e+02
2.691770000000000209e+02 2.237659999999999911e+02
2.668899999999999864e+02 2.086719999999999970e+02
2.646030000000000086e+02 1.999819999999999993e+02
2.627740000000000009e+02 1.903770000000000095e+02
