2.364070000000000107e+02 3.976480000000000246e+02
2.491250000000000000e+02 4.012250000000000227e+02
2.590609999999999786e+02 4.067889999999999873e+02
2.618430000000000177e+02 4.179169999999999732e+02
2.646250000000000000e+02 4.306349999999999909e+02
2.395869999999999891e+02 4.159300000000000068e+02
2.395869999999999891e+02 4.302370000000000232e+02
2.379970000000000141e+02 4.409680000000000177e+02
2.336250000000000000e+02 4.477239999999999895e+02
2.292539999999999907e+02 4.147370000000000232e+02
2.272669999999999959e+02 4.294420000000000073e+02
2.232920000000000016e+02 4.405699999999999932e+02
2.173309999999999889e+02 4.481220000000000141e+02
2.205099999999999909e+02 4.143399999999999750e+02
2.173309999999999889e+02 4.266600000000000250e+02
2.133569999999999993e+02 4.365960000000000036e+02
2.089850000000000136e+02 4.457370000000000232e+02
2.121639999999999873e+02 4.143399999999999750e+02
2.054079999999999870e+02 4.246730000000000018e+02
2.010360000000000014e+02 4.302370000000000232e+02
1.954720000000000084e+02 4.361990000000000123e+02
