2.176589999999999918e+02 3.939590000000000032e+02
2.294749999999999943e+02 3.970219999999999914e+02
2.412909999999999968e+02 4.044619999999999891e+02
2.465430000000000064e+02 4.180289999999999964e+02
2.548580000000000041e+02 4.267810000000000059e+02
2.307880000000000109e+02 4.136519999999999868e+02
2.299120000000000061e+02 4.285319999999999823e+02
2.285999999999999943e+02 4.381600000000000250e+02
2.255360000000000014e+02 4.456000000000000227e+02
2.211599999999999966e+02 4.145280000000000200e+02
2.185339999999999918e+02 4.267810000000000059e+02
2.180960000000000036e+02 4.368469999999999800e+02
2.150329999999999870e+02 4.464750000000000227e+02
2.115320000000000107e+02 4.119019999999999868e+02
2.089060000000000059e+02 4.250310000000000059e+02
2.080310000000000059e+02 4.350960000000000036e+02
2.067179999999999893e+02 4.442869999999999777e+02
2.019039999999999964e+02 4.110260000000000105e+02
1.992779999999999916e+02 4.215299999999999727e+02
1.975269999999999868e+02 4.289700000000000273e+02
1.966519999999999868e+02 4.359719999999999800e+02
