2.496759999999999877e+02 2.818949999999999818e+02
2.613700000000000045e+02 2.664590000000000032e+02
2.655799999999999841e+02 2.496200000000000045e+02
2.655799999999999841e+02 2.383940000000000055e+02
2.669830000000000041e+02 2.281030000000000086e+02
2.473369999999999891e+02 2.318449999999999989e+02
2.487400000000000091e+02 2.103290000000000077e+02
2.501440000000000055e+02 1.981670000000000016e+02
2.534180000000000064e+02 1.878760000000000048e+02
2.426599999999999966e+02 2.346519999999999868e+02
2.370469999999999970e+02 2.126670000000000016e+02
2.356430000000000007e+02 1.981670000000000016e+02
2.351759999999999877e+02 1.860049999999999955e+02
2.384499999999999886e+02 2.393290000000000077e+02
2.319010000000000105e+02 2.201510000000000105e+02
2.356430000000000007e+02 2.112640000000000100e+02
2.449979999999999905e+02 2.089250000000000114e+02
2.356430000000000007e+02 2.458779999999999859e+02
2.351759999999999877e+02 2.313779999999999859e+02
2.403209999999999980e+02 2.252969999999999970e+02
2.496759999999999877e+02 2.215550000000000068e+02
