2.478820000000000050e+02 2.346529999999999916e+02
2.599630000000000223e+02 2.279410000000000025e+02
2.738349999999999795e+02 2.198870000000000005e+02
2.877060000000000173e+02 2.163069999999999879e+02
3.015779999999999745e+02 2.158590000000000089e+02
2.622010000000000218e+02 1.952760000000000105e+02
2.733870000000000005e+02 1.831939999999999884e+02
2.850219999999999914e+02 1.805089999999999861e+02
2.921809999999999832e+02 1.809569999999999936e+02
2.590679999999999836e+02 1.966179999999999950e+02
2.738349999999999795e+02 1.809569999999999936e+02
2.877060000000000173e+02 1.809569999999999936e+02
2.988929999999999723e+02 1.836409999999999911e+02
2.590679999999999836e+02 2.015399999999999920e+02
2.738349999999999795e+02 1.849840000000000089e+02
2.868109999999999786e+02 1.831939999999999884e+02
2.953129999999999882e+02 1.836409999999999911e+02
2.622010000000000218e+02 2.082520000000000095e+02
2.715969999999999800e+02 1.943810000000000002e+02
2.800989999999999895e+02 1.890109999999999957e+02
2.877060000000000173e+02 1.867740000000000009e+02
