2.416829999999999927e+02 3.965489999999999782e+02
2.555519999999999925e+02 4.013039999999999736e+02
2.674390000000000214e+02 4.088330000000000268e+02
2.682320000000000277e+02 4.191360000000000241e+02
2.702130000000000223e+02 4.310230000000000246e+02
2.511930000000000121e+02 4.143809999999999718e+02
2.488160000000000025e+02 4.290419999999999732e+02
2.484190000000000111e+02 4.393450000000000273e+02
2.448530000000000086e+02 4.476659999999999968e+02
2.389089999999999918e+02 4.159660000000000082e+02
2.365320000000000107e+02 4.282500000000000000e+02
2.329650000000000034e+02 4.405339999999999918e+02
2.297949999999999875e+02 4.496469999999999914e+02
2.293990000000000009e+02 4.155699999999999932e+02
2.266250000000000000e+02 4.270609999999999786e+02
2.230589999999999975e+02 4.369669999999999845e+02
2.198890000000000100e+02 4.468740000000000236e+02
2.194929999999999950e+02 4.155699999999999932e+02
2.135490000000000066e+02 4.250799999999999841e+02
2.095860000000000127e+02 4.310230000000000246e+02
2.048309999999999889e+02 4.369669999999999845e+02
