2.227220000000000084e+02 3.981370000000000005e+02
2.367410000000000139e+02 4.043210000000000264e+02
2.507599999999999909e+02 4.121549999999999727e+02
2.660160000000000196e+02 4.187529999999999859e+02
2.796220000000000141e+02 4.216390000000000100e+02
2.235459999999999923e+02 4.241129999999999995e+02
2.132379999999999995e+02 4.335960000000000036e+02
2.070540000000000020e+02 4.414300000000000068e+02
2.004559999999999889e+02 4.484399999999999977e+02
2.136510000000000105e+02 4.212269999999999754e+02
2.029300000000000068e+02 4.311220000000000141e+02
1.934470000000000027e+02 4.397810000000000059e+02
1.856129999999999995e+02 4.459660000000000082e+02
2.070540000000000020e+02 4.187529999999999859e+02
1.938590000000000089e+02 4.274110000000000014e+02
1.839639999999999986e+02 4.315350000000000250e+02
1.761289999999999907e+02 4.368949999999999818e+02
2.008689999999999998e+02 4.158659999999999854e+02
1.913849999999999909e+02 4.249370000000000118e+02
1.835509999999999877e+02 4.307099999999999795e+02
1.765420000000000016e+02 4.348330000000000268e+02
