2.590489999999999782e+02 2.416310000000000002e+02
2.504389999999999930e+02 2.271289999999999907e+02
2.472659999999999911e+02 2.090020000000000095e+02
2.545169999999999959e+02 1.935929999999999893e+02
2.590489999999999782e+02 1.804509999999999934e+02
2.595020000000000095e+02 2.022040000000000077e+02
2.672069999999999936e+02 1.818100000000000023e+02
2.717379999999999995e+02 1.695740000000000123e+02
2.767239999999999895e+02 1.591510000000000105e+02
2.699259999999999877e+02 2.062829999999999870e+02
2.776299999999999955e+02 1.840759999999999934e+02
2.812549999999999955e+02 1.695740000000000123e+02
2.844279999999999973e+02 1.586980000000000075e+02
2.776299999999999955e+02 2.103609999999999900e+02
2.848809999999999718e+02 1.895149999999999864e+02
2.876000000000000227e+02 1.750130000000000052e+02
2.894130000000000109e+02 1.645889999999999986e+02
2.844279999999999973e+02 2.135339999999999918e+02
2.889599999999999795e+02 1.976719999999999970e+02
2.916789999999999736e+02 1.877019999999999982e+02
2.921320000000000050e+02 1.790910000000000082e+02
