2.777919999999999732e+02 2.477439999999999998e+02
2.680930000000000177e+02 2.358410000000000082e+02
2.614800000000000182e+02 2.190879999999999939e+02
2.592760000000000105e+02 2.032170000000000130e+02
2.522220000000000084e+02 1.899919999999999902e+02
2.738240000000000123e+02 2.133569999999999993e+02
2.786739999999999782e+02 2.014540000000000077e+02
2.835230000000000246e+02 1.939590000000000032e+02
2.844049999999999727e+02 1.930780000000000030e+02
2.852860000000000014e+02 2.151200000000000045e+02
2.923399999999999750e+02 1.979269999999999925e+02
2.941039999999999850e+02 1.944000000000000057e+02
2.941039999999999850e+02 1.935180000000000007e+02
2.945439999999999827e+02 2.190879999999999939e+02
3.011569999999999823e+02 2.036579999999999870e+02
3.015980000000000132e+02 2.005720000000000027e+02
2.989529999999999745e+02 2.005720000000000027e+02
3.024800000000000182e+02 2.252599999999999909e+02
3.082110000000000127e+02 2.115939999999999941e+02
3.077699999999999818e+02 2.080670000000000073e+02
3.055659999999999741e+02 2.071850000000000023e+02
