2.225430000000000064e+02 3.970819999999999936e+02
2.349749999999999943e+02 4.010919999999999845e+02
2.454010000000000105e+02 4.071070000000000277e+02
2.486090000000000089e+02 4.191379999999999768e+02
2.486090000000000089e+02 4.327719999999999914e+02
2.297609999999999957e+02 4.135230000000000246e+02
2.301620000000000061e+02 4.283609999999999900e+02
2.297609999999999957e+02 4.391890000000000214e+02
2.285579999999999927e+02 4.480110000000000241e+02
2.193350000000000080e+02 4.147269999999999754e+02
2.181320000000000050e+02 4.303659999999999854e+02
2.165279999999999916e+02 4.399909999999999854e+02
2.141220000000000141e+02 4.500160000000000196e+02
2.097100000000000080e+02 4.151279999999999859e+02
2.085070000000000050e+02 4.275590000000000259e+02
2.056999999999999886e+02 4.375849999999999795e+02
2.024919999999999902e+02 4.472090000000000032e+02
2.004869999999999948e+02 4.155289999999999964e+02
1.968779999999999859e+02 4.271580000000000155e+02
1.936699999999999875e+02 4.331730000000000018e+02
1.904610000000000127e+02 4.387880000000000109e+02
