2.470049999999999955e+02 3.938820000000000050e+02
2.589940000000000282e+02 3.986779999999999973e+02
2.701840000000000259e+02 4.034739999999999895e+02
2.737810000000000059e+02 4.150629999999999882e+02
2.745799999999999841e+02 4.290509999999999877e+02
2.549979999999999905e+02 4.126650000000000205e+02
2.537990000000000066e+02 4.262529999999999859e+02
2.518009999999999877e+02 4.382420000000000186e+02
2.478040000000000020e+02 4.450360000000000014e+02
2.438079999999999927e+02 4.138639999999999759e+02
2.414099999999999966e+02 4.258539999999999850e+02
2.386129999999999995e+02 4.370430000000000064e+02
2.358149999999999977e+02 4.458349999999999795e+02
2.354159999999999968e+02 4.134649999999999750e+02
2.322189999999999941e+02 4.222570000000000050e+02
2.286220000000000141e+02 4.334470000000000027e+02
2.250250000000000057e+02 4.434379999999999882e+02
2.258240000000000123e+02 4.126650000000000205e+02
2.198300000000000125e+02 4.218570000000000277e+02
2.142350000000000136e+02 4.274519999999999982e+02
2.102379999999999995e+02 4.338460000000000036e+02
