2.390709999999999980e+02 4.158519999999999754e+02
2.533230000000000075e+02 4.180790000000000077e+02
2.657939999999999827e+02 4.256510000000000105e+02
2.715840000000000032e+02 4.412389999999999759e+02
2.818269999999999982e+02 4.497010000000000218e+02
2.524319999999999879e+02 4.452470000000000141e+02
2.533230000000000075e+02 4.497010000000000218e+02
2.568860000000000241e+02 4.586089999999999804e+02
2.568860000000000241e+02 4.684069999999999823e+02
2.386250000000000000e+02 4.425749999999999886e+02
2.386250000000000000e+02 4.492559999999999718e+02
2.377350000000000136e+02 4.599449999999999932e+02
2.355080000000000098e+02 4.706340000000000146e+02
2.283820000000000050e+02 4.421299999999999955e+02
2.248189999999999884e+02 4.497010000000000218e+02
2.208100000000000023e+02 4.595000000000000000e+02
2.176920000000000073e+02 4.706340000000000146e+02
2.181380000000000052e+02 4.416840000000000259e+02
2.101210000000000093e+02 4.456929999999999836e+02
2.021040000000000134e+02 4.497010000000000218e+02
1.940869999999999891e+02 4.559370000000000118e+02
