2.654549999999999841e+02 2.543880000000000052e+02
2.769169999999999732e+02 2.461349999999999909e+02
2.879200000000000159e+02 2.314639999999999986e+02
3.002989999999999782e+02 2.209190000000000111e+02
3.135950000000000273e+02 2.172510000000000048e+02
2.714150000000000205e+02 2.135829999999999984e+02
3.044250000000000114e+02 2.126659999999999968e+02
3.135950000000000273e+02 2.076229999999999905e+02
3.195550000000000068e+02 2.034960000000000093e+02
2.682049999999999841e+02 2.131239999999999952e+02
2.957139999999999986e+02 2.099149999999999920e+02
3.067180000000000177e+02 2.071639999999999873e+02
3.154289999999999736e+02 2.044130000000000109e+02
2.682049999999999841e+02 2.167920000000000016e+02
2.915880000000000223e+02 2.103739999999999952e+02
3.035079999999999814e+02 2.094569999999999936e+02
3.058009999999999877e+02 2.089979999999999905e+02
2.704979999999999905e+02 2.218360000000000127e+02
2.874619999999999891e+02 2.149579999999999984e+02
2.947970000000000255e+02 2.103739999999999952e+02
2.984649999999999750e+02 2.071639999999999873e+02
