2.461339999999999861e+02 3.917749999999999773e+02
2.585280000000000200e+02 3.965729999999999791e+02
2.697230000000000132e+02 4.021700000000000159e+02
2.737210000000000036e+02 4.141639999999999873e+02
2.757200000000000273e+02 4.281569999999999823e+02
2.549300000000000068e+02 4.125649999999999977e+02
2.537299999999999898e+02 4.265579999999999927e+02
2.513309999999999889e+02 4.365529999999999973e+02
2.465339999999999918e+02 4.445489999999999782e+02
2.429360000000000070e+02 4.133650000000000091e+02
2.421359999999999957e+02 4.249590000000000032e+02
2.389370000000000118e+02 4.365529999999999973e+02
2.357390000000000043e+02 4.457490000000000236e+02
2.341399999999999864e+02 4.137640000000000100e+02
2.321409999999999911e+02 4.233600000000000136e+02
2.281430000000000007e+02 4.329549999999999841e+02
2.249439999999999884e+02 4.425500000000000114e+02
2.257439999999999998e+02 4.141639999999999873e+02
2.177479999999999905e+02 4.229599999999999795e+02
2.133499999999999943e+02 4.285570000000000164e+02
2.097520000000000095e+02 4.333550000000000182e+02
