2.554850000000000136e+02 2.865880000000000223e+02
2.685319999999999823e+02 2.748899999999999864e+02
2.811299999999999955e+02 2.577930000000000064e+02
2.914789999999999850e+02 2.469950000000000045e+02
3.013770000000000095e+02 2.388969999999999914e+02
2.631329999999999814e+02 2.420459999999999923e+02
2.757309999999999945e+02 2.276479999999999961e+02
2.883290000000000077e+02 2.294480000000000075e+02
2.973279999999999745e+02 2.325980000000000132e+02
2.581840000000000259e+02 2.429459999999999980e+02
2.577339999999999804e+02 2.213499999999999943e+02
2.649329999999999927e+02 2.101009999999999991e+02
2.752810000000000059e+02 2.033530000000000086e+02
2.545850000000000080e+02 2.469950000000000045e+02
2.523350000000000080e+02 2.276479999999999961e+02
2.532350000000000136e+02 2.150509999999999877e+02
2.536850000000000023e+02 2.033530000000000086e+02
2.523350000000000080e+02 2.532940000000000111e+02
2.464859999999999900e+02 2.415960000000000036e+02
2.419869999999999948e+02 2.334970000000000141e+02
2.370380000000000109e+02 2.253990000000000009e+02
