2.409550000000000125e+02 3.970819999999999936e+02
2.541899999999999977e+02 4.014940000000000282e+02
2.658210000000000264e+02 4.059049999999999727e+02
2.694300000000000068e+02 4.171349999999999909e+02
2.702320000000000277e+02 4.307710000000000150e+02
2.505809999999999889e+02 4.143279999999999745e+02
2.497789999999999964e+02 4.287660000000000196e+02
2.489759999999999991e+02 4.399950000000000045e+02
2.445649999999999977e+02 4.480160000000000196e+02
2.393509999999999991e+02 4.159320000000000164e+02
2.369449999999999932e+02 4.283650000000000091e+02
2.337359999999999900e+02 4.399950000000000045e+02
2.301270000000000095e+02 4.492200000000000273e+02
2.297259999999999991e+02 4.155310000000000059e+02
2.273189999999999884e+02 4.259580000000000268e+02
2.241109999999999900e+02 4.371879999999999882e+02
2.205010000000000048e+02 4.464119999999999777e+02
2.188969999999999914e+02 4.151299999999999955e+02
2.140850000000000080e+02 4.251560000000000059e+02
2.088710000000000093e+02 4.311720000000000255e+02
2.052609999999999957e+02 4.363860000000000241e+02
