2.668539999999999850e+02 2.686689999999999827e+02
2.810169999999999959e+02 2.584900000000000091e+02
2.951789999999999736e+02 2.434420000000000073e+02
3.053580000000000041e+02 2.292800000000000011e+02
3.173079999999999927e+02 2.195430000000000064e+02
2.810169999999999959e+02 2.248540000000000134e+02
2.845570000000000164e+02 2.049379999999999882e+02
2.898679999999999950e+02 1.925459999999999923e+02
2.934089999999999918e+02 1.819240000000000066e+02
2.703949999999999818e+02 2.257390000000000043e+02
2.703949999999999818e+02 2.018400000000000034e+02
2.734929999999999950e+02 1.881200000000000045e+02
2.743779999999999859e+02 1.766140000000000043e+02
2.624289999999999736e+02 2.283950000000000102e+02
2.593310000000000173e+02 2.071510000000000105e+02
2.588879999999999768e+02 1.934310000000000116e+02
2.588879999999999768e+02 1.814819999999999993e+02
2.526920000000000073e+02 2.332630000000000052e+02
2.456109999999999900e+02 2.182160000000000082e+02
2.420699999999999932e+02 2.084790000000000134e+02
2.389720000000000084e+02 2.009550000000000125e+02
