2.478410000000000082e+02 3.947989999999999782e+02
2.602409999999999854e+02 3.983990000000000009e+02
2.706410000000000196e+02 4.043990000000000009e+02
2.738410000000000082e+02 4.163990000000000009e+02
2.754409999999999741e+02 4.291990000000000123e+02
2.550409999999999968e+02 4.119990000000000236e+02
2.526409999999999911e+02 4.267989999999999782e+02
2.514410000000000025e+02 4.383990000000000009e+02
2.478410000000000082e+02 4.459990000000000236e+02
2.434410000000000025e+02 4.139990000000000236e+02
2.418410000000000082e+02 4.259990000000000236e+02
2.386409999999999911e+02 4.367989999999999782e+02
2.358410000000000082e+02 4.459990000000000236e+02
2.350409999999999968e+02 4.139990000000000236e+02
2.322410000000000139e+02 4.227989999999999782e+02
2.274410000000000025e+02 4.331990000000000123e+02
2.246409999999999911e+02 4.431990000000000123e+02
2.258410000000000082e+02 4.131990000000000123e+02
2.190399999999999920e+02 4.219990000000000236e+02
2.138400000000000034e+02 4.275989999999999895e+02
2.098400000000000034e+02 4.331990000000000123e+02
