2.390000000000000000e+02 4.010219999999999914e+02
2.530579999999999927e+02 4.070470000000000255e+02
2.647060000000000173e+02 4.138750000000000000e+02
2.663120000000000118e+02 4.239159999999999968e+02
2.675169999999999959e+02 4.363679999999999950e+02
2.462299999999999898e+02 4.259250000000000114e+02
2.478360000000000127e+02 4.363679999999999950e+02
2.478360000000000127e+02 4.460079999999999814e+02
2.442210000000000036e+02 4.536390000000000100e+02
2.361879999999999882e+02 4.223100000000000023e+02
2.345819999999999936e+02 4.359660000000000082e+02
2.305649999999999977e+02 4.464089999999999918e+02
2.261469999999999914e+02 4.544420000000000073e+02
2.265480000000000018e+02 4.203020000000000209e+02
2.245399999999999920e+02 4.331549999999999727e+02
2.205240000000000009e+02 4.427939999999999827e+02
2.165070000000000050e+02 4.524340000000000259e+02
2.169089999999999918e+02 4.198999999999999773e+02
2.132940000000000111e+02 4.299409999999999741e+02
2.092769999999999868e+02 4.363679999999999950e+02
2.052609999999999957e+02 4.423929999999999723e+02
