2.175730000000000075e+02 3.929110000000000014e+02
2.291519999999999868e+02 3.963410000000000082e+02
2.415879999999999939e+02 4.032029999999999745e+02
2.463060000000000116e+02 4.169259999999999877e+02
2.553110000000000070e+02 4.272180000000000177e+02
2.308669999999999902e+02 4.122080000000000268e+02
2.300099999999999909e+02 4.280760000000000218e+02
2.282940000000000111e+02 4.379390000000000214e+02
2.252920000000000016e+02 4.448000000000000114e+02
2.197170000000000130e+02 4.130659999999999741e+02
2.184310000000000116e+02 4.272180000000000177e+02
2.175730000000000075e+02 4.375099999999999909e+02
2.150000000000000000e+02 4.473729999999999905e+02
2.107119999999999891e+02 4.109220000000000255e+02
2.085680000000000121e+02 4.246449999999999818e+02
2.081390000000000100e+02 4.345079999999999814e+02
2.072810000000000059e+02 4.439429999999999836e+02
2.004199999999999875e+02 4.104929999999999950e+02
1.987040000000000077e+02 4.216429999999999723e+02
1.978470000000000084e+02 4.289329999999999927e+02
1.974180000000000064e+02 4.366519999999999868e+02
