2.795960000000000036e+02 2.496189999999999998e+02
2.700009999999999764e+02 2.356630000000000109e+02
2.638949999999999818e+02 2.190900000000000034e+02
2.608419999999999845e+02 2.029540000000000077e+02
2.547369999999999948e+02 1.898700000000000045e+02
2.761070000000000277e+02 2.134209999999999923e+02
2.800319999999999823e+02 2.033899999999999864e+02
2.830849999999999795e+02 1.977199999999999989e+02
2.861379999999999768e+02 1.920509999999999877e+02
2.861379999999999768e+02 2.169099999999999966e+02
2.922429999999999950e+02 2.055699999999999932e+02
2.948600000000000136e+02 1.981560000000000059e+02
2.961680000000000064e+02 1.929230000000000018e+02
2.961680000000000064e+02 2.208350000000000080e+02
2.996569999999999823e+02 2.099319999999999879e+02
3.027099999999999795e+02 2.033899999999999864e+02
3.031460000000000150e+02 2.003369999999999891e+02
3.040179999999999723e+02 2.251959999999999980e+02
3.079440000000000168e+02 2.142930000000000064e+02
3.101240000000000236e+02 2.099319999999999879e+02
3.096879999999999882e+02 2.064430000000000121e+02
