2.368899999999999864e+02 3.973550000000000182e+02
2.496740000000000066e+02 4.020029999999999859e+02
2.609080000000000155e+02 4.089759999999999991e+02
2.616820000000000164e+02 4.209850000000000136e+02
2.643940000000000055e+02 4.310559999999999832e+02
2.423139999999999930e+02 4.143990000000000009e+02
2.396020000000000039e+02 4.306689999999999827e+02
2.368899999999999864e+02 4.419030000000000200e+02
2.330169999999999959e+02 4.481009999999999991e+02
2.303050000000000068e+02 4.128500000000000227e+02
2.275929999999999893e+02 4.283450000000000273e+02
2.233319999999999936e+02 4.403530000000000086e+02
2.175219999999999914e+02 4.484879999999999995e+02
2.217829999999999870e+02 4.124619999999999891e+02
2.179089999999999918e+02 4.271820000000000164e+02
2.132609999999999957e+02 4.364789999999999850e+02
2.086119999999999948e+02 4.453890000000000100e+02
2.128729999999999905e+02 4.143990000000000009e+02
2.055130000000000052e+02 4.244710000000000036e+02
2.000900000000000034e+02 4.302810000000000059e+02
1.954410000000000025e+02 4.357049999999999841e+02
