2.470540000000000020e+02 2.662500000000000000e+02
2.612429999999999950e+02 2.560509999999999877e+02
2.794230000000000018e+02 2.427489999999999952e+02
2.949420000000000073e+02 2.383149999999999977e+02
3.095740000000000123e+02 2.383149999999999977e+02
2.683380000000000223e+02 2.236819999999999879e+02
2.794230000000000018e+02 2.072760000000000105e+02
2.847440000000000282e+02 1.961910000000000025e+02
2.865169999999999959e+02 1.846630000000000109e+02
2.639030000000000200e+02 2.241260000000000048e+02
2.789789999999999850e+02 2.063899999999999864e+02
2.882909999999999968e+02 1.917570000000000050e+02
2.891779999999999973e+02 1.784550000000000125e+02
2.616859999999999786e+02 2.290029999999999859e+02
2.741019999999999754e+02 2.094929999999999950e+02
2.838570000000000277e+02 1.966349999999999909e+02
2.900640000000000214e+02 1.842189999999999941e+02
2.608000000000000114e+02 2.360980000000000132e+02
2.630169999999999959e+02 2.219089999999999918e+02
2.674510000000000218e+02 2.134840000000000089e+02
2.838570000000000277e+02 1.868799999999999955e+02
