2.409329999999999927e+02 4.128589999999999804e+02
2.544170000000000016e+02 4.181709999999999923e+02
2.666739999999999782e+02 4.234830000000000041e+02
2.703519999999999754e+02 4.369660000000000082e+02
2.752549999999999955e+02 4.500409999999999968e+02
2.515560000000000116e+02 4.349230000000000018e+02
2.486959999999999980e+02 4.492239999999999895e+02
2.470620000000000118e+02 4.594390000000000214e+02
2.437930000000000064e+02 4.692450000000000045e+02
2.388899999999999864e+02 4.332889999999999873e+02
2.348040000000000020e+02 4.475899999999999750e+02
2.315349999999999966e+02 4.598469999999999800e+02
2.266320000000000050e+02 4.692450000000000045e+02
2.290840000000000032e+02 4.312459999999999809e+02
2.245889999999999986e+02 4.455470000000000255e+02
2.221380000000000052e+02 4.561700000000000159e+02
2.180519999999999925e+02 4.655679999999999836e+02
2.184610000000000127e+02 4.308369999999999891e+02
2.147829999999999870e+02 4.426870000000000118e+02
2.119230000000000018e+02 4.496329999999999814e+02
2.090629999999999882e+02 4.561700000000000159e+02
