2.158849999999999909e+02 3.980149999999999864e+02
2.314209999999999923e+02 4.006039999999999850e+02
2.456620000000000061e+02 4.092350000000000136e+02
2.590400000000000205e+02 4.170029999999999859e+02
2.737119999999999891e+02 4.226129999999999995e+02
2.409149999999999920e+02 4.113929999999999723e+02
2.426409999999999911e+02 4.122559999999999718e+02
2.465250000000000057e+02 4.148450000000000273e+02
2.521349999999999909e+02 4.170029999999999859e+02
2.258110000000000070e+02 4.096669999999999732e+02
2.378940000000000055e+02 4.252019999999999982e+02
2.422090000000000032e+02 4.273600000000000136e+02
2.400519999999999925e+02 4.247710000000000150e+02
2.176109999999999900e+02 4.144139999999999873e+02
2.245159999999999911e+02 4.269289999999999736e+02
2.292630000000000052e+02 4.385799999999999841e+02
2.335780000000000030e+02 4.480749999999999886e+02
2.085490000000000066e+02 4.195919999999999845e+02
2.107059999999999889e+02 4.295179999999999723e+02
2.115699999999999932e+02 4.377169999999999845e+02
2.150219999999999914e+02 4.463480000000000132e+02
