2.382750000000000057e+02 4.140140000000000100e+02
2.531790000000000020e+02 4.170830000000000268e+02
2.667690000000000055e+02 4.249730000000000132e+02
2.729060000000000059e+02 4.390009999999999764e+02
2.829879999999999995e+02 4.464529999999999745e+02
2.527410000000000139e+02 4.390009999999999764e+02
2.544950000000000045e+02 4.446999999999999886e+02
2.575629999999999882e+02 4.530280000000000200e+02
2.593170000000000073e+02 4.617959999999999923e+02
2.387139999999999986e+02 4.394390000000000214e+02
2.382750000000000057e+02 4.460149999999999864e+02
2.382750000000000057e+02 4.578500000000000227e+02
2.347680000000000007e+02 4.666179999999999950e+02
2.277549999999999955e+02 4.403159999999999741e+02
2.224939999999999998e+02 4.473299999999999841e+02
2.198640000000000043e+02 4.556589999999999918e+02
2.167959999999999923e+02 4.639870000000000232e+02
2.176719999999999970e+02 4.416309999999999718e+02
2.075900000000000034e+02 4.433849999999999909e+02
1.996990000000000123e+02 4.464529999999999745e+02
1.918089999999999975e+02 4.517130000000000223e+02
