2.624019999999999868e+02 2.588779999999999859e+02
2.628639999999999759e+02 2.445420000000000016e+02
2.600889999999999986e+02 2.177189999999999941e+02
2.554650000000000034e+02 2.093950000000000102e+02
2.540769999999999982e+02 1.959840000000000089e+02
2.425159999999999911e+02 2.223439999999999941e+02
2.536150000000000091e+02 2.112450000000000045e+02
2.591639999999999873e+02 2.084699999999999989e+02
2.628639999999999759e+02 2.112450000000000045e+02
2.402040000000000077e+02 2.311310000000000002e+02
2.577769999999999868e+02 2.177189999999999941e+02
2.688759999999999764e+02 2.195689999999999884e+02
2.744259999999999877e+02 2.251189999999999998e+02
2.425159999999999911e+02 2.394550000000000125e+02
2.582400000000000091e+02 2.232690000000000055e+02
2.698009999999999877e+02 2.292810000000000059e+02
2.767379999999999995e+02 2.329809999999999945e+02
2.476030000000000086e+02 2.459300000000000068e+02
2.619390000000000214e+02 2.366800000000000068e+02
2.702640000000000100e+02 2.389929999999999950e+02
2.767379999999999995e+02 2.408420000000000130e+02
