2.467570000000000050e+02 2.997590000000000146e+02
2.495620000000000118e+02 2.929460000000000264e+02
2.555730000000000075e+02 2.857330000000000041e+02
2.619850000000000136e+02 2.753140000000000214e+02
2.635880000000000223e+02 2.640930000000000177e+02
2.768120000000000118e+02 3.069719999999999800e+02
2.888340000000000032e+02 3.254060000000000059e+02
2.932420000000000186e+02 3.378290000000000077e+02
2.940439999999999827e+02 3.466449999999999818e+02
2.824220000000000255e+02 3.125819999999999936e+02
2.924409999999999741e+02 3.294130000000000109e+02
2.964479999999999791e+02 3.434390000000000214e+02
2.968489999999999895e+02 3.534569999999999936e+02
2.820210000000000150e+02 3.153870000000000005e+02
2.908380000000000223e+02 3.294130000000000109e+02
2.944440000000000168e+02 3.418360000000000127e+02
2.960470000000000255e+02 3.534569999999999936e+02
2.804189999999999827e+02 3.189940000000000282e+02
2.876320000000000050e+02 3.286120000000000232e+02
2.900360000000000014e+02 3.374279999999999973e+02
2.920400000000000205e+02 3.450419999999999732e+02
