2.766680000000000064e+02 2.548689999999999998e+02
2.884399999999999977e+02 2.461490000000000009e+02
2.993399999999999750e+02 2.304530000000000030e+02
3.054440000000000168e+02 2.147560000000000002e+02
3.128570000000000277e+02 2.021119999999999948e+02
2.862599999999999909e+02 2.138839999999999861e+02
2.866960000000000264e+02 1.933919999999999959e+02
2.884399999999999977e+02 1.798750000000000000e+02
2.893120000000000118e+02 1.685389999999999873e+02
2.775400000000000205e+02 2.147560000000000002e+02
2.779759999999999991e+02 1.912119999999999891e+02
2.810280000000000200e+02 1.772589999999999861e+02
2.814639999999999986e+02 1.659230000000000018e+02
2.705640000000000214e+02 2.178079999999999927e+02
2.705640000000000214e+02 1.946999999999999886e+02
2.723079999999999927e+02 1.816189999999999998e+02
2.740520000000000209e+02 1.715910000000000082e+02
2.635869999999999891e+02 2.221680000000000064e+02
2.605350000000000250e+02 2.047280000000000086e+02
2.596630000000000109e+02 1.942640000000000100e+02
2.592269999999999754e+02 1.855430000000000064e+02
