2.755570000000000164e+02 3.573389999999999986e+02
2.848240000000000123e+02 3.605629999999999882e+02
2.961070000000000277e+02 3.653980000000000246e+02
3.033589999999999804e+02 3.690240000000000009e+02
3.085969999999999800e+02 3.714420000000000073e+02
2.936890000000000214e+02 3.629800000000000182e+02
3.005389999999999873e+02 3.698299999999999841e+02
3.033589999999999804e+02 3.782919999999999732e+02
3.069859999999999900e+02 3.855450000000000159e+02
2.844220000000000255e+02 3.621750000000000114e+02
2.908679999999999950e+02 3.682189999999999941e+02
2.953009999999999877e+02 3.758740000000000236e+02
2.973149999999999977e+02 3.811120000000000232e+02
2.763629999999999995e+02 3.641890000000000214e+02
2.803919999999999959e+02 3.674130000000000109e+02
2.820040000000000191e+02 3.714420000000000073e+02
2.844220000000000255e+02 3.734569999999999936e+02
2.687069999999999936e+02 3.641890000000000214e+02
2.723340000000000032e+02 3.645919999999999845e+02
2.646779999999999973e+02 3.730539999999999736e+02
2.630659999999999741e+02 3.670099999999999909e+02
