2.479089999999999918e+02 2.354370000000000118e+02
2.599789999999999850e+02 2.287319999999999993e+02
2.742839999999999918e+02 2.206850000000000023e+02
2.876960000000000264e+02 2.175550000000000068e+02
3.011070000000000277e+02 2.175550000000000068e+02
2.640020000000000095e+02 1.960970000000000084e+02
2.733899999999999864e+02 1.831330000000000098e+02
2.854599999999999795e+02 1.804509999999999934e+02
2.930600000000000023e+02 1.808979999999999961e+02
2.599789999999999850e+02 1.965440000000000111e+02
2.742839999999999918e+02 1.817920000000000016e+02
2.872490000000000236e+02 1.808979999999999961e+02
2.984250000000000114e+02 1.822390000000000043e+02
2.590849999999999795e+02 2.010149999999999864e+02
2.742839999999999918e+02 1.853679999999999950e+02
2.863539999999999850e+02 1.826860000000000070e+02
2.948480000000000132e+02 1.831330000000000098e+02
2.617669999999999959e+02 2.081680000000000064e+02
2.707080000000000268e+02 1.956500000000000057e+02
2.800960000000000036e+02 1.893919999999999959e+02
2.876960000000000264e+02 1.862620000000000005e+02
