2.364619999999999891e+02 3.968929999999999723e+02
2.490300000000000011e+02 4.019990000000000236e+02
2.604189999999999827e+02 4.078899999999999864e+02
2.615969999999999800e+02 4.192799999999999727e+02
2.643469999999999800e+02 4.310620000000000118e+02
2.427460000000000093e+02 4.161379999999999768e+02
2.407820000000000107e+02 4.298840000000000146e+02
2.384250000000000114e+02 4.400950000000000273e+02
2.333199999999999932e+02 4.475570000000000164e+02
2.309629999999999939e+02 4.173159999999999741e+02
2.274279999999999973e+02 4.283129999999999882e+02
2.235010000000000048e+02 4.400950000000000273e+02
2.172170000000000130e+02 4.479499999999999886e+02
2.227150000000000034e+02 4.149590000000000032e+02
2.180020000000000095e+02 4.267420000000000186e+02
2.136819999999999879e+02 4.365609999999999786e+02
2.085759999999999934e+02 4.455939999999999941e+02
2.136819999999999879e+02 4.145670000000000073e+02
2.070049999999999955e+02 4.236000000000000227e+02
2.011140000000000043e+02 4.294909999999999854e+02
1.952230000000000132e+02 4.353820000000000050e+02
