2.681309999999999718e+02 2.670110000000000241e+02
2.794470000000000027e+02 2.575059999999999718e+02
2.862370000000000232e+02 2.389480000000000075e+02
2.866890000000000214e+02 2.253689999999999998e+02
2.907629999999999768e+02 2.190320000000000107e+02
2.690369999999999777e+02 2.226529999999999916e+02
2.776370000000000005e+02 2.163160000000000025e+02
2.848790000000000191e+02 2.185800000000000125e+02
2.866890000000000214e+02 2.235589999999999975e+02
2.599839999999999804e+02 2.249159999999999968e+02
2.708469999999999800e+02 2.217479999999999905e+02
2.753729999999999905e+02 2.330639999999999930e+02
2.749209999999999923e+02 2.416639999999999873e+02
2.509319999999999879e+02 2.294430000000000121e+02
2.604370000000000118e+02 2.289900000000000091e+02
2.645099999999999909e+02 2.398530000000000086e+02
2.676789999999999736e+02 2.466419999999999959e+02
2.459530000000000030e+02 2.380430000000000064e+02
2.495740000000000123e+02 2.344219999999999970e+02
2.545529999999999973e+02 2.412110000000000127e+02
2.581739999999999782e+02 2.466419999999999959e+02
