2.171850000000000023e+02 3.929859999999999900e+02
2.295800000000000125e+02 3.972599999999999909e+02
2.415459999999999923e+02 4.045249999999999773e+02
2.458199999999999932e+02 4.186290000000000191e+02
2.552230000000000132e+02 4.267490000000000236e+02
2.308619999999999948e+02 4.117909999999999968e+02
2.291519999999999868e+02 4.288860000000000241e+02
2.278700000000000045e+02 4.387160000000000082e+02
2.248779999999999859e+02 4.455539999999999736e+02
2.201769999999999925e+02 4.130729999999999791e+02
2.180399999999999920e+02 4.276039999999999850e+02
2.171850000000000023e+02 4.378609999999999900e+02
2.146210000000000093e+02 4.464089999999999918e+02
2.107750000000000057e+02 4.117909999999999968e+02
2.086380000000000052e+02 4.254669999999999845e+02
2.082100000000000080e+02 4.357239999999999895e+02
2.069279999999999973e+02 4.438450000000000273e+02
2.013720000000000141e+02 4.117909999999999968e+02
2.000900000000000034e+02 4.224750000000000227e+02
1.979530000000000030e+02 4.293140000000000214e+02
1.970980000000000132e+02 4.357239999999999895e+02
