2.406829999999999927e+02 4.119870000000000232e+02
2.570160000000000196e+02 4.182090000000000032e+02
2.694590000000000032e+02 4.271530000000000200e+02
2.714039999999999964e+02 4.392069999999999936e+02
2.760699999999999932e+02 4.504839999999999804e+02
2.496270000000000095e+02 4.310409999999999968e+02
2.488499999999999943e+02 4.481510000000000105e+02
2.472940000000000111e+02 4.602060000000000173e+02
2.434050000000000011e+02 4.695389999999999873e+02
2.367949999999999875e+02 4.310409999999999968e+02
2.348499999999999943e+02 4.473729999999999905e+02
2.317400000000000091e+02 4.602060000000000173e+02
2.274619999999999891e+02 4.707049999999999841e+02
2.274619999999999891e+02 4.298750000000000000e+02
2.247400000000000091e+02 4.446510000000000105e+02
2.235730000000000075e+02 4.567060000000000173e+02
2.185180000000000007e+02 4.660389999999999873e+02
2.169629999999999939e+02 4.314300000000000068e+02
2.150180000000000007e+02 4.427069999999999936e+02
2.119079999999999870e+02 4.504839999999999804e+02
2.087969999999999970e+02 4.570950000000000273e+02
