2.132669999999999959e+02 3.984019999999999868e+02
2.190600000000000023e+02 4.083319999999999936e+02
2.203009999999999877e+02 4.178489999999999895e+02
2.240250000000000057e+02 4.224010000000000105e+02
2.323000000000000114e+02 4.228140000000000214e+02
2.037500000000000000e+02 4.269519999999999982e+02
1.975440000000000111e+02 4.360550000000000068e+02
1.929919999999999902e+02 4.418480000000000132e+02
1.876129999999999995e+02 4.455720000000000027e+02
1.967160000000000082e+02 4.257110000000000127e+02
1.909230000000000018e+02 4.306759999999999877e+02
1.863720000000000141e+02 4.381240000000000236e+02
1.793379999999999939e+02 4.426750000000000114e+02
1.934060000000000059e+02 4.203319999999999936e+02
1.863720000000000141e+02 4.273659999999999854e+02
1.801649999999999920e+02 4.327450000000000045e+02
1.735449999999999875e+02 4.360550000000000068e+02
1.896819999999999879e+02 4.157799999999999727e+02
1.830620000000000118e+02 4.236419999999999959e+02
1.789240000000000066e+02 4.290210000000000150e+02
1.739590000000000032e+02 4.348140000000000214e+02
