2.472350000000000136e+02 2.793450000000000273e+02
2.481339999999999861e+02 2.698990000000000009e+02
2.562309999999999945e+02 2.640520000000000209e+02
2.697250000000000227e+02 2.586539999999999964e+02
2.769220000000000255e+02 2.487580000000000098e+02
2.665760000000000218e+02 2.842930000000000064e+02
2.787210000000000036e+02 2.950889999999999986e+02
2.922160000000000082e+02 3.054340000000000259e+02
2.998629999999999995e+02 3.112819999999999823e+02
2.715240000000000009e+02 2.914900000000000091e+02
2.859180000000000064e+02 3.022860000000000014e+02
2.985129999999999768e+02 3.090330000000000155e+02
3.093090000000000259e+02 3.157799999999999727e+02
2.764719999999999800e+02 2.937389999999999759e+02
2.881669999999999732e+02 3.027350000000000136e+02
3.012119999999999891e+02 3.058840000000000146e+02
3.102080000000000268e+02 3.130810000000000173e+02
2.782719999999999914e+02 2.923899999999999864e+02
2.886170000000000186e+02 2.995869999999999891e+02
3.003120000000000118e+02 3.022860000000000014e+02
3.102080000000000268e+02 3.013860000000000241e+02
