2.368509999999999991e+02 3.982029999999999745e+02
2.491510000000000105e+02 4.017740000000000009e+02
2.606580000000000155e+02 4.081229999999999905e+02
2.618480000000000132e+02 4.184390000000000214e+02
2.642289999999999850e+02 4.307389999999999759e+02
2.404219999999999970e+02 4.160579999999999927e+02
2.396279999999999859e+02 4.303419999999999845e+02
2.380409999999999968e+02 4.406589999999999918e+02
2.332800000000000011e+02 4.470070000000000050e+02
2.301049999999999898e+02 4.172490000000000236e+02
2.269310000000000116e+02 4.287549999999999955e+02
2.233600000000000136e+02 4.406589999999999918e+02
2.170109999999999957e+02 4.485950000000000273e+02
2.217729999999999961e+02 4.152649999999999864e+02
2.170109999999999957e+02 4.271680000000000064e+02
2.134399999999999977e+02 4.370880000000000223e+02
2.090759999999999934e+02 4.454200000000000159e+02
2.130440000000000111e+02 4.148679999999999950e+02
2.059010000000000105e+02 4.243910000000000196e+02
2.007429999999999950e+02 4.303419999999999845e+02
1.951879999999999882e+02 4.358969999999999914e+02
