2.693910000000000196e+02 2.546690000000000111e+02
2.716730000000000018e+02 2.473669999999999902e+02
2.785190000000000055e+02 2.318499999999999943e+02
2.771490000000000009e+02 2.204399999999999977e+02
2.766929999999999836e+02 2.154199999999999875e+02
2.835389999999999873e+02 2.204399999999999977e+02
2.926669999999999732e+02 2.012719999999999914e+02
2.954049999999999727e+02 1.875800000000000125e+02
2.958609999999999900e+02 1.743449999999999989e+02
2.849080000000000155e+02 2.208969999999999914e+02
2.912970000000000255e+02 1.985339999999999918e+02
2.940360000000000014e+02 1.825600000000000023e+02
2.931229999999999905e+02 1.674989999999999952e+02
2.844519999999999982e+02 2.240910000000000082e+02
2.899279999999999973e+02 2.021850000000000023e+02
2.908410000000000082e+02 1.871239999999999952e+02
2.908410000000000082e+02 1.748009999999999877e+02
2.839950000000000045e+02 2.277419999999999902e+02
2.890149999999999864e+02 2.108559999999999945e+02
2.849080000000000155e+02 1.994459999999999980e+02
2.844519999999999982e+02 1.916879999999999882e+02
