2.216160000000000139e+02 3.972959999999999923e+02
2.343350000000000080e+02 4.018090000000000259e+02
2.445920000000000130e+02 4.120659999999999741e+02
2.400790000000000077e+02 4.223240000000000123e+02
2.347450000000000045e+02 4.350430000000000064e+02
2.244879999999999995e+02 4.141179999999999950e+02
2.212059999999999889e+02 4.305299999999999727e+02
2.154610000000000127e+02 4.407869999999999777e+02
2.080759999999999934e+02 4.481720000000000255e+02
2.134099999999999966e+02 4.137069999999999936e+02
2.088969999999999914e+02 4.292989999999999782e+02
2.027419999999999902e+02 4.399660000000000082e+02
1.974079999999999870e+02 4.481720000000000255e+02
2.031529999999999916e+02 4.128870000000000005e+02
1.990500000000000114e+02 4.268369999999999891e+02
1.949470000000000027e+02 4.379150000000000205e+02
1.904329999999999927e+02 4.453000000000000114e+02
1.949470000000000027e+02 4.128870000000000005e+02
1.892019999999999982e+02 4.256059999999999945e+02
1.850999999999999943e+02 4.321709999999999923e+02
1.814070000000000107e+02 4.370939999999999941e+02
