2.519430000000000121e+02 2.899850000000000136e+02
2.661809999999999832e+02 2.785029999999999859e+02
2.804180000000000064e+02 2.642649999999999864e+02
2.937379999999999995e+02 2.569169999999999732e+02
3.079759999999999991e+02 2.527829999999999870e+02
2.638840000000000146e+02 2.458940000000000055e+02
2.735289999999999964e+02 2.275219999999999914e+02
2.850110000000000241e+02 2.215519999999999925e+02
2.941970000000000027e+02 2.164989999999999952e+02
2.560760000000000218e+02 2.458940000000000055e+02
2.533199999999999932e+02 2.247669999999999959e+02
2.560760000000000218e+02 2.109879999999999995e+02
2.565350000000000250e+02 1.976690000000000111e+02
2.491870000000000118e+02 2.500269999999999868e+02
2.450529999999999973e+02 2.321150000000000091e+02
2.427570000000000050e+02 2.197139999999999986e+02
2.413789999999999907e+02 2.068540000000000134e+02
2.455130000000000052e+02 2.578349999999999795e+02
2.377050000000000125e+02 2.463530000000000086e+02
2.331119999999999948e+02 2.385449999999999875e+02
2.275999999999999943e+02 2.307369999999999948e+02
