2.409679999999999893e+02 3.977780000000000200e+02
2.541980000000000075e+02 4.013860000000000241e+02
2.662250000000000227e+02 4.073999999999999773e+02
2.690310000000000059e+02 4.174230000000000018e+02
2.706349999999999909e+02 4.302520000000000095e+02
2.497880000000000109e+02 4.134130000000000109e+02
2.493870000000000005e+02 4.294499999999999886e+02
2.489859999999999900e+02 4.398740000000000236e+02
2.461790000000000020e+02 4.478919999999999959e+02
2.377599999999999909e+02 4.146159999999999854e+02
2.369579999999999984e+02 4.286480000000000246e+02
2.337510000000000048e+02 4.398740000000000236e+02
2.305440000000000111e+02 4.490950000000000273e+02
2.281380000000000052e+02 4.142149999999999750e+02
2.269360000000000070e+02 4.266440000000000055e+02
2.237280000000000086e+02 4.362660000000000196e+02
2.205209999999999866e+02 4.458870000000000005e+02
2.189170000000000016e+02 4.142149999999999750e+02
2.133050000000000068e+02 4.254409999999999741e+02
2.084939999999999998e+02 4.310539999999999736e+02
2.052860000000000014e+02 4.362660000000000196e+02
