2.693929999999999723e+02 2.638740000000000236e+02
2.807080000000000268e+02 2.534639999999999986e+02
2.893079999999999927e+02 2.380749999999999886e+02
2.956449999999999818e+02 2.231390000000000100e+02
3.056030000000000086e+02 2.100130000000000052e+02
2.770869999999999891e+02 2.258540000000000134e+02
2.766349999999999909e+02 2.054859999999999900e+02
2.834239999999999782e+02 2.100130000000000052e+02
2.874979999999999905e+02 2.168019999999999925e+02
2.662250000000000227e+02 2.276649999999999920e+02
2.662250000000000227e+02 2.063919999999999959e+02
2.712029999999999745e+02 2.131810000000000116e+02
2.734660000000000082e+02 2.190649999999999977e+02
2.580769999999999982e+02 2.303810000000000002e+02
2.553619999999999948e+02 2.104650000000000034e+02
2.612459999999999809e+02 2.177069999999999936e+02
2.635090000000000146e+02 2.244960000000000093e+02
2.494780000000000086e+02 2.349070000000000107e+02
2.481200000000000045e+02 2.208760000000000048e+02
2.521930000000000121e+02 2.240440000000000111e+02
2.562669999999999959e+02 2.299279999999999973e+02
