2.739619999999999891e+02 2.569970000000000141e+02
2.855620000000000118e+02 2.494120000000000061e+02
2.967160000000000082e+02 2.333499999999999943e+02
3.007309999999999945e+02 2.172880000000000109e+02
3.069780000000000086e+02 2.043499999999999943e+02
2.828849999999999909e+02 2.163959999999999866e+02
2.828849999999999909e+02 1.998880000000000052e+02
2.784230000000000018e+02 1.963189999999999884e+02
2.757459999999999809e+02 1.967649999999999864e+02
2.721770000000000209e+02 2.177350000000000136e+02
2.686080000000000041e+02 1.967649999999999864e+02
2.717309999999999945e+02 1.976579999999999870e+02
2.748539999999999850e+02 2.043499999999999943e+02
2.636999999999999886e+02 2.213040000000000020e+02
2.596850000000000023e+02 2.021189999999999998e+02
2.623620000000000232e+02 2.034579999999999984e+02
2.659309999999999832e+02 2.114879999999999995e+02
2.561159999999999854e+02 2.271040000000000134e+02
2.512079999999999984e+02 2.105960000000000036e+02
2.543309999999999889e+02 2.097040000000000077e+02
2.583460000000000036e+02 2.163959999999999866e+02
