2.466510000000000105e+02 3.936059999999999945e+02
2.594619999999999891e+02 3.980090000000000146e+02
2.710710000000000264e+02 4.044139999999999873e+02
2.738729999999999905e+02 4.164239999999999782e+02
2.754739999999999895e+02 4.280330000000000155e+02
2.558590000000000089e+02 4.116200000000000045e+02
2.530569999999999879e+02 4.260310000000000059e+02
2.514550000000000125e+02 4.364399999999999977e+02
2.474519999999999982e+02 4.444460000000000264e+02
2.446500000000000057e+02 4.136220000000000141e+02
2.426479999999999961e+02 4.240299999999999727e+02
2.394459999999999980e+02 4.364399999999999977e+02
2.358429999999999893e+02 4.460470000000000255e+02
2.362429999999999950e+02 4.132210000000000036e+02
2.354420000000000073e+02 4.236299999999999955e+02
2.278360000000000127e+02 4.336379999999999768e+02
2.246339999999999861e+02 4.432450000000000045e+02
2.266349999999999909e+02 4.124209999999999923e+02
2.202299999999999898e+02 4.208269999999999982e+02
2.142259999999999991e+02 4.272320000000000277e+02
2.106229999999999905e+02 4.332370000000000232e+02
