2.565930000000000177e+02 2.787789999999999964e+02
2.713240000000000123e+02 2.631270000000000095e+02
2.846739999999999782e+02 2.460939999999999941e+02
2.920400000000000205e+02 2.304420000000000073e+02
3.012470000000000141e+02 2.193940000000000055e+02
2.685620000000000118e+02 2.276800000000000068e+02
2.708639999999999759e+02 2.060440000000000111e+02
2.717839999999999918e+02 1.936140000000000043e+02
2.708639999999999759e+02 1.834869999999999948e+02
2.584340000000000259e+02 2.290610000000000070e+02
2.575140000000000100e+02 2.051229999999999905e+02
2.570529999999999973e+02 1.926939999999999884e+02
2.565930000000000177e+02 1.811850000000000023e+02
2.501479999999999961e+02 2.313629999999999995e+02
2.483069999999999879e+02 2.115680000000000121e+02
2.464650000000000034e+02 1.982179999999999893e+02
2.464650000000000034e+02 1.867090000000000032e+02
2.423220000000000027e+02 2.373470000000000084e+02
2.358770000000000095e+02 2.216959999999999980e+02
2.335759999999999934e+02 2.124890000000000043e+02
2.308129999999999882e+02 2.046630000000000109e+02
