2.727259999999999991e+02 2.643149999999999977e+02
2.855640000000000214e+02 2.563469999999999800e+02
2.970740000000000123e+02 2.421800000000000068e+02
3.028290000000000077e+02 2.249149999999999920e+02
3.090269999999999868e+02 2.134050000000000011e+02
2.855640000000000214e+02 2.222589999999999861e+02
2.895480000000000018e+02 2.032230000000000132e+02
2.961890000000000214e+02 1.899420000000000073e+02
2.997300000000000182e+02 1.797599999999999909e+02
2.762669999999999959e+02 2.222589999999999861e+02
2.789230000000000018e+02 2.001239999999999952e+02
2.824649999999999750e+02 1.872860000000000014e+02
2.855640000000000214e+02 1.766610000000000014e+02
2.691840000000000259e+02 2.249149999999999920e+02
2.709549999999999841e+02 2.032230000000000132e+02
2.713980000000000246e+02 1.903849999999999909e+02
2.718399999999999750e+02 1.802030000000000030e+02
2.621009999999999991e+02 2.297849999999999966e+02
2.585590000000000259e+02 2.142909999999999968e+02
2.572309999999999945e+02 2.041090000000000089e+02
2.545749999999999886e+02 1.956970000000000027e+02
