2.687450000000000045e+02 2.574499999999999886e+02
2.628070000000000164e+02 2.428329999999999984e+02
2.582389999999999759e+02 2.245620000000000118e+02
2.655470000000000255e+02 2.108590000000000089e+02
2.733120000000000118e+02 2.008100000000000023e+02
2.646340000000000146e+02 2.300430000000000064e+02
2.751399999999999864e+02 2.117719999999999914e+02
2.760529999999999973e+02 2.108590000000000089e+02
2.751399999999999864e+02 2.154269999999999925e+02
2.742259999999999991e+02 2.355250000000000057e+02
2.838179999999999836e+02 2.172539999999999907e+02
2.810779999999999745e+02 2.181670000000000016e+02
2.778799999999999955e+02 2.236490000000000009e+02
2.847320000000000277e+02 2.400929999999999893e+02
2.911270000000000095e+02 2.227350000000000136e+02
2.874730000000000132e+02 2.245620000000000118e+02
2.838179999999999836e+02 2.291299999999999955e+02
2.938670000000000186e+02 2.437470000000000141e+02
2.952379999999999995e+02 2.318710000000000093e+02
2.920400000000000205e+02 2.318710000000000093e+02
2.893000000000000114e+02 2.368950000000000102e+02
