2.523489999999999895e+02 2.821549999999999727e+02
2.636240000000000236e+02 2.666519999999999868e+02
2.734889999999999759e+02 2.469219999999999970e+02
2.781859999999999786e+02 2.304809999999999945e+02
2.838229999999999791e+02 2.177969999999999970e+02
2.561070000000000277e+02 2.332990000000000066e+02
2.528189999999999884e+02 2.130989999999999895e+02
2.528189999999999884e+02 1.994759999999999991e+02
2.523489999999999895e+02 1.877319999999999993e+02
2.481210000000000093e+02 2.365879999999999939e+02
2.434240000000000066e+02 2.140389999999999873e+02
2.415449999999999875e+02 1.990070000000000050e+02
2.406049999999999898e+02 1.872630000000000052e+02
2.410749999999999886e+02 2.412849999999999966e+02
2.359079999999999870e+02 2.210850000000000080e+02
2.335589999999999975e+02 2.069929999999999950e+02
2.340289999999999964e+02 1.971279999999999859e+02
2.368470000000000084e+02 2.478619999999999948e+02
2.279219999999999970e+02 2.337690000000000055e+02
2.232239999999999895e+02 2.248439999999999941e+02
2.185260000000000105e+02 2.163880000000000052e+02
