2.657860000000000014e+02 2.618609999999999900e+02
2.590020000000000095e+02 2.496500000000000057e+02
2.467909999999999968e+02 2.333689999999999998e+02
2.513139999999999930e+02 2.198019999999999925e+02
2.576449999999999818e+02 2.089480000000000075e+02
2.504089999999999918e+02 2.342740000000000009e+02
2.630720000000000027e+02 2.139230000000000018e+02
2.648809999999999718e+02 2.161839999999999975e+02
2.648809999999999718e+02 2.202539999999999907e+02
2.590020000000000095e+02 2.406049999999999898e+02
2.725690000000000168e+02 2.179929999999999950e+02
2.730219999999999914e+02 2.243240000000000123e+02
2.698559999999999945e+02 2.297510000000000048e+02
2.694039999999999964e+02 2.460320000000000107e+02
2.802579999999999814e+02 2.252290000000000134e+02
2.798050000000000068e+02 2.315600000000000023e+02
2.761870000000000118e+02 2.369869999999999948e+02
2.784490000000000123e+02 2.496500000000000057e+02
2.843279999999999745e+02 2.347259999999999991e+02
2.838759999999999764e+02 2.392489999999999952e+02
2.816139999999999759e+02 2.442230000000000132e+02
