2.588330000000000268e+02 3.676449999999999818e+02
2.822060000000000173e+02 3.648240000000000123e+02
2.930860000000000127e+02 3.640179999999999723e+02
3.011449999999999818e+02 3.644209999999999923e+02
3.104139999999999873e+02 3.660330000000000155e+02
2.797880000000000109e+02 3.527350000000000136e+02
2.951009999999999991e+02 3.644209999999999923e+02
3.051750000000000114e+02 3.765099999999999909e+02
3.112200000000000273e+02 3.841669999999999732e+02
2.713249999999999886e+02 3.567649999999999864e+02
2.729370000000000118e+02 3.616000000000000227e+02
2.818029999999999973e+02 3.664359999999999786e+02
3.083990000000000009e+02 3.813460000000000036e+02
2.628629999999999995e+02 3.644209999999999923e+02
2.632660000000000196e+02 3.740930000000000177e+02
2.797880000000000109e+02 3.684510000000000218e+02
2.850260000000000105e+02 3.716750000000000114e+02
2.568179999999999836e+02 3.724809999999999945e+02
2.519830000000000041e+02 3.720779999999999745e+02
2.531920000000000073e+02 3.736899999999999977e+02
2.564150000000000205e+02 3.744959999999999809e+02
