2.743229999999999791e+02 2.517270000000000039e+02
2.641689999999999827e+02 2.389250000000000114e+02
2.566639999999999873e+02 2.234739999999999895e+02
2.557810000000000059e+02 2.066980000000000075e+02
2.566639999999999873e+02 1.925720000000000027e+02
2.681419999999999959e+02 2.164099999999999966e+02
2.738809999999999718e+02 1.996349999999999909e+02
2.774130000000000109e+02 1.961030000000000086e+02
2.778539999999999850e+02 1.965449999999999875e+02
2.782959999999999923e+02 2.190589999999999975e+02
2.858000000000000114e+02 1.991939999999999884e+02
2.884490000000000123e+02 1.987520000000000095e+02
2.884490000000000123e+02 2.000759999999999934e+02
2.875659999999999741e+02 2.234739999999999895e+02
2.941879999999999882e+02 2.062570000000000050e+02
2.950710000000000264e+02 2.058149999999999977e+02
2.937470000000000141e+02 2.066980000000000075e+02
2.959540000000000077e+02 2.278880000000000052e+02
2.999270000000000209e+02 2.159689999999999941e+02
2.994859999999999900e+02 2.142030000000000030e+02
2.986030000000000086e+02 2.164099999999999966e+02
