2.390550000000000068e+02 4.015819999999999936e+02
2.517589999999999861e+02 4.071399999999999864e+02
2.644630000000000223e+02 4.130950000000000273e+02
2.664479999999999791e+02 4.234180000000000064e+02
2.672420000000000186e+02 4.361220000000000141e+02
2.481860000000000070e+02 4.218299999999999841e+02
2.481860000000000070e+02 4.349309999999999832e+02
2.477889999999999873e+02 4.440620000000000118e+02
2.446129999999999995e+02 4.523990000000000009e+02
2.358789999999999907e+02 4.218299999999999841e+02
2.342909999999999968e+02 4.357250000000000227e+02
2.303209999999999980e+02 4.456499999999999773e+02
2.263509999999999991e+02 4.539870000000000232e+02
2.259540000000000077e+02 4.202420000000000186e+02
2.247630000000000052e+02 4.325489999999999782e+02
2.211899999999999977e+02 4.420769999999999982e+02
2.172189999999999941e+02 4.516050000000000182e+02
2.164250000000000114e+02 4.194479999999999791e+02
2.140430000000000064e+02 4.301669999999999732e+02
2.100730000000000075e+02 4.365190000000000055e+02
2.065000000000000000e+02 4.412830000000000155e+02
