2.462419999999999902e+02 3.927579999999999814e+02
2.593000000000000114e+02 3.975070000000000050e+02
2.703809999999999718e+02 4.034429999999999836e+02
2.743380000000000223e+02 4.153149999999999977e+02
2.755249999999999773e+02 4.283740000000000236e+02
2.553429999999999893e+02 4.101700000000000159e+02
2.529689999999999941e+02 4.252080000000000268e+02
2.521769999999999925e+02 4.358919999999999959e+02
2.474290000000000020e+02 4.445980000000000132e+02
2.434710000000000036e+02 4.117529999999999859e+02
2.422839999999999918e+02 4.252080000000000268e+02
2.399099999999999966e+02 4.366840000000000259e+02
2.359530000000000030e+02 4.457860000000000014e+02
2.355569999999999879e+02 4.121490000000000009e+02
2.339739999999999895e+02 4.236250000000000000e+02
2.280380000000000109e+02 4.339139999999999873e+02
2.244770000000000039e+02 4.430149999999999864e+02
2.264550000000000125e+02 4.125450000000000159e+02
2.197280000000000086e+02 4.220419999999999732e+02
2.141879999999999882e+02 4.279780000000000086e+02
2.102309999999999945e+02 4.335179999999999723e+02
