2.346490000000000009e+02 4.073249999999999886e+02
2.487460000000000093e+02 4.103159999999999741e+02
2.619889999999999759e+02 4.167239999999999895e+02
2.607080000000000268e+02 4.321019999999999754e+02
2.641250000000000000e+02 4.436360000000000241e+02
2.474650000000000034e+02 4.197139999999999986e+02
2.508820000000000050e+02 4.359470000000000027e+02
2.525910000000000082e+02 4.470539999999999736e+02
2.547270000000000039e+02 4.585880000000000223e+02
2.346490000000000009e+02 4.205679999999999836e+02
2.376399999999999864e+02 4.402189999999999941e+02
2.376399999999999864e+02 4.508990000000000009e+02
2.372119999999999891e+02 4.611510000000000105e+02
2.243969999999999914e+02 4.231309999999999718e+02
2.261059999999999945e+02 4.393650000000000091e+02
2.252510000000000048e+02 4.487629999999999768e+02
2.248240000000000123e+02 4.598700000000000045e+02
2.162800000000000011e+02 4.265489999999999782e+02
2.145709999999999980e+02 4.397919999999999732e+02
2.128629999999999995e+02 4.444909999999999854e+02
2.103000000000000114e+02 4.504710000000000036e+02
