2.329339999999999975e+02 4.024470000000000027e+02
2.468480000000000132e+02 4.079279999999999973e+02
2.599189999999999827e+02 4.146739999999999782e+02
2.603410000000000082e+02 4.298530000000000086e+02
2.632919999999999732e+02 4.408159999999999741e+02
2.468480000000000132e+02 4.184689999999999941e+02
2.510639999999999930e+02 4.378650000000000091e+02
2.519079999999999870e+02 4.458759999999999764e+02
2.527510000000000048e+02 4.547300000000000182e+02
2.358849999999999909e+02 4.193120000000000118e+02
2.392580000000000098e+02 4.395509999999999877e+02
2.409449999999999932e+02 4.488269999999999982e+02
2.426320000000000050e+02 4.589470000000000027e+02
2.261879999999999882e+02 4.214200000000000159e+02
2.291390000000000100e+02 4.366000000000000227e+02
2.295610000000000070e+02 4.484060000000000059e+02
2.325120000000000005e+02 4.564169999999999732e+02
2.190200000000000102e+02 4.264800000000000182e+02
2.198629999999999995e+02 4.344909999999999854e+02
2.211279999999999859e+02 4.416589999999999918e+02
2.194410000000000025e+02 4.479839999999999804e+02
