2.180320000000000107e+02 3.949879999999999995e+02
2.310279999999999916e+02 3.980199999999999818e+02
2.422909999999999968e+02 4.045179999999999723e+02
2.466229999999999905e+02 4.179470000000000027e+02
2.552870000000000061e+02 4.274780000000000086e+02
2.314610000000000127e+02 4.144820000000000277e+02
2.301610000000000014e+02 4.287769999999999868e+02
2.284279999999999973e+02 4.387409999999999854e+02
2.249629999999999939e+02 4.456720000000000255e+02
2.206310000000000002e+02 4.153480000000000132e+02
2.184650000000000034e+02 4.274780000000000086e+02
2.171649999999999920e+02 4.374409999999999741e+02
2.145660000000000025e+02 4.465380000000000109e+02
2.106670000000000016e+02 4.131820000000000164e+02
2.085010000000000048e+02 4.253120000000000118e+02
2.076349999999999909e+02 4.352749999999999773e+02
2.067680000000000007e+02 4.439390000000000214e+02
2.007030000000000030e+02 4.114490000000000123e+02
1.985370000000000061e+02 4.227119999999999891e+02
1.972379999999999995e+02 4.296440000000000055e+02
1.968050000000000068e+02 4.361419999999999959e+02
