2.154410000000000025e+02 3.981179999999999950e+02
2.281630000000000109e+02 4.015110000000000241e+02
2.383420000000000130e+02 4.044800000000000182e+02
2.425829999999999984e+02 4.133849999999999909e+02
2.476719999999999970e+02 4.244119999999999777e+02
2.158650000000000091e+02 4.248360000000000127e+02
2.078069999999999879e+02 4.320459999999999923e+02
2.010209999999999866e+02 4.371349999999999909e+02
1.946599999999999966e+02 4.418000000000000114e+02
2.044139999999999873e+02 4.244119999999999777e+02
1.967800000000000011e+02 4.295009999999999764e+02
1.887230000000000132e+02 4.354379999999999882e+02
1.819370000000000118e+02 4.413759999999999764e+02
1.980529999999999973e+02 4.205950000000000273e+02
1.908429999999999893e+02 4.256840000000000259e+02
1.840579999999999927e+02 4.324700000000000273e+02
1.776959999999999980e+02 4.371349999999999909e+02
1.921150000000000091e+02 4.167780000000000200e+02
1.870260000000000105e+02 4.184750000000000227e+02
1.874499999999999886e+02 4.150819999999999936e+02
1.776959999999999980e+02 4.324700000000000273e+02
