2.456800000000000068e+02 3.374270000000000209e+02
2.607839999999999918e+02 3.338740000000000236e+02
2.776650000000000205e+02 3.307640000000000100e+02
2.887710000000000150e+02 3.232119999999999891e+02
3.025430000000000064e+02 3.129940000000000282e+02
2.674479999999999791e+02 3.276539999999999964e+02
2.750000000000000000e+02 3.196580000000000155e+02
2.776650000000000205e+02 3.138829999999999814e+02
2.785539999999999736e+02 3.094399999999999977e+02
2.563419999999999845e+02 3.267660000000000196e+02
2.603399999999999750e+02 3.183249999999999886e+02
2.634499999999999886e+02 3.112169999999999845e+02
2.656709999999999923e+02 3.054420000000000073e+02
2.461239999999999952e+02 3.267660000000000196e+02
2.487889999999999873e+02 3.201019999999999754e+02
2.510109999999999957e+02 3.152149999999999750e+02
2.536759999999999877e+02 3.089959999999999809e+02
2.363509999999999991e+02 3.303199999999999932e+02
2.336850000000000023e+02 3.232119999999999891e+02
2.323520000000000039e+02 3.192130000000000223e+02
2.341289999999999907e+02 3.125500000000000114e+02
