2.751879999999999882e+02 2.607889999999999873e+02
2.871050000000000182e+02 2.493129999999999882e+02
2.976979999999999791e+02 2.325409999999999968e+02
3.012289999999999850e+02 2.170920000000000130e+02
3.060840000000000032e+02 2.042930000000000064e+02
2.831329999999999814e+02 2.170920000000000130e+02
2.840149999999999864e+02 2.025269999999999868e+02
2.844569999999999936e+02 2.016440000000000055e+02
2.844569999999999936e+02 2.100300000000000011e+02
2.734220000000000255e+02 2.188580000000000041e+02
2.703330000000000268e+02 1.967889999999999873e+02
2.769529999999999745e+02 2.029679999999999893e+02
2.782769999999999868e+02 2.082649999999999864e+02
2.659189999999999827e+02 2.215060000000000002e+02
2.623879999999999768e+02 2.012030000000000030e+02
2.690079999999999814e+02 2.064989999999999952e+02
2.729809999999999945e+02 2.117959999999999923e+02
2.592980000000000018e+02 2.254790000000000134e+02
2.553259999999999934e+02 2.104720000000000084e+02
2.610640000000000214e+02 2.113549999999999898e+02
2.641530000000000200e+02 2.175339999999999918e+02
