2.467669999999999959e+02 3.022169999999999845e+02
2.534470000000000027e+02 2.959540000000000077e+02
2.659730000000000132e+02 2.951190000000000282e+02
2.789159999999999968e+02 2.888559999999999945e+02
2.926940000000000168e+02 2.855160000000000196e+02
2.697309999999999945e+02 3.168299999999999841e+02
2.847610000000000241e+02 3.318600000000000136e+02
2.985389999999999873e+02 3.356179999999999950e+02
3.081419999999999959e+02 3.360350000000000250e+02
2.739060000000000059e+02 3.235099999999999909e+02
2.897710000000000150e+02 3.343650000000000091e+02
3.027139999999999986e+02 3.347830000000000155e+02
3.127350000000000136e+02 3.318600000000000136e+02
2.768279999999999745e+02 3.239270000000000209e+02
2.910240000000000009e+02 3.322780000000000200e+02
3.039669999999999845e+02 3.322780000000000200e+02
3.152400000000000091e+02 3.281030000000000086e+02
2.789159999999999968e+02 3.222570000000000050e+02
2.922760000000000105e+02 3.272679999999999723e+02
3.002090000000000032e+02 3.264320000000000164e+02
3.081419999999999959e+02 3.243450000000000273e+02
