2.471730000000000018e+02 2.783559999999999945e+02
2.480730000000000075e+02 2.693570000000000277e+02
2.570720000000000027e+02 2.617069999999999936e+02
2.710210000000000150e+02 2.549579999999999984e+02
2.822699999999999818e+02 2.477589999999999861e+02
2.705710000000000264e+02 2.837549999999999955e+02
2.854189999999999827e+02 2.963539999999999850e+02
2.939689999999999941e+02 3.017540000000000191e+02
3.025179999999999723e+02 3.058029999999999973e+02
2.777699999999999818e+02 2.882549999999999955e+02
2.903690000000000282e+02 3.013039999999999736e+02
3.029680000000000177e+02 3.067029999999999745e+02
3.124169999999999732e+02 3.089529999999999745e+02
2.822699999999999818e+02 2.882549999999999955e+02
2.948679999999999950e+02 2.959039999999999964e+02
3.052169999999999845e+02 3.049030000000000200e+02
3.142169999999999845e+02 3.080529999999999973e+02
2.854189999999999827e+02 2.846549999999999727e+02
2.993679999999999950e+02 2.891549999999999727e+02
3.092669999999999959e+02 2.914049999999999727e+02
3.205160000000000196e+02 2.923050000000000068e+02
