2.680570000000000164e+02 2.555749999999999886e+02
2.808380000000000223e+02 2.459890000000000043e+02
2.927069999999999936e+02 2.332079999999999984e+02
3.054879999999999995e+02 2.213389999999999986e+02
3.168999999999999773e+02 2.131229999999999905e+02
2.844900000000000091e+02 2.154050000000000011e+02
2.945330000000000155e+02 1.989720000000000084e+02
2.995539999999999736e+02 1.875610000000000070e+02
3.036619999999999777e+02 1.770620000000000118e+02
2.808380000000000223e+02 2.154050000000000011e+02
2.954449999999999932e+02 1.980589999999999975e+02
3.027490000000000236e+02 1.839089999999999918e+02
3.036619999999999777e+02 1.720409999999999968e+02
2.794689999999999941e+02 2.190569999999999879e+02
2.927069999999999936e+02 2.012549999999999955e+02
3.022930000000000064e+02 1.907560000000000002e+02
3.050310000000000059e+02 1.784310000000000116e+02
2.794689999999999941e+02 2.254480000000000075e+02
2.899680000000000177e+02 2.053629999999999995e+02
2.963580000000000041e+02 1.948640000000000043e+02
3.022930000000000064e+02 1.898429999999999893e+02
