2.473979999999999961e+02 3.936569999999999823e+02
2.597869999999999777e+02 3.988519999999999754e+02
2.705779999999999745e+02 4.044470000000000027e+02
2.741739999999999782e+02 4.152379999999999995e+02
2.749739999999999895e+02 4.288260000000000218e+02
2.545920000000000130e+02 4.112409999999999854e+02
2.529929999999999950e+02 4.260280000000000200e+02
2.513940000000000055e+02 4.368190000000000168e+02
2.473979999999999961e+02 4.456109999999999900e+02
2.430020000000000095e+02 4.136390000000000100e+02
2.418029999999999973e+02 4.252289999999999850e+02
2.390049999999999955e+02 4.368190000000000168e+02
2.354079999999999870e+02 4.464100000000000250e+02
2.350089999999999861e+02 4.136390000000000100e+02
2.326109999999999900e+02 4.216320000000000050e+02
2.294139999999999873e+02 4.336220000000000141e+02
2.250169999999999959e+02 4.432130000000000223e+02
2.258170000000000073e+02 4.128399999999999750e+02
2.198220000000000027e+02 4.216320000000000050e+02
2.142270000000000039e+02 4.276270000000000095e+02
2.102299999999999898e+02 4.336220000000000141e+02
