2.520260000000000105e+02 3.964730000000000132e+02
2.665889999999999986e+02 4.009220000000000255e+02
2.779159999999999968e+02 4.090129999999999768e+02
2.827699999999999818e+02 4.199350000000000023e+02
2.892429999999999950e+02 4.288349999999999795e+02
2.609259999999999877e+02 4.199350000000000023e+02
2.613299999999999841e+02 4.268120000000000118e+02
2.617350000000000136e+02 4.369250000000000114e+02
2.613299999999999841e+02 4.454209999999999923e+02
2.495989999999999895e+02 4.179130000000000109e+02
2.483849999999999909e+02 4.264080000000000155e+02
2.459579999999999984e+02 4.373299999999999841e+02
2.427220000000000084e+02 4.462300000000000182e+02
2.398899999999999864e+02 4.162939999999999827e+02
2.390809999999999889e+02 4.239800000000000182e+02
2.334180000000000064e+02 4.332850000000000250e+02
2.297769999999999868e+02 4.438020000000000209e+02
2.297769999999999868e+02 4.146759999999999877e+02
2.233050000000000068e+02 4.227669999999999959e+02
2.164279999999999973e+02 4.276209999999999809e+02
2.107640000000000100e+02 4.328799999999999955e+02
