2.523240000000000123e+02 2.264869999999999948e+02
2.640120000000000005e+02 2.225910000000000082e+02
2.800289999999999964e+02 2.126349999999999909e+02
2.938820000000000050e+02 2.091719999999999970e+02
3.077339999999999804e+02 2.087390000000000043e+02
2.666100000000000136e+02 1.909900000000000091e+02
2.739689999999999941e+02 1.732419999999999902e+02
2.873879999999999768e+02 1.676140000000000043e+02
2.947479999999999905e+02 1.676140000000000043e+02
2.631469999999999914e+02 1.883930000000000007e+02
2.765659999999999741e+02 1.706450000000000102e+02
2.899859999999999900e+02 1.676140000000000043e+02
2.990760000000000218e+02 1.676140000000000043e+02
2.622810000000000059e+02 1.892589999999999861e+02
2.761329999999999814e+02 1.719430000000000121e+02
2.882540000000000191e+02 1.684799999999999898e+02
2.977780000000000200e+02 1.697789999999999964e+02
2.627139999999999986e+02 1.922889999999999873e+02
2.726700000000000159e+02 1.788700000000000045e+02
2.808949999999999818e+02 1.745409999999999968e+02
2.891200000000000045e+02 1.715099999999999909e+02
