2.692149999999999750e+02 2.574150000000000205e+02
2.628220000000000027e+02 2.432580000000000098e+02
2.582549999999999955e+02 2.245339999999999918e+02
2.655620000000000118e+02 2.103770000000000095e+02
2.733260000000000218e+02 2.007860000000000014e+02
2.637350000000000136e+02 2.295569999999999879e+02
2.751519999999999868e+02 2.112899999999999920e+02
2.760659999999999741e+02 2.112899999999999920e+02
2.746960000000000264e+02 2.163139999999999930e+02
2.737819999999999823e+02 2.354939999999999998e+02
2.838290000000000077e+02 2.163139999999999930e+02
2.806320000000000050e+02 2.181399999999999864e+02
2.778919999999999959e+02 2.236200000000000045e+02
2.842860000000000014e+02 2.400610000000000070e+02
2.911360000000000241e+02 2.217940000000000111e+02
2.879390000000000214e+02 2.245339999999999918e+02
2.842860000000000014e+02 2.295569999999999879e+02
2.925059999999999718e+02 2.437139999999999986e+02
2.957029999999999745e+02 2.313839999999999861e+02
2.929630000000000223e+02 2.313839999999999861e+02
2.906789999999999736e+02 2.359509999999999934e+02
