2.411740000000000066e+02 4.114990000000000236e+02
2.569370000000000118e+02 4.178050000000000068e+02
2.699420000000000073e+02 4.272629999999999768e+02
2.711240000000000236e+02 4.394789999999999850e+02
2.762470000000000141e+02 4.505129999999999768e+02
2.502379999999999995e+02 4.319920000000000186e+02
2.490550000000000068e+02 4.481490000000000009e+02
2.482669999999999959e+02 4.603650000000000091e+02
2.447210000000000036e+02 4.698229999999999791e+02
2.372330000000000041e+02 4.323860000000000241e+02
2.352630000000000052e+02 4.469669999999999845e+02
2.325039999999999907e+02 4.603650000000000091e+02
2.265929999999999893e+02 4.702169999999999845e+02
2.269869999999999948e+02 4.319920000000000186e+02
2.250169999999999959e+02 4.446019999999999754e+02
2.230459999999999923e+02 4.568190000000000168e+02
2.187110000000000127e+02 4.666709999999999923e+02
2.171349999999999909e+02 4.323860000000000241e+02
2.135879999999999939e+02 4.446019999999999754e+02
2.104360000000000070e+02 4.513009999999999877e+02
2.072829999999999870e+02 4.572130000000000223e+02
