2.750840000000000032e+02 2.626190000000000282e+02
2.854959999999999809e+02 2.485850000000000080e+02
2.936449999999999818e+02 2.318350000000000080e+02
2.931920000000000073e+02 2.178009999999999877e+02
2.864010000000000105e+02 2.114629999999999939e+02
2.759889999999999759e+02 2.227810000000000059e+02
2.823269999999999982e+02 2.073890000000000100e+02
2.841379999999999768e+02 2.137270000000000039e+02
2.864010000000000105e+02 2.196119999999999948e+02
2.701039999999999850e+02 2.245920000000000130e+02
2.768949999999999818e+02 2.105579999999999927e+02
2.814220000000000255e+02 2.205169999999999959e+02
2.823269999999999982e+02 2.295709999999999980e+02
2.619549999999999841e+02 2.259499999999999886e+02
2.696510000000000105e+02 2.141790000000000020e+02
2.746309999999999718e+02 2.254970000000000141e+02
2.768949999999999818e+02 2.354559999999999889e+02
2.542599999999999909e+02 2.291189999999999998e+02
2.637660000000000196e+02 2.200639999999999930e+02
2.682930000000000064e+02 2.282129999999999939e+02
2.696510000000000105e+02 2.359089999999999918e+02
