2.369979999999999905e+02 3.164490000000000123e+02
2.531510000000000105e+02 3.150240000000000009e+02
2.716800000000000068e+02 3.069470000000000027e+02
2.868829999999999814e+02 3.045720000000000027e+02
3.044610000000000127e+02 3.036220000000000141e+02
2.636030000000000086e+02 2.926949999999999932e+02
2.702540000000000191e+02 2.779669999999999845e+02
2.745299999999999727e+02 2.656139999999999759e+02
2.750049999999999955e+02 2.518360000000000127e+02
2.531510000000000105e+02 2.931700000000000159e+02
2.583770000000000095e+02 2.741659999999999968e+02
2.598020000000000209e+02 2.622880000000000109e+02
2.626530000000000200e+02 2.499360000000000070e+02
2.441239999999999952e+02 2.955450000000000159e+02
2.479250000000000114e+02 2.784420000000000073e+02
2.503000000000000114e+02 2.684649999999999750e+02
2.526759999999999877e+02 2.584879999999999995e+02
2.341469999999999914e+02 2.979209999999999923e+02
2.350970000000000084e+02 2.903190000000000168e+02
2.365229999999999961e+02 2.817669999999999959e+02
2.369979999999999905e+02 2.736909999999999741e+02
