2.386680000000000064e+02 4.077069999999999936e+02
2.522959999999999923e+02 4.141200000000000045e+02
2.643220000000000027e+02 4.217359999999999900e+02
2.703340000000000032e+02 4.389730000000000132e+02
2.811569999999999823e+02 4.425799999999999841e+02
2.514950000000000045e+02 4.277490000000000236e+02
2.526970000000000027e+02 4.453860000000000241e+02
2.559039999999999964e+02 4.558079999999999927e+02
2.579080000000000155e+02 4.646270000000000095e+02
2.378660000000000139e+02 4.293519999999999754e+02
2.386680000000000064e+02 4.465889999999999986e+02
2.382669999999999959e+02 4.570110000000000241e+02
2.370639999999999930e+02 4.662300000000000182e+02
2.266419999999999959e+02 4.297529999999999859e+02
2.262410000000000139e+02 4.445849999999999795e+02
2.250389999999999873e+02 4.546059999999999945e+02
2.222330000000000041e+02 4.626229999999999905e+02
2.170219999999999914e+02 4.305550000000000068e+02
2.146169999999999902e+02 4.413779999999999859e+02
2.114099999999999966e+02 4.473899999999999864e+02
2.078019999999999925e+02 4.534030000000000200e+02
