2.224929999999999950e+02 3.971100000000000136e+02
2.349329999999999927e+02 4.007210000000000036e+02
2.453660000000000139e+02 4.067400000000000091e+02
2.485759999999999934e+02 4.191800000000000068e+02
2.489780000000000086e+02 4.324220000000000255e+02
2.297160000000000082e+02 4.143650000000000091e+02
2.297160000000000082e+02 4.292119999999999891e+02
2.301179999999999950e+02 4.392440000000000282e+02
2.289139999999999873e+02 4.484730000000000132e+02
2.196839999999999975e+02 4.155690000000000168e+02
2.180790000000000077e+02 4.300149999999999864e+02
2.160730000000000075e+02 4.400459999999999923e+02
2.136649999999999920e+02 4.488750000000000000e+02
2.100540000000000020e+02 4.159700000000000273e+02
2.072450000000000045e+02 4.280079999999999814e+02
2.052379999999999995e+02 4.376390000000000100e+02
2.028309999999999889e+02 4.480720000000000027e+02
2.012259999999999991e+02 4.159700000000000273e+02
1.968120000000000118e+02 4.260020000000000095e+02
1.936009999999999991e+02 4.324220000000000255e+02
1.903909999999999911e+02 4.388430000000000177e+02
