2.437580000000000098e+02 3.637370000000000232e+02
2.550740000000000123e+02 3.610059999999999718e+02
2.671700000000000159e+02 3.571039999999999850e+02
2.816070000000000277e+02 3.578849999999999909e+02
2.976050000000000182e+02 3.602259999999999991e+02
2.511719999999999970e+02 3.477389999999999759e+02
2.527330000000000041e+02 3.360339999999999918e+02
2.531229999999999905e+02 3.293999999999999773e+02
2.531229999999999905e+02 3.227669999999999959e+02
2.406370000000000005e+02 3.508609999999999900e+02
2.351740000000000066e+02 3.391549999999999727e+02
2.316620000000000061e+02 3.333020000000000209e+02
2.285409999999999968e+02 3.266689999999999827e+02
2.312719999999999914e+02 3.578849999999999909e+02
2.219070000000000107e+02 3.489100000000000250e+02
2.176150000000000091e+02 3.450079999999999814e+02
2.141030000000000086e+02 3.395450000000000159e+02
2.254190000000000111e+02 3.668589999999999804e+02
2.160540000000000020e+02 3.633469999999999800e+02
2.094209999999999923e+02 3.602259999999999991e+02
2.031779999999999973e+02 3.555430000000000064e+02
