2.682300000000000182e+02 2.542969999999999970e+02
2.787280000000000086e+02 2.451680000000000064e+02
2.915070000000000050e+02 2.319319999999999879e+02
3.056560000000000059e+02 2.232599999999999909e+02
3.193489999999999895e+02 2.173269999999999982e+02
2.855740000000000123e+02 2.145879999999999939e+02
3.029180000000000064e+02 2.018079999999999927e+02
3.102210000000000036e+02 1.945060000000000002e+02
3.156979999999999791e+02 1.844639999999999986e+02
2.755330000000000155e+02 2.132189999999999941e+02
2.974409999999999741e+02 2.031779999999999973e+02
3.074820000000000277e+02 1.958750000000000000e+02
3.147850000000000250e+02 1.853770000000000095e+02
2.755330000000000155e+02 2.196090000000000089e+02
2.919639999999999986e+02 2.086550000000000011e+02
2.969839999999999804e+02 2.027210000000000036e+02
3.010919999999999845e+02 1.954180000000000064e+02
2.787280000000000086e+02 2.269110000000000014e+02
2.878559999999999945e+02 2.155010000000000048e+02
2.933330000000000268e+02 2.077419999999999902e+02
3.001789999999999736e+02 1.981570000000000107e+02
