2.813380000000000223e+02 2.502009999999999934e+02
2.715430000000000064e+02 2.368449999999999989e+02
2.653100000000000023e+02 2.208180000000000121e+02
2.639750000000000227e+02 2.047899999999999920e+02
2.572970000000000255e+02 1.932150000000000034e+02
2.817830000000000155e+02 2.159199999999999875e+02
2.924680000000000177e+02 1.990029999999999859e+02
2.942490000000000236e+02 1.963319999999999936e+02
2.960289999999999964e+02 1.967769999999999868e+02
2.929130000000000109e+02 2.194819999999999993e+02
3.035980000000000132e+02 2.007839999999999918e+02
3.044879999999999995e+02 1.976670000000000016e+02
3.040430000000000064e+02 1.976670000000000016e+02
3.004809999999999945e+02 2.225980000000000132e+02
3.107210000000000036e+02 2.074619999999999891e+02
3.111659999999999968e+02 2.039000000000000057e+02
3.102760000000000105e+02 2.030099999999999909e+02
3.071589999999999918e+02 2.266049999999999898e+02
3.142830000000000155e+02 2.159199999999999875e+02
3.165090000000000146e+02 2.119139999999999873e+02
3.151730000000000018e+02 2.101330000000000098e+02
