2.444960000000000093e+02 3.964929999999999950e+02
2.571250000000000000e+02 4.012289999999999850e+02
2.685710000000000264e+02 4.063589999999999804e+02
2.721229999999999905e+02 4.189889999999999759e+02
2.764649999999999750e+02 4.312239999999999895e+02
2.527839999999999918e+02 4.126739999999999782e+02
2.531790000000000020e+02 4.304350000000000023e+02
2.515999999999999943e+02 4.403020000000000209e+02
2.480480000000000018e+02 4.474060000000000059e+02
2.409439999999999884e+02 4.134639999999999986e+02
2.409439999999999884e+02 4.284610000000000127e+02
2.385759999999999934e+02 4.383279999999999745e+02
2.358129999999999882e+02 4.474060000000000059e+02
2.318660000000000139e+02 4.126739999999999782e+02
2.306819999999999879e+02 4.264879999999999995e+02
2.279199999999999875e+02 4.355649999999999977e+02
2.255509999999999877e+02 4.454320000000000164e+02
2.219989999999999952e+02 4.126739999999999782e+02
2.184470000000000027e+02 4.245140000000000100e+02
2.145010000000000048e+02 4.300400000000000205e+02
2.097640000000000100e+02 4.351709999999999923e+02
