2.228499999999999943e+02 3.972919999999999732e+02
2.351299999999999955e+02 4.022040000000000077e+02
2.453640000000000043e+02 4.132559999999999718e+02
2.392239999999999895e+02 4.230810000000000173e+02
2.347210000000000036e+02 4.349519999999999982e+02
2.232589999999999861e+02 4.132559999999999718e+02
2.208029999999999973e+02 4.296299999999999955e+02
2.163000000000000114e+02 4.398639999999999759e+02
2.097510000000000048e+02 4.476419999999999959e+02
2.130250000000000057e+02 4.140749999999999886e+02
2.097510000000000048e+02 4.292210000000000036e+02
2.032009999999999934e+02 4.398639999999999759e+02
1.970610000000000070e+02 4.480509999999999877e+02
2.036100000000000136e+02 4.128469999999999800e+02
1.999259999999999877e+02 4.267649999999999864e+02
1.954240000000000066e+02 4.374080000000000155e+02
1.901020000000000039e+02 4.451850000000000023e+02
1.958329999999999984e+02 4.128469999999999800e+02
1.901020000000000039e+02 4.251279999999999859e+02
1.860089999999999861e+02 4.320860000000000127e+02
1.810960000000000036e+02 4.369990000000000236e+02
