2.453189999999999884e+02 3.972760000000000105e+02
2.576979999999999791e+02 4.008700000000000045e+02
2.692789999999999964e+02 4.072599999999999909e+02
2.724730000000000132e+02 4.184409999999999741e+02
2.756680000000000064e+02 4.304209999999999923e+02
2.529060000000000059e+02 4.144479999999999791e+02
2.529060000000000059e+02 4.300219999999999914e+02
2.509089999999999918e+02 4.396059999999999945e+02
2.481140000000000043e+02 4.471929999999999836e+02
2.417249999999999943e+02 4.148469999999999800e+02
2.405269999999999868e+02 4.292230000000000132e+02
2.385300000000000011e+02 4.392060000000000173e+02
2.365329999999999870e+02 4.483910000000000196e+02
2.317410000000000139e+02 4.140480000000000018e+02
2.309430000000000121e+02 4.268269999999999982e+02
2.277479999999999905e+02 4.360120000000000005e+02
2.253520000000000039e+02 4.455960000000000036e+02
2.217580000000000098e+02 4.140480000000000018e+02
2.177649999999999864e+02 4.244309999999999832e+02
2.137709999999999866e+02 4.300219999999999914e+02
2.093789999999999907e+02 4.360120000000000005e+02
