2.639750000000000227e+02 2.643530000000000086e+02
2.566669999999999732e+02 2.497379999999999995e+02
2.429660000000000082e+02 2.374079999999999870e+02
2.489029999999999916e+02 2.237059999999999889e+02
2.539269999999999925e+02 2.109190000000000111e+02
2.530140000000000100e+02 2.392340000000000089e+02
2.612339999999999804e+02 2.168559999999999945e+02
2.616909999999999741e+02 2.159430000000000121e+02
2.635179999999999723e+02 2.177690000000000055e+02
2.639750000000000227e+02 2.428880000000000052e+02
2.712819999999999823e+02 2.195960000000000036e+02
2.703679999999999950e+02 2.214230000000000018e+02
2.676279999999999859e+02 2.273600000000000136e+02
2.749350000000000023e+02 2.465420000000000016e+02
2.790459999999999923e+02 2.250769999999999982e+02
2.781320000000000050e+02 2.282740000000000009e+02
2.749350000000000023e+02 2.351239999999999952e+02
2.831560000000000059e+02 2.488249999999999886e+02
2.858960000000000150e+02 2.332969999999999970e+02
2.831560000000000059e+02 2.351239999999999952e+02
2.817860000000000014e+02 2.401479999999999961e+02
