2.441440000000000055e+02 3.950310000000000059e+02
2.571720000000000255e+02 4.001630000000000109e+02
2.690160000000000196e+02 4.068750000000000000e+02
2.717799999999999727e+02 4.202980000000000018e+02
2.761229999999999905e+02 4.305620000000000118e+02
2.536189999999999998e+02 4.139809999999999945e+02
2.528300000000000125e+02 4.297730000000000246e+02
2.504610000000000127e+02 4.396429999999999723e+02
2.488820000000000050e+02 4.475389999999999873e+02
2.421699999999999875e+02 4.143759999999999764e+02
2.405910000000000082e+02 4.289830000000000041e+02
2.382220000000000084e+02 4.392479999999999905e+02
2.366430000000000007e+02 4.487230000000000132e+02
2.326949999999999932e+02 4.139809999999999945e+02
2.307210000000000036e+02 4.266139999999999759e+02
2.275629999999999882e+02 4.360889999999999986e+02
2.251939999999999884e+02 4.455649999999999977e+02
2.224300000000000068e+02 4.131909999999999741e+02
2.184819999999999993e+02 4.242459999999999809e+02
2.141399999999999864e+02 4.301680000000000064e+02
2.094019999999999868e+02 4.360889999999999986e+02
