2.515070000000000050e+02 3.917259999999999991e+02
2.649110000000000014e+02 3.948799999999999955e+02
2.755550000000000068e+02 4.019759999999999991e+02
2.818629999999999995e+02 4.149850000000000136e+02
2.905350000000000250e+02 4.244470000000000027e+02
2.649110000000000014e+02 4.161680000000000064e+02
2.649110000000000014e+02 4.256290000000000191e+02
2.656990000000000123e+02 4.346970000000000027e+02
2.653050000000000068e+02 4.410040000000000191e+02
2.534780000000000086e+02 4.130140000000000100e+02
2.511129999999999995e+02 4.228700000000000045e+02
2.499300000000000068e+02 4.323310000000000173e+02
2.491419999999999959e+02 4.425810000000000173e+02
2.432280000000000086e+02 4.122259999999999991e+02
2.400749999999999886e+02 4.224759999999999991e+02
2.377090000000000032e+02 4.307540000000000191e+02
2.373149999999999977e+02 4.398210000000000264e+02
2.329790000000000134e+02 4.130140000000000100e+02
2.250939999999999941e+02 4.205040000000000191e+02
2.195749999999999886e+02 4.244470000000000027e+02
2.148439999999999941e+02 4.283890000000000100e+02
