2.715749999999999886e+02 2.608450000000000273e+02
2.856050000000000182e+02 2.531510000000000105e+02
2.969189999999999827e+02 2.364060000000000059e+02
3.032549999999999955e+02 2.214720000000000084e+02
3.109479999999999791e+02 2.097050000000000125e+02
2.828890000000000100e+02 2.228290000000000077e+02
2.869619999999999891e+02 2.029159999999999968e+02
2.901299999999999955e+02 1.884339999999999975e+02
2.905830000000000268e+02 1.762150000000000034e+02
2.724800000000000182e+02 2.246399999999999864e+02
2.751960000000000264e+02 2.006539999999999964e+02
2.756480000000000246e+02 1.857189999999999941e+02
2.756480000000000246e+02 1.739519999999999982e+02
2.643340000000000032e+02 2.278079999999999927e+02
2.643340000000000032e+02 2.056320000000000050e+02
2.647869999999999777e+02 1.920550000000000068e+02
2.652389999999999759e+02 1.802880000000000109e+02
2.566410000000000196e+02 2.323329999999999984e+02
2.534730000000000132e+02 2.173990000000000009e+02
2.525680000000000121e+02 2.065370000000000061e+02
2.512100000000000080e+02 1.965809999999999889e+02
