2.176109999999999900e+02 3.934270000000000209e+02
2.295780000000000030e+02 3.968460000000000036e+02
2.415449999999999875e+02 4.036850000000000023e+02
2.462470000000000141e+02 4.173620000000000232e+02
2.547949999999999875e+02 4.271920000000000073e+02
2.312880000000000109e+02 4.130880000000000223e+02
2.308600000000000136e+02 4.289010000000000105e+02
2.282959999999999923e+02 4.383039999999999736e+02
2.248770000000000095e+02 4.447149999999999750e+02
2.210300000000000011e+02 4.139420000000000073e+02
2.184660000000000082e+02 4.276190000000000282e+02
2.176109999999999900e+02 4.383039999999999736e+02
2.146189999999999998e+02 4.477069999999999936e+02
2.107729999999999961e+02 4.130880000000000223e+02
2.082079999999999984e+02 4.254820000000000277e+02
2.077810000000000059e+02 4.348849999999999909e+02
2.069259999999999877e+02 4.442880000000000109e+02
2.005149999999999864e+02 4.109510000000000218e+02
1.988050000000000068e+02 4.224900000000000091e+02
1.975229999999999961e+02 4.293290000000000077e+02
1.970960000000000036e+02 4.365950000000000273e+02
