2.515430000000000064e+02 2.753159999999999741e+02
2.510819999999999936e+02 2.647139999999999986e+02
2.570749999999999886e+02 2.513460000000000036e+02
2.649110000000000014e+02 2.375169999999999959e+02
2.672160000000000082e+02 2.241490000000000009e+02
2.732090000000000032e+02 2.891449999999999818e+02
2.879590000000000032e+02 2.946759999999999877e+02
2.976399999999999864e+02 3.006689999999999827e+02
3.013269999999999982e+02 3.061999999999999886e+02
2.796619999999999777e+02 2.849959999999999809e+02
2.925690000000000168e+02 2.891449999999999818e+02
2.990230000000000246e+02 2.992860000000000014e+02
3.027099999999999795e+02 3.071220000000000141e+02
2.815059999999999718e+02 2.794639999999999986e+02
2.930299999999999727e+02 2.854569999999999936e+02
2.990230000000000246e+02 2.946759999999999877e+02
3.017880000000000109e+02 3.020520000000000209e+02
2.815059999999999718e+02 2.739329999999999927e+02
2.934909999999999854e+02 2.817690000000000055e+02
2.971789999999999736e+02 2.882230000000000132e+02
3.008659999999999854e+02 2.965199999999999818e+02
