2.599010000000000105e+02 2.405660000000000025e+02
2.516380000000000052e+02 2.254159999999999968e+02
2.479650000000000034e+02 2.084300000000000068e+02
2.520970000000000084e+02 1.923619999999999948e+02
2.534739999999999895e+02 1.781299999999999955e+02
2.640330000000000155e+02 2.010840000000000032e+02
2.704599999999999795e+02 1.790480000000000018e+02
2.741329999999999814e+02 1.661939999999999884e+02
2.778059999999999832e+02 1.570120000000000005e+02
2.736739999999999782e+02 2.052160000000000082e+02
2.833149999999999977e+02 1.827210000000000036e+02
2.888240000000000123e+02 1.694070000000000107e+02
2.943330000000000268e+02 1.583890000000000100e+02
2.814789999999999850e+02 2.111839999999999975e+02
2.911200000000000045e+02 1.909840000000000089e+02
2.966290000000000191e+02 1.781299999999999955e+02
3.007599999999999909e+02 1.675709999999999980e+02
2.883650000000000091e+02 2.166939999999999884e+02
2.966290000000000191e+02 2.020029999999999859e+02
3.030559999999999832e+02 1.937390000000000043e+02
3.071879999999999882e+02 1.863940000000000055e+02
