2.364679999999999893e+02 3.967810000000000059e+02
2.498609999999999900e+02 4.017559999999999718e+02
2.605760000000000218e+02 4.086440000000000055e+02
2.628720000000000141e+02 4.201240000000000236e+02
2.644030000000000200e+02 4.308380000000000223e+02
2.433559999999999945e+02 4.162970000000000255e+02
2.395289999999999964e+02 4.304560000000000173e+02
2.376160000000000139e+02 4.419359999999999786e+02
2.330240000000000009e+02 4.476750000000000114e+02
2.322589999999999861e+02 4.174449999999999932e+02
2.269019999999999868e+02 4.293079999999999927e+02
2.234579999999999984e+02 4.404049999999999727e+02
2.173350000000000080e+02 4.480579999999999927e+02
2.234579999999999984e+02 4.151490000000000009e+02
2.177179999999999893e+02 4.266290000000000191e+02
2.131260000000000048e+02 4.361960000000000264e+02
2.085339999999999918e+02 4.453790000000000191e+02
2.138909999999999911e+02 4.147660000000000196e+02
2.062379999999999995e+02 4.239499999999999886e+02
2.008799999999999955e+02 4.300729999999999791e+02
1.959060000000000059e+02 4.354300000000000068e+02
