2.521920000000000073e+02 2.815910000000000082e+02
2.636820000000000164e+02 2.653140000000000214e+02
2.746929999999999836e+02 2.461649999999999920e+02
2.799590000000000032e+02 2.303669999999999902e+02
2.871390000000000100e+02 2.183990000000000009e+02
2.565009999999999764e+02 2.322820000000000107e+02
2.541069999999999993e+02 2.116959999999999980e+02
2.545860000000000127e+02 1.978129999999999882e+02
2.550649999999999977e+02 1.858449999999999989e+02
2.483629999999999995e+02 2.346750000000000114e+02
2.440540000000000020e+02 2.116959999999999980e+02
2.426179999999999950e+02 1.963770000000000095e+02
2.407030000000000030e+02 1.844089999999999918e+02
2.407030000000000030e+02 2.385049999999999955e+02
2.335219999999999914e+02 2.183990000000000009e+02
2.301709999999999923e+02 2.040370000000000061e+02
2.277769999999999868e+02 1.925469999999999970e+02
2.335219999999999914e+02 2.456860000000000070e+02
2.249050000000000011e+02 2.313240000000000123e+02
2.186810000000000116e+02 2.231860000000000070e+02
2.138940000000000055e+02 2.150480000000000018e+02
