2.461359999999999957e+02 3.920240000000000009e+02
2.591019999999999754e+02 3.972909999999999968e+02
2.704470000000000027e+02 4.037740000000000009e+02
2.732839999999999918e+02 4.163349999999999795e+02
2.761200000000000045e+02 4.288949999999999818e+02
2.546450000000000102e+02 4.098519999999999754e+02
2.538350000000000080e+02 4.248439999999999941e+02
2.514039999999999964e+02 4.361890000000000214e+02
2.477570000000000050e+02 4.455079999999999814e+02
2.441109999999999900e+02 4.110670000000000073e+02
2.416790000000000020e+02 4.244379999999999882e+02
2.388429999999999893e+02 4.361890000000000214e+02
2.356020000000000039e+02 4.459130000000000109e+02
2.343859999999999957e+02 4.106619999999999777e+02
2.335759999999999934e+02 4.224130000000000109e+02
2.279029999999999916e+02 4.329470000000000027e+02
2.250670000000000073e+02 4.430769999999999982e+02
2.250670000000000073e+02 4.118779999999999859e+02
2.185840000000000032e+02 4.228179999999999836e+02
2.145320000000000107e+02 4.280849999999999795e+02
2.096699999999999875e+02 4.333519999999999754e+02
