2.326200000000000045e+02 4.000190000000000055e+02
2.485399999999999920e+02 4.058840000000000146e+02
2.619460000000000264e+02 4.138439999999999941e+02
2.636220000000000141e+02 4.285079999999999814e+02
2.686490000000000009e+02 4.393999999999999773e+02
2.472829999999999870e+02 4.213860000000000241e+02
2.493779999999999859e+02 4.385620000000000118e+02
2.518909999999999911e+02 4.481979999999999791e+02
2.531479999999999961e+02 4.561580000000000155e+02
2.355519999999999925e+02 4.222230000000000132e+02
2.384850000000000136e+02 4.389809999999999945e+02
2.405800000000000125e+02 4.481979999999999791e+02
2.418360000000000127e+02 4.586720000000000255e+02
2.259159999999999968e+02 4.230609999999999786e+02
2.284300000000000068e+02 4.364680000000000177e+02
2.288489999999999895e+02 4.461039999999999850e+02
2.313629999999999995e+02 4.561580000000000155e+02
2.171179999999999950e+02 4.247370000000000232e+02
2.171179999999999950e+02 4.335350000000000250e+02
2.158619999999999948e+02 4.410760000000000218e+02
2.162810000000000059e+02 4.469409999999999741e+02
