2.365869999999999891e+02 4.131800000000000068e+02
2.509530000000000030e+02 4.149220000000000255e+02
2.640129999999999768e+02 4.223229999999999791e+02
2.709789999999999850e+02 4.379950000000000045e+02
2.818620000000000232e+02 4.453960000000000150e+02
2.522589999999999861e+02 4.384300000000000068e+02
2.540000000000000000e+02 4.445249999999999773e+02
2.574830000000000041e+02 4.523609999999999900e+02
2.583539999999999850e+02 4.601970000000000027e+02
2.370219999999999914e+02 4.393009999999999877e+02
2.374569999999999936e+02 4.436539999999999964e+02
2.370219999999999914e+02 4.532320000000000277e+02
2.352810000000000059e+02 4.632450000000000045e+02
2.261390000000000100e+02 4.406070000000000277e+02
2.235260000000000105e+02 4.458310000000000173e+02
2.196080000000000041e+02 4.532320000000000277e+02
2.152549999999999955e+02 4.623740000000000236e+02
2.161260000000000048e+02 4.410419999999999732e+02
2.082889999999999873e+02 4.436539999999999964e+02
1.991469999999999914e+02 4.462669999999999959e+02
1.913110000000000070e+02 4.523609999999999900e+02
