2.368839999999999861e+02 3.980120000000000005e+02
2.494530000000000030e+02 4.015470000000000255e+02
2.608430000000000177e+02 4.082239999999999895e+02
2.616290000000000191e+02 4.200070000000000050e+02
2.643779999999999859e+02 4.313980000000000246e+02
2.427760000000000105e+02 4.172579999999999814e+02
2.400260000000000105e+02 4.298269999999999982e+02
2.376690000000000111e+02 4.408240000000000123e+02
2.333489999999999895e+02 4.482869999999999777e+02
2.302069999999999936e+02 4.160790000000000077e+02
2.274569999999999936e+02 4.290409999999999968e+02
2.235300000000000011e+02 4.404309999999999832e+02
2.172450000000000045e+02 4.482869999999999777e+02
2.211730000000000018e+02 4.145079999999999814e+02
2.180310000000000059e+02 4.266840000000000259e+02
2.133170000000000073e+02 4.365040000000000191e+02
2.086040000000000134e+02 4.455380000000000109e+02
2.117460000000000093e+02 4.145079999999999814e+02
2.046759999999999877e+02 4.258990000000000009e+02
1.995699999999999932e+02 4.306120000000000232e+02
1.952500000000000000e+02 4.361109999999999900e+02
