2.390049999999999955e+02 4.004519999999999982e+02
2.521560000000000059e+02 4.057939999999999827e+02
2.644839999999999804e+02 4.131909999999999741e+02
2.657169999999999845e+02 4.242869999999999777e+02
2.669499999999999886e+02 4.370260000000000105e+02
2.480459999999999923e+02 4.222320000000000277e+02
2.480459999999999923e+02 4.362040000000000077e+02
2.476349999999999909e+02 4.444230000000000018e+02
2.443480000000000132e+02 4.538750000000000000e+02
2.369509999999999934e+02 4.214100000000000250e+02
2.344850000000000136e+02 4.362040000000000077e+02
2.303750000000000000e+02 4.473000000000000114e+02
2.258549999999999898e+02 4.542860000000000014e+02
2.258549999999999898e+02 4.209990000000000236e+02
2.242110000000000127e+02 4.333279999999999745e+02
2.205130000000000052e+02 4.431909999999999741e+02
2.164029999999999916e+02 4.518210000000000264e+02
2.159919999999999902e+02 4.214100000000000250e+02
2.127050000000000125e+02 4.312730000000000246e+02
2.090060000000000002e+02 4.374370000000000118e+02
2.057179999999999893e+02 4.427799999999999727e+02
