2.479919999999999902e+02 2.870830000000000268e+02
2.612339999999999804e+02 2.697320000000000277e+02
2.680830000000000268e+02 2.496409999999999911e+02
2.676270000000000095e+02 2.377690000000000055e+02
2.689959999999999809e+02 2.277239999999999895e+02
2.507319999999999993e+02 2.295500000000000114e+02
2.484490000000000123e+02 2.090029999999999859e+02
2.507319999999999993e+02 1.975879999999999939e+02
2.521020000000000039e+02 1.879989999999999952e+02
2.438830000000000098e+02 2.332030000000000030e+02
2.361210000000000093e+02 2.121990000000000123e+02
2.356639999999999873e+02 1.975879999999999939e+02
2.347510000000000048e+02 1.861719999999999970e+02
2.393170000000000073e+02 2.386819999999999879e+02
2.320109999999999957e+02 2.199610000000000127e+02
2.347510000000000048e+02 2.112860000000000014e+02
2.402299999999999898e+02 2.080900000000000034e+02
2.361210000000000093e+02 2.455320000000000107e+02
2.338379999999999939e+02 2.304629999999999939e+02
2.374900000000000091e+02 2.245279999999999916e+02
2.475360000000000014e+02 2.213309999999999889e+02
