2.418810000000000002e+02 4.121949999999999932e+02
2.578319999999999936e+02 4.181770000000000209e+02
2.697950000000000159e+02 4.273489999999999895e+02
2.733840000000000146e+02 4.405079999999999814e+02
2.801630000000000109e+02 4.488829999999999814e+02
2.510529999999999973e+02 4.401100000000000136e+02
2.494579999999999984e+02 4.480849999999999795e+02
2.498559999999999945e+02 4.576560000000000059e+02
2.478619999999999948e+02 4.676250000000000000e+02
2.378930000000000007e+02 4.353240000000000123e+02
2.351020000000000039e+02 4.468890000000000100e+02
2.319110000000000014e+02 4.600480000000000018e+02
2.263290000000000077e+02 4.700179999999999723e+02
2.287210000000000036e+02 4.325330000000000155e+02
2.243350000000000080e+02 4.440969999999999800e+02
2.207460000000000093e+02 4.548639999999999759e+02
2.167580000000000098e+02 4.660299999999999727e+02
2.187520000000000095e+02 4.313369999999999891e+02
2.131690000000000111e+02 4.417049999999999841e+02
2.091810000000000116e+02 4.484839999999999804e+02
2.043959999999999866e+02 4.552629999999999768e+02
