2.154869999999999948e+02 3.929599999999999795e+02
2.286289999999999907e+02 3.978879999999999768e+02
2.413590000000000089e+02 4.048690000000000282e+02
2.475190000000000055e+02 4.180110000000000241e+02
2.581970000000000027e+02 4.241709999999999923e+02
2.306819999999999879e+02 4.143149999999999977e+02
2.290389999999999873e+02 4.282780000000000200e+02
2.282179999999999893e+02 4.377230000000000132e+02
2.245219999999999914e+02 4.447040000000000077e+02
2.187729999999999961e+02 4.151360000000000241e+02
2.183619999999999948e+02 4.278670000000000186e+02
2.163089999999999975e+02 4.381340000000000146e+02
2.154869999999999948e+02 4.467579999999999814e+02
2.089159999999999968e+02 4.126720000000000255e+02
2.085060000000000002e+02 4.254030000000000200e+02
2.080949999999999989e+02 4.352590000000000146e+02
2.072740000000000009e+02 4.442939999999999827e+02
1.990600000000000023e+02 4.118509999999999991e+02
1.982390000000000043e+02 4.221170000000000186e+02
1.978280000000000030e+02 4.286879999999999882e+02
1.978280000000000030e+02 4.360799999999999841e+02
