2.180049999999999955e+02 3.952420000000000186e+02
2.311080000000000041e+02 3.977780000000000200e+02
2.420980000000000132e+02 4.045409999999999968e+02
2.467470000000000141e+02 4.176440000000000055e+02
2.547779999999999916e+02 4.273659999999999854e+02
2.315310000000000059e+02 4.129950000000000045e+02
2.306860000000000070e+02 4.290570000000000164e+02
2.281490000000000009e+02 4.383559999999999945e+02
2.247680000000000007e+02 4.446960000000000264e+02
2.205409999999999968e+02 4.138399999999999750e+02
2.184279999999999973e+02 4.277889999999999873e+02
2.175819999999999936e+02 4.379329999999999927e+02
2.150459999999999923e+02 4.476549999999999727e+02
2.108199999999999932e+02 4.121490000000000009e+02
2.082829999999999870e+02 4.260980000000000132e+02
2.078609999999999900e+02 4.349739999999999895e+02
2.074379999999999882e+02 4.442730000000000246e+02
2.002520000000000095e+02 4.117269999999999754e+02
1.985620000000000118e+02 4.222939999999999827e+02
1.977160000000000082e+02 4.290570000000000164e+02
1.972940000000000111e+02 4.366650000000000205e+02
