2.175999999999999943e+02 3.939379999999999882e+02
2.302899999999999920e+02 3.968990000000000009e+02
2.417110000000000127e+02 4.036669999999999732e+02
2.472110000000000127e+02 4.172040000000000077e+02
2.548249999999999886e+02 4.269329999999999927e+02
2.319819999999999993e+02 4.133969999999999914e+02
2.307129999999999939e+02 4.277789999999999964e+02
2.281750000000000114e+02 4.375090000000000146e+02
2.252139999999999986e+02 4.446999999999999886e+02
2.214070000000000107e+02 4.142429999999999950e+02
2.184459999999999980e+02 4.273559999999999945e+02
2.175999999999999943e+02 4.375090000000000146e+02
2.146380000000000052e+02 4.472379999999999995e+02
2.112539999999999907e+02 4.129739999999999895e+02
2.087160000000000082e+02 4.256639999999999873e+02
2.078700000000000045e+02 4.349710000000000036e+02
2.070240000000000009e+02 4.442769999999999868e+02
2.015250000000000057e+02 4.117049999999999841e+02
1.994099999999999966e+02 4.222799999999999727e+02
1.977179999999999893e+02 4.294710000000000036e+02
1.972949999999999875e+02 4.366630000000000109e+02
