2.606709999999999923e+02 2.415000000000000000e+02
2.506160000000000139e+02 2.270730000000000075e+02
2.436210000000000093e+02 2.078379999999999939e+02
2.370639999999999930e+02 1.925360000000000014e+02
2.270089999999999861e+02 1.846670000000000016e+02
2.694150000000000205e+02 1.986570000000000107e+02
2.720380000000000109e+02 1.785469999999999970e+02
2.742239999999999895e+02 1.645569999999999879e+02
2.746610000000000014e+02 1.536279999999999859e+02
2.807810000000000059e+02 2.030289999999999964e+02
2.917110000000000127e+02 1.842299999999999898e+02
2.991429999999999723e+02 1.724259999999999877e+02
3.061379999999999768e+02 1.636829999999999927e+02
2.877760000000000105e+02 2.108979999999999961e+02
3.026399999999999864e+02 1.986570000000000107e+02
3.131320000000000050e+02 1.916620000000000061e+02
3.210020000000000095e+02 1.846670000000000016e+02
2.930219999999999914e+02 2.196409999999999911e+02
3.070120000000000005e+02 2.161440000000000055e+02
3.153179999999999836e+02 2.152700000000000102e+02
3.240620000000000118e+02 2.130840000000000032e+02
