2.214310000000000116e+02 3.971129999999999995e+02
2.360279999999999916e+02 4.029519999999999982e+02
2.497909999999999968e+02 4.117099999999999795e+02
2.648059999999999832e+02 4.188000000000000114e+02
2.789859999999999900e+02 4.225539999999999736e+02
2.385300000000000011e+02 4.158809999999999718e+02
2.452030000000000030e+02 4.279759999999999991e+02
2.527110000000000127e+02 4.358999999999999773e+02
2.585500000000000114e+02 4.454929999999999950e+02
2.251839999999999975e+02 4.188000000000000114e+02
2.306059999999999945e+02 4.292269999999999754e+02
2.351939999999999884e+02 4.442409999999999854e+02
2.385300000000000011e+02 4.484119999999999777e+02
2.135060000000000002e+02 4.213029999999999973e+02
2.047479999999999905e+02 4.292269999999999754e+02
1.980749999999999886e+02 4.388199999999999932e+02
1.914019999999999868e+02 4.459100000000000250e+02
2.018280000000000030e+02 4.200509999999999877e+02
1.918189999999999884e+02 4.263070000000000164e+02
1.843110000000000070e+02 4.308949999999999818e+02
1.763870000000000005e+02 4.358999999999999773e+02
