2.385649999999999977e+02 4.002420000000000186e+02
2.522150000000000034e+02 4.062640000000000100e+02
2.646610000000000014e+02 4.134909999999999854e+02
2.666689999999999827e+02 4.235280000000000200e+02
2.674719999999999800e+02 4.363759999999999764e+02
2.453899999999999864e+02 4.195129999999999768e+02
2.473969999999999914e+02 4.359739999999999895e+02
2.477990000000000066e+02 4.452080000000000268e+02
2.445869999999999891e+02 4.532379999999999995e+02
2.349509999999999934e+02 4.191120000000000232e+02
2.345500000000000114e+02 4.359739999999999895e+02
2.313379999999999939e+02 4.464130000000000109e+02
2.257170000000000130e+02 4.548439999999999941e+02
2.257170000000000130e+02 4.191120000000000232e+02
2.249139999999999873e+02 4.327620000000000005e+02
2.213009999999999877e+02 4.427989999999999782e+02
2.164830000000000041e+02 4.524350000000000023e+02
2.160819999999999936e+02 4.195129999999999768e+02
2.132709999999999866e+02 4.303530000000000086e+02
2.096579999999999870e+02 4.363759999999999764e+02
2.060440000000000111e+02 4.419959999999999809e+02
