2.175749999999999886e+02 3.938059999999999832e+02
2.299679999999999893e+02 3.967970000000000255e+02
2.415060000000000002e+02 4.036340000000000146e+02
2.462059999999999889e+02 4.173090000000000259e+02
2.551800000000000068e+02 4.271370000000000005e+02
2.316769999999999925e+02 4.130350000000000250e+02
2.308230000000000075e+02 4.284189999999999827e+02
2.282589999999999861e+02 4.378210000000000264e+02
2.248400000000000034e+02 4.446580000000000155e+02
2.209939999999999998e+02 4.138899999999999864e+02
2.184300000000000068e+02 4.271370000000000005e+02
2.171479999999999961e+02 4.373929999999999723e+02
2.150109999999999957e+02 4.472219999999999800e+02
2.107379999999999995e+02 4.121809999999999832e+02
2.081740000000000066e+02 4.250009999999999764e+02
2.081740000000000066e+02 4.344019999999999868e+02
2.068919999999999959e+02 4.442309999999999945e+02
2.009089999999999918e+02 4.113260000000000218e+02
1.987729999999999961e+02 4.228639999999999759e+02
1.974910000000000139e+02 4.297010000000000218e+02
1.970639999999999930e+02 4.365389999999999873e+02
