2.344869999999999948e+02 4.044379999999999882e+02
2.487500000000000000e+02 4.093279999999999745e+02
2.613820000000000050e+02 4.166619999999999777e+02
2.601589999999999918e+02 4.317400000000000091e+02
2.621970000000000027e+02 4.427420000000000186e+02
2.483420000000000130e+02 4.162549999999999955e+02
2.491570000000000107e+02 4.227749999999999773e+02
2.516020000000000039e+02 4.455939999999999941e+02
2.516020000000000039e+02 4.508910000000000196e+02
2.381550000000000011e+02 4.170699999999999932e+02
2.389699999999999989e+02 4.268500000000000227e+02
2.410070000000000050e+02 4.370369999999999777e+02
2.446750000000000114e+02 4.419270000000000209e+02
2.291899999999999977e+02 4.186999999999999886e+02
2.300049999999999955e+02 4.264420000000000073e+02
2.324499999999999886e+02 4.337769999999999868e+02
2.357100000000000080e+02 4.394820000000000277e+02
2.218549999999999898e+02 4.219599999999999795e+02
2.230780000000000030e+02 4.272570000000000050e+02
2.259300000000000068e+02 4.333690000000000282e+02
2.287829999999999870e+02 4.366290000000000191e+02
