2.176150000000000091e+02 3.932699999999999818e+02
2.297100000000000080e+02 3.962939999999999827e+02
2.413729999999999905e+02 4.032049999999999841e+02
2.461239999999999952e+02 4.170280000000000200e+02
2.551949999999999932e+02 4.269630000000000223e+02
2.305740000000000123e+02 4.135720000000000027e+02
2.301419999999999959e+02 4.286899999999999977e+02
2.284139999999999873e+02 4.381929999999999836e+02
2.253909999999999911e+02 4.446730000000000018e+02
2.206390000000000100e+02 4.135720000000000027e+02
2.184790000000000134e+02 4.273949999999999818e+02
2.167520000000000095e+02 4.377610000000000241e+02
2.145920000000000130e+02 4.476960000000000264e+02
2.107040000000000077e+02 4.118439999999999941e+02
2.085440000000000111e+02 4.252350000000000136e+02
2.081119999999999948e+02 4.343059999999999832e+02
2.068170000000000073e+02 4.442409999999999854e+02
2.007690000000000055e+02 4.105480000000000018e+02
1.990409999999999968e+02 4.222110000000000127e+02
1.973139999999999930e+02 4.291220000000000141e+02
1.968820000000000050e+02 4.364660000000000082e+02
