2.418580000000000041e+02 4.112839999999999918e+02
2.575889999999999986e+02 4.177379999999999995e+02
2.700930000000000177e+02 4.270149999999999864e+02
2.713029999999999973e+02 4.391159999999999854e+02
2.765470000000000255e+02 4.500070000000000050e+02
2.515389999999999873e+02 4.334689999999999941e+02
2.487150000000000034e+02 4.491999999999999886e+02
2.483120000000000118e+02 4.608969999999999914e+02
2.446810000000000116e+02 4.689639999999999986e+02
2.382280000000000086e+02 4.334689999999999941e+02
2.350010000000000048e+02 4.467799999999999727e+02
2.317740000000000009e+02 4.604940000000000282e+02
2.269339999999999975e+02 4.713840000000000146e+02
2.285469999999999970e+02 4.306449999999999818e+02
2.253199999999999932e+02 4.443600000000000136e+02
2.229000000000000057e+02 4.560570000000000164e+02
2.188669999999999902e+02 4.657370000000000232e+02
2.184629999999999939e+02 4.302420000000000186e+02
2.148329999999999984e+02 4.423430000000000177e+02
2.116059999999999945e+02 4.491999999999999886e+02
2.083789999999999907e+02 4.556539999999999964e+02
