2.167410000000000139e+02 3.993820000000000050e+02
2.316899999999999977e+02 4.040799999999999841e+02
2.453569999999999993e+02 4.092049999999999841e+02
2.594510000000000218e+02 4.173199999999999932e+02
2.726909999999999741e+02 4.228729999999999905e+02
2.227210000000000036e+02 4.228729999999999905e+02
2.180219999999999914e+02 4.297060000000000173e+02
2.124699999999999989e+02 4.352579999999999814e+02
2.073449999999999989e+02 4.395289999999999964e+02
2.124699999999999989e+02 4.237269999999999754e+02
2.064910000000000139e+02 4.271440000000000055e+02
1.996570000000000107e+02 4.309870000000000232e+02
1.919689999999999941e+02 4.305600000000000023e+02
2.047820000000000107e+02 4.262889999999999873e+02
1.988029999999999973e+02 4.326960000000000264e+02
1.936779999999999973e+02 4.356859999999999786e+02
1.842820000000000107e+02 4.331229999999999905e+02
2.047820000000000107e+02 4.356859999999999786e+02
1.979490000000000123e+02 4.403840000000000146e+02
1.911150000000000091e+02 4.399569999999999936e+02
1.872709999999999866e+02 4.399569999999999936e+02
