2.368729999999999905e+02 3.980710000000000264e+02
2.495879999999999939e+02 4.020450000000000159e+02
2.607139999999999986e+02 4.084019999999999868e+02
2.623039999999999736e+02 4.183360000000000127e+02
2.646879999999999882e+02 4.314479999999999791e+02
2.416419999999999959e+02 4.187330000000000041e+02
2.400519999999999925e+02 4.314479999999999791e+02
2.380649999999999977e+02 4.413820000000000050e+02
2.332969999999999970e+02 4.477400000000000091e+02
2.301189999999999998e+02 4.187330000000000041e+02
2.273369999999999891e+02 4.290640000000000214e+02
2.233640000000000043e+02 4.405869999999999891e+02
2.170060000000000002e+02 4.477400000000000091e+02
2.209799999999999898e+02 4.163489999999999895e+02
2.174029999999999916e+02 4.262830000000000155e+02
2.138269999999999982e+02 4.370110000000000241e+02
2.090589999999999975e+02 4.449580000000000268e+02
2.122379999999999995e+02 4.151569999999999823e+02
2.046879999999999882e+02 4.250910000000000082e+02
2.007150000000000034e+02 4.302559999999999718e+02
1.955490000000000066e+02 4.354220000000000255e+02
