2.560289999999999964e+02 3.287850000000000250e+02
2.673109999999999786e+02 3.274309999999999832e+02
2.785919999999999845e+02 3.197599999999999909e+02
2.831039999999999850e+02 3.107350000000000136e+02
2.903240000000000123e+02 3.003559999999999945e+02
2.618960000000000150e+02 3.075760000000000218e+02
2.600910000000000082e+02 2.931360000000000241e+02
2.600910000000000082e+02 2.836600000000000250e+02
2.587370000000000232e+02 2.746349999999999909e+02
2.492609999999999957e+02 3.084780000000000086e+02
2.488089999999999975e+02 2.922330000000000041e+02
2.470039999999999907e+02 2.809519999999999982e+02
2.456510000000000105e+02 2.701220000000000141e+02
2.411380000000000052e+02 3.129909999999999854e+02
2.375279999999999916e+02 2.967459999999999809e+02
2.370769999999999982e+02 2.863670000000000186e+02
2.375279999999999916e+02 2.768910000000000196e+02
2.316620000000000061e+02 3.193079999999999927e+02
2.253439999999999941e+02 3.075760000000000218e+02
2.221860000000000070e+02 2.999049999999999727e+02
2.194780000000000086e+02 2.899769999999999754e+02
