2.334730000000000132e+02 3.964639999999999986e+02
2.473950000000000102e+02 4.021970000000000027e+02
2.592690000000000055e+02 4.095670000000000073e+02
2.588600000000000136e+02 4.193949999999999818e+02
2.584499999999999886e+02 4.324979999999999905e+02
2.416620000000000061e+02 4.140710000000000264e+02
2.428899999999999864e+02 4.284030000000000200e+02
2.445279999999999916e+02 4.386399999999999864e+02
2.437090000000000032e+02 4.480579999999999927e+02
2.297870000000000061e+02 4.148899999999999864e+02
2.318350000000000080e+02 4.308600000000000136e+02
2.297870000000000061e+02 4.406870000000000118e+02
2.293779999999999859e+02 4.509239999999999782e+02
2.203700000000000045e+02 4.153000000000000114e+02
2.215980000000000132e+02 4.275840000000000032e+02
2.195509999999999877e+02 4.382300000000000182e+02
2.183220000000000027e+02 4.484669999999999845e+02
2.117709999999999866e+02 4.161190000000000282e+02
2.097230000000000132e+02 4.279929999999999950e+02
2.072669999999999959e+02 4.337259999999999991e+02
2.052189999999999941e+02 4.398679999999999950e+02
