2.229819999999999993e+02 3.979669999999999845e+02
2.354490000000000123e+02 4.015869999999999891e+02
2.467100000000000080e+02 4.080219999999999914e+02
2.487199999999999989e+02 4.196840000000000259e+02
2.487199999999999989e+02 4.329560000000000173e+02
2.298189999999999884e+02 4.128480000000000132e+02
2.298189999999999884e+02 4.293360000000000127e+02
2.302210000000000036e+02 4.393910000000000196e+02
2.286119999999999948e+02 4.486399999999999864e+02
2.185579999999999927e+02 4.136519999999999868e+02
2.181560000000000059e+02 4.297389999999999759e+02
2.165469999999999970e+02 4.397930000000000064e+02
2.137319999999999993e+02 4.490419999999999732e+02
2.097100000000000080e+02 4.136519999999999868e+02
2.089060000000000059e+02 4.269230000000000018e+02
2.056889999999999930e+02 4.381840000000000259e+02
2.024710000000000036e+02 4.478360000000000127e+02
2.004610000000000127e+02 4.152610000000000241e+02
1.972429999999999950e+02 4.261190000000000282e+02
1.936239999999999952e+02 4.325539999999999736e+02
1.908089999999999975e+02 4.389879999999999995e+02
