2.414989999999999952e+02 3.198509999999999991e+02
2.498199999999999932e+02 3.146999999999999886e+02
2.624979999999999905e+02 3.115299999999999727e+02
2.763659999999999854e+02 3.067760000000000105e+02
2.894409999999999741e+02 3.012289999999999850e+02
2.605169999999999959e+02 3.380760000000000218e+02
2.771580000000000155e+02 3.531320000000000050e+02
2.870629999999999882e+02 3.551129999999999995e+02
2.949870000000000232e+02 3.559049999999999727e+02
2.672529999999999859e+02 3.460000000000000000e+02
2.842900000000000205e+02 3.551129999999999995e+02
2.949870000000000232e+02 3.547169999999999845e+02
3.044959999999999809e+02 3.531320000000000050e+02
2.739879999999999995e+02 3.483779999999999859e+02
2.874599999999999795e+02 3.547169999999999845e+02
2.981569999999999823e+02 3.535280000000000200e+02
3.060810000000000173e+02 3.515470000000000255e+02
2.795350000000000250e+02 3.487740000000000009e+02
2.902330000000000041e+02 3.519429999999999836e+02
2.985529999999999973e+02 3.515470000000000255e+02
3.080620000000000118e+02 3.467930000000000064e+02
