2.606730000000000018e+02 2.424439999999999884e+02
2.520610000000000070e+02 2.283919999999999959e+02
2.484350000000000023e+02 2.107139999999999986e+02
2.556870000000000118e+02 1.957560000000000002e+02
2.624859999999999900e+02 1.826109999999999900e+02
2.633929999999999723e+02 2.016490000000000009e+02
2.701920000000000073e+02 1.812510000000000048e+02
2.742719999999999914e+02 1.694660000000000082e+02
2.788039999999999736e+02 1.599470000000000027e+02
2.738179999999999836e+02 2.066349999999999909e+02
2.810710000000000264e+02 1.826109999999999900e+02
2.846970000000000027e+02 1.694660000000000082e+02
2.883229999999999791e+02 1.585869999999999891e+02
2.815240000000000009e+02 2.107139999999999986e+02
2.883229999999999791e+02 1.894099999999999966e+02
2.919499999999999886e+02 1.758120000000000118e+02
2.946689999999999827e+02 1.644790000000000134e+02
2.883229999999999791e+02 2.152470000000000141e+02
2.951229999999999905e+02 1.971160000000000139e+02
2.973890000000000100e+02 1.885029999999999859e+02
2.992019999999999982e+02 1.807980000000000018e+02
