2.605590000000000259e+02 2.405480000000000018e+02
2.499480000000000075e+02 2.268420000000000130e+02
2.402210000000000036e+02 2.078309999999999889e+02
2.335889999999999986e+02 1.950089999999999861e+02
2.225360000000000014e+02 1.905879999999999939e+02
2.680749999999999886e+02 1.976620000000000061e+02
2.689590000000000032e+02 1.777659999999999911e+02
2.689590000000000032e+02 1.645029999999999859e+02
2.685169999999999959e+02 1.534499999999999886e+02
2.791279999999999859e+02 2.016409999999999911e+02
2.888550000000000182e+02 1.843979999999999961e+02
2.963709999999999809e+02 1.729029999999999916e+02
3.016759999999999877e+02 1.631759999999999877e+02
2.862019999999999982e+02 2.091570000000000107e+02
3.007919999999999732e+02 1.989879999999999995e+02
3.109610000000000127e+02 1.914720000000000084e+02
3.189189999999999827e+02 1.848400000000000034e+02
2.928340000000000032e+02 2.193259999999999934e+02
3.060969999999999800e+02 2.166730000000000018e+02
3.140559999999999832e+02 2.157889999999999873e+02
3.224560000000000173e+02 2.131359999999999957e+02
