2.568589999999999804e+02 3.708690000000000282e+02
2.677359999999999900e+02 3.620070000000000050e+02
2.939209999999999923e+02 3.591870000000000118e+02
2.935179999999999723e+02 3.587839999999999918e+02
2.991580000000000155e+02 3.567699999999999818e+02
2.838489999999999895e+02 3.527409999999999854e+02
2.999630000000000223e+02 3.591870000000000118e+02
3.068120000000000118e+02 3.664379999999999882e+02
3.116460000000000150e+02 3.688550000000000182e+02
2.794180000000000064e+02 3.535470000000000255e+02
2.971429999999999723e+02 3.607980000000000018e+02
3.056030000000000086e+02 3.692579999999999814e+02
3.132570000000000050e+02 3.777169999999999845e+02
2.713609999999999900e+02 3.579780000000000086e+02
2.862669999999999959e+02 3.603949999999999818e+02
2.979490000000000123e+02 3.680489999999999782e+02
3.027830000000000155e+02 3.744950000000000045e+02
2.665269999999999868e+02 3.620070000000000050e+02
2.757930000000000064e+02 3.628120000000000118e+02
2.802239999999999895e+02 3.672440000000000282e+02
2.886840000000000259e+02 3.712719999999999914e+02
