2.323839999999999861e+02 4.038890000000000100e+02
2.460589999999999975e+02 4.081630000000000109e+02
2.597330000000000041e+02 4.145720000000000027e+02
2.618700000000000045e+02 4.282470000000000141e+02
2.652880000000000109e+02 4.393570000000000277e+02
2.452040000000000077e+02 4.167090000000000032e+02
2.516140000000000043e+02 4.363659999999999854e+02
2.528959999999999866e+02 4.453399999999999750e+02
2.550320000000000107e+02 4.568779999999999859e+02
2.345209999999999866e+02 4.179909999999999854e+02
2.379389999999999930e+02 4.376480000000000246e+02
2.383669999999999902e+02 4.457669999999999959e+02
2.392210000000000036e+02 4.590140000000000100e+02
2.246920000000000073e+02 4.214100000000000250e+02
2.276839999999999975e+02 4.359390000000000214e+02
2.285380000000000109e+02 4.457669999999999959e+02
2.289660000000000082e+02 4.581600000000000250e+02
2.157189999999999941e+02 4.261100000000000136e+02
2.174279999999999973e+02 4.342289999999999850e+02
2.178549999999999898e+02 4.423489999999999895e+02
2.174279999999999973e+02 4.483310000000000173e+02
