2.687479999999999905e+02 2.594060000000000059e+02
2.609549999999999841e+02 2.465709999999999980e+02
2.568299999999999841e+02 2.291510000000000105e+02
2.586630000000000109e+02 2.131059999999999945e+02
2.559130000000000109e+02 1.993540000000000134e+02
2.637060000000000173e+02 2.314430000000000121e+02
2.678319999999999936e+02 2.135649999999999977e+02
2.714990000000000236e+02 2.066879999999999882e+02
2.724159999999999968e+02 2.030209999999999866e+02
2.747080000000000268e+02 2.351100000000000136e+02
2.802090000000000032e+02 2.131059999999999945e+02
2.825009999999999764e+02 2.066879999999999882e+02
2.825009999999999764e+02 2.039379999999999882e+02
2.838759999999999764e+02 2.383189999999999884e+02
2.907520000000000095e+02 2.181490000000000009e+02
2.925860000000000127e+02 2.131059999999999945e+02
2.907520000000000095e+02 2.103559999999999945e+02
2.935029999999999859e+02 2.410699999999999932e+02
2.971700000000000159e+02 2.250250000000000057e+02
2.971700000000000159e+02 2.231910000000000025e+02
2.957950000000000159e+02 2.208990000000000009e+02
