2.504149999999999920e+02 2.487539999999999907e+02
2.623050000000000068e+02 2.368640000000000043e+02
2.694390000000000214e+02 2.202189999999999941e+02
2.656340000000000146e+02 2.040490000000000066e+02
2.646829999999999927e+02 1.902570000000000050e+02
2.589759999999999991e+02 2.064269999999999925e+02
2.580249999999999773e+02 1.878789999999999907e+02
2.575489999999999782e+02 1.759900000000000091e+02
2.551709999999999923e+02 1.640999999999999943e+02
2.513669999999999902e+02 2.069019999999999868e+02
2.508909999999999911e+02 1.874039999999999964e+02
2.504149999999999920e+02 1.726610000000000014e+02
2.504149999999999920e+02 1.612470000000000141e+02
2.432820000000000107e+02 2.102319999999999993e+02
2.432820000000000107e+02 1.912079999999999984e+02
2.432820000000000107e+02 1.764650000000000034e+02
2.432820000000000107e+02 1.660020000000000095e+02
2.351970000000000027e+02 2.145120000000000005e+02
2.356719999999999970e+02 1.992930000000000064e+02
2.356719999999999970e+02 1.888300000000000125e+02
2.356719999999999970e+02 1.797940000000000111e+02
