2.171800000000000068e+02 3.933039999999999736e+02
2.288429999999999893e+02 3.963279999999999745e+02
2.413689999999999998e+02 4.032389999999999759e+02
2.461210000000000093e+02 4.179259999999999877e+02
2.551920000000000073e+02 4.269970000000000141e+02
2.314339999999999975e+02 4.131739999999999782e+02
2.310020000000000095e+02 4.291569999999999823e+02
2.284110000000000014e+02 4.382280000000000086e+02
2.253870000000000005e+02 4.447069999999999936e+02
2.206349999999999909e+02 4.140380000000000109e+02
2.184759999999999991e+02 4.274289999999999736e+02
2.176119999999999948e+02 4.377959999999999923e+02
2.145879999999999939e+02 4.477309999999999945e+02
2.106999999999999886e+02 4.131739999999999782e+02
2.085399999999999920e+02 4.252690000000000055e+02
2.081090000000000089e+02 4.347719999999999914e+02
2.068129999999999882e+02 4.442749999999999773e+02
2.007649999999999864e+02 4.114460000000000264e+02
1.994689999999999941e+02 4.226770000000000209e+02
1.977410000000000139e+02 4.291569999999999823e+02
1.968779999999999859e+02 4.365000000000000000e+02
