2.579940000000000282e+02 2.536450000000000102e+02
2.694080000000000155e+02 2.422299999999999898e+02
2.794529999999999745e+02 2.285329999999999870e+02
2.922370000000000232e+02 2.194010000000000105e+02
3.068480000000000132e+02 2.175749999999999886e+02
2.657559999999999718e+02 2.116390000000000100e+02
2.780830000000000268e+02 1.979420000000000073e+02
2.876720000000000255e+02 1.878969999999999914e+02
2.922370000000000232e+02 1.783089999999999975e+02
2.607330000000000041e+02 2.125519999999999925e+02
2.730609999999999786e+02 1.974850000000000136e+02
2.789959999999999809e+02 1.865269999999999868e+02
2.821929999999999836e+02 1.760260000000000105e+02
2.575369999999999777e+02 2.166610000000000014e+02
2.666689999999999827e+02 2.043340000000000032e+02
2.698650000000000091e+02 1.952019999999999982e+02
2.730609999999999786e+02 1.874399999999999977e+02
2.570810000000000173e+02 2.235099999999999909e+02
2.621030000000000086e+02 2.125519999999999925e+02
2.657559999999999718e+02 2.070730000000000075e+02
2.634730000000000132e+02 2.015939999999999941e+02
