2.819590000000000032e+02 2.492740000000000009e+02
2.719270000000000209e+02 2.379339999999999975e+02
2.649479999999999791e+02 2.231040000000000134e+02
2.618949999999999818e+02 2.074010000000000105e+02
2.549159999999999968e+02 1.960610000000000070e+02
2.823960000000000150e+02 2.169970000000000141e+02
2.915550000000000068e+02 2.021670000000000016e+02
2.946089999999999804e+02 1.978050000000000068e+02
2.954809999999999945e+02 1.986779999999999973e+02
2.941720000000000255e+02 2.200500000000000114e+02
3.046410000000000196e+02 2.021670000000000016e+02
3.050769999999999982e+02 1.991140000000000043e+02
3.037679999999999723e+02 1.991140000000000043e+02
3.024599999999999795e+02 2.231040000000000134e+02
3.120559999999999832e+02 2.078369999999999891e+02
3.107470000000000141e+02 2.052199999999999989e+02
3.090020000000000095e+02 2.047839999999999918e+02
3.072579999999999814e+02 2.274650000000000034e+02
3.142370000000000232e+02 2.169970000000000141e+02
3.164169999999999732e+02 2.135080000000000098e+02
3.155450000000000159e+02 2.113269999999999982e+02
