2.373700000000000045e+02 4.074019999999999868e+02
2.515159999999999911e+02 4.115629999999999882e+02
2.648299999999999841e+02 4.190520000000000209e+02
2.702389999999999759e+02 4.361100000000000136e+02
2.827200000000000273e+02 4.369429999999999836e+02
2.506839999999999975e+02 4.323659999999999854e+02
2.573410000000000082e+02 4.460960000000000036e+02
2.627490000000000236e+02 4.540009999999999764e+02
2.656619999999999777e+02 4.639859999999999900e+02
2.377860000000000014e+02 4.340299999999999727e+02
2.344569999999999936e+02 4.444320000000000164e+02
2.311289999999999907e+02 4.573290000000000077e+02
2.273839999999999861e+02 4.673149999999999977e+02
2.253040000000000020e+02 4.348620000000000232e+02
2.198950000000000102e+02 4.444320000000000164e+02
2.132379999999999995e+02 4.535849999999999795e+02
2.069970000000000141e+02 4.627379999999999995e+02
2.153189999999999884e+02 4.344460000000000264e+02
2.049170000000000016e+02 4.398550000000000182e+02
1.945159999999999911e+02 4.444320000000000164e+02
1.853619999999999948e+02 4.494239999999999782e+02
