2.150099999999999909e+02 3.954759999999999991e+02
2.300629999999999882e+02 3.988210000000000264e+02
2.451169999999999902e+02 4.080210000000000150e+02
2.584979999999999905e+02 4.176390000000000100e+02
2.743879999999999768e+02 4.222379999999999995e+02
2.384269999999999925e+02 4.071850000000000023e+02
2.446990000000000123e+02 4.122029999999999745e+02
2.584979999999999905e+02 4.180570000000000164e+02
2.551529999999999916e+02 4.168020000000000209e+02
2.263000000000000114e+02 4.105299999999999727e+02
2.384269999999999925e+02 4.264200000000000159e+02
2.472079999999999984e+02 4.377099999999999795e+02
2.522259999999999991e+02 4.448190000000000168e+02
2.175190000000000055e+02 4.147110000000000127e+02
2.246270000000000095e+02 4.276739999999999782e+02
2.300629999999999882e+02 4.389649999999999750e+02
2.342450000000000045e+02 4.481639999999999873e+02
2.087369999999999948e+02 4.193109999999999786e+02
2.108280000000000030e+02 4.301829999999999927e+02
2.116639999999999873e+02 4.385470000000000255e+02
2.154279999999999973e+02 4.456549999999999727e+02
