2.734730000000000132e+02 2.542210000000000036e+02
2.646419999999999959e+02 2.400920000000000130e+02
2.562520000000000095e+02 2.250790000000000077e+02
2.544859999999999900e+02 2.083000000000000114e+02
2.513950000000000102e+02 1.937290000000000134e+02
2.659669999999999845e+02 2.180140000000000100e+02
2.712649999999999864e+02 2.030010000000000048e+02
2.752389999999999759e+02 1.985860000000000127e+02
2.761220000000000141e+02 1.994689999999999941e+02
2.761220000000000141e+02 2.202220000000000084e+02
2.831870000000000118e+02 2.034430000000000121e+02
2.862780000000000200e+02 2.012350000000000136e+02
2.871610000000000014e+02 2.016769999999999925e+02
2.836290000000000191e+02 2.246370000000000005e+02
2.906929999999999836e+02 2.091829999999999927e+02
2.933430000000000177e+02 2.078580000000000041e+02
2.929010000000000105e+02 2.087419999999999902e+02
2.924599999999999795e+02 2.286109999999999900e+02
2.973170000000000073e+02 2.175730000000000075e+02
2.977579999999999814e+02 2.153650000000000091e+02
2.973170000000000073e+02 2.175730000000000075e+02
