2.382429999999999950e+02 4.055079999999999814e+02
2.535360000000000014e+02 4.117080000000000268e+02
2.675899999999999750e+02 4.208020000000000209e+02
2.638700000000000045e+02 4.340289999999999964e+02
2.630430000000000064e+02 4.468430000000000177e+02
2.502299999999999898e+02 4.228690000000000282e+02
2.514699999999999989e+02 4.422959999999999923e+02
2.510560000000000116e+02 4.518029999999999973e+02
2.485759999999999934e+02 4.608969999999999914e+02
2.386560000000000059e+02 4.241089999999999804e+02
2.403089999999999975e+02 4.443629999999999995e+02
2.394830000000000041e+02 4.546970000000000027e+02
2.390689999999999884e+02 4.646170000000000186e+02
2.299759999999999991e+02 4.257620000000000005e+02
2.308019999999999925e+02 4.427099999999999795e+02
2.308019999999999925e+02 4.530430000000000064e+02
2.308019999999999925e+02 4.621370000000000005e+02
2.217090000000000032e+02 4.278290000000000077e+02
2.225349999999999966e+02 4.394030000000000200e+02
2.212949999999999875e+02 4.472570000000000050e+02
2.208820000000000050e+02 4.538700000000000045e+02
