2.583319999999999936e+02 2.837090000000000032e+02
2.700790000000000077e+02 2.677330000000000041e+02
2.747780000000000200e+02 2.498779999999999859e+02
2.733679999999999950e+02 2.339029999999999916e+02
2.733679999999999950e+02 2.198069999999999879e+02
2.658500000000000227e+02 2.371920000000000073e+02
2.635009999999999764e+02 2.193369999999999891e+02
2.700790000000000077e+02 2.240349999999999966e+02
2.728980000000000246e+02 2.198069999999999879e+02
2.541040000000000134e+02 2.395409999999999968e+02
2.541040000000000134e+02 2.188669999999999902e+02
2.597420000000000186e+02 2.263849999999999909e+02
2.644409999999999741e+02 2.339029999999999916e+02
2.461160000000000139e+02 2.437700000000000102e+02
2.442359999999999900e+02 2.245049999999999955e+02
2.512839999999999918e+02 2.301440000000000055e+02
2.550430000000000064e+02 2.376620000000000061e+02
2.395380000000000109e+02 2.470589999999999975e+02
2.367179999999999893e+02 2.329629999999999939e+02
2.437659999999999911e+02 2.348420000000000130e+02
2.508139999999999930e+02 2.409509999999999934e+02
