2.511409999999999911e+02 2.793940000000000055e+02
2.648380000000000223e+02 2.688929999999999723e+02
2.840140000000000100e+02 2.556529999999999916e+02
2.986240000000000236e+02 2.510879999999999939e+02
3.114080000000000155e+02 2.478919999999999959e+02
2.703170000000000073e+02 2.392170000000000130e+02
2.698600000000000136e+02 2.218679999999999950e+02
2.684909999999999854e+02 2.099970000000000141e+02
2.648380000000000223e+02 1.990389999999999873e+02
2.634689999999999941e+02 2.415000000000000000e+02
2.625550000000000068e+02 2.227810000000000059e+02
2.602730000000000246e+02 2.104530000000000030e+02
2.552500000000000000e+02 1.994960000000000093e+02
2.598159999999999741e+02 2.474350000000000023e+02
2.566200000000000045e+02 2.300860000000000127e+02
2.552500000000000000e+02 2.186719999999999970e+02
2.525109999999999957e+02 2.090840000000000032e+02
2.570769999999999982e+02 2.547400000000000091e+02
2.534240000000000066e+02 2.437829999999999870e+02
2.515980000000000132e+02 2.364780000000000086e+02
2.488590000000000089e+02 2.287160000000000082e+02
