2.507680000000000007e+02 2.424250000000000114e+02
2.600149999999999864e+02 2.294809999999999945e+02
2.641750000000000114e+02 2.114509999999999934e+02
2.632509999999999764e+02 1.966570000000000107e+02
2.646379999999999768e+02 1.892599999999999909e+02
2.521550000000000011e+02 1.998930000000000007e+02
2.600149999999999864e+02 1.846370000000000005e+02
2.632509999999999764e+02 1.716930000000000121e+02
2.637130000000000223e+02 1.601349999999999909e+02
2.498439999999999941e+02 2.031289999999999907e+02
2.590899999999999750e+02 1.823259999999999934e+02
2.623260000000000218e+02 1.693810000000000002e+02
2.632509999999999764e+02 1.573609999999999900e+02
2.498439999999999941e+02 2.072899999999999920e+02
2.572409999999999854e+02 1.869490000000000123e+02
2.600149999999999864e+02 1.744660000000000082e+02
2.614010000000000105e+02 1.633710000000000093e+02
2.507680000000000007e+02 2.123750000000000000e+02
2.530800000000000125e+02 1.975819999999999936e+02
2.549290000000000020e+02 1.901850000000000023e+02
2.572409999999999854e+02 1.781649999999999920e+02
