2.724619999999999891e+02 2.680059999999999718e+02
2.824409999999999741e+02 2.557589999999999861e+02
2.842559999999999718e+02 2.362529999999999859e+02
2.838020000000000209e+02 2.194689999999999941e+02
2.842559999999999718e+02 2.067680000000000007e+02
2.629359999999999786e+02 2.258199999999999932e+02
2.756370000000000005e+02 2.176550000000000011e+02
2.828949999999999818e+02 2.172009999999999934e+02
2.824409999999999741e+02 2.244590000000000032e+02
2.552239999999999895e+02 2.289950000000000045e+02
2.738229999999999791e+02 2.221910000000000025e+02
2.783589999999999804e+02 2.294490000000000123e+02
2.783589999999999804e+02 2.376140000000000043e+02
2.525020000000000095e+02 2.335310000000000059e+02
2.688330000000000268e+02 2.294490000000000123e+02
2.729150000000000205e+02 2.371599999999999966e+02
2.729150000000000205e+02 2.435109999999999957e+02
2.511419999999999959e+02 2.403360000000000127e+02
2.633890000000000100e+02 2.353460000000000036e+02
2.683790000000000191e+02 2.426040000000000134e+02
2.683790000000000191e+02 2.489540000000000077e+02
