2.512829999999999870e+02 2.430740000000000123e+02
2.600899999999999750e+02 2.314859999999999900e+02
2.670419999999999732e+02 2.138729999999999905e+02
2.656519999999999868e+02 1.976500000000000057e+02
2.661150000000000091e+02 1.832810000000000059e+02
2.586990000000000123e+02 2.022849999999999966e+02
2.586990000000000123e+02 1.842079999999999984e+02
2.600899999999999750e+02 1.716930000000000121e+02
2.600899999999999750e+02 1.601049999999999898e+02
2.512829999999999870e+02 2.046020000000000039e+02
2.526740000000000066e+02 1.832810000000000059e+02
2.545279999999999916e+02 1.684490000000000123e+02
2.531370000000000005e+02 1.568609999999999900e+02
2.443300000000000125e+02 2.059929999999999950e+02
2.461839999999999975e+02 1.869890000000000043e+02
2.471109999999999900e+02 1.726200000000000045e+02
2.471109999999999900e+02 1.610320000000000107e+02
2.369139999999999873e+02 2.101649999999999920e+02
2.387680000000000007e+02 1.944050000000000011e+02
2.387680000000000007e+02 1.832810000000000059e+02
2.387680000000000007e+02 1.730840000000000032e+02
