2.590550000000000068e+02 2.919150000000000205e+02
2.755790000000000077e+02 2.818170000000000073e+02
2.884309999999999832e+02 2.662110000000000127e+02
2.893489999999999895e+02 2.506049999999999898e+02
2.921030000000000086e+02 2.372940000000000111e+02
2.737429999999999950e+02 2.483100000000000023e+02
2.705299999999999727e+02 2.304089999999999918e+02
2.696120000000000232e+02 2.294910000000000139e+02
2.737429999999999950e+02 2.395889999999999986e+02
2.627269999999999754e+02 2.487690000000000055e+02
2.567599999999999909e+02 2.276550000000000011e+02
2.595140000000000100e+02 2.327040000000000077e+02
2.618090000000000259e+02 2.414250000000000114e+02
2.521699999999999875e+02 2.519819999999999993e+02
2.480389999999999873e+02 2.331630000000000109e+02
2.489569999999999936e+02 2.368350000000000080e+02
2.521699999999999875e+02 2.478509999999999991e+02
2.439079999999999870e+02 2.584080000000000155e+02
2.402359999999999900e+02 2.437199999999999989e+02
2.411539999999999964e+02 2.455560000000000116e+02
2.448259999999999934e+02 2.515229999999999961e+02
