2.457179999999999893e+02 2.755009999999999764e+02
2.452570000000000050e+02 2.672119999999999891e+02
2.447969999999999970e+02 2.538559999999999945e+02
2.447969999999999970e+02 2.409610000000000127e+02
2.420329999999999870e+02 2.271440000000000055e+02
2.475600000000000023e+02 2.718170000000000073e+02
2.599950000000000045e+02 2.782649999999999864e+02
2.834820000000000277e+02 3.081999999999999886e+02
2.867060000000000173e+02 3.146480000000000246e+02
2.558499999999999943e+02 2.791859999999999786e+02
2.747320000000000277e+02 2.966859999999999786e+02
2.848639999999999759e+02 3.081999999999999886e+02
2.890090000000000146e+02 3.160289999999999964e+02
2.613759999999999764e+02 2.814879999999999995e+02
2.742710000000000150e+02 2.953050000000000068e+02
2.834820000000000277e+02 3.063580000000000041e+02
2.899300000000000068e+02 3.174110000000000014e+02
2.669030000000000200e+02 2.824100000000000250e+02
2.751929999999999836e+02 2.874759999999999991e+02
2.816399999999999864e+02 2.934630000000000223e+02
2.876270000000000095e+02 3.003709999999999809e+02
