2.752259999999999991e+02 2.572669999999999959e+02
2.871469999999999914e+02 2.493189999999999884e+02
2.990690000000000168e+02 2.325399999999999920e+02
3.034850000000000136e+02 2.166440000000000055e+02
3.096669999999999732e+02 2.042800000000000011e+02
2.853809999999999718e+02 2.170850000000000080e+02
2.862640000000000100e+02 2.025140000000000100e+02
2.822900000000000205e+02 1.972150000000000034e+02
2.858229999999999791e+02 2.104619999999999891e+02
2.747839999999999918e+02 2.184099999999999966e+02
2.712520000000000095e+02 1.967740000000000009e+02
2.765500000000000114e+02 2.029559999999999889e+02
2.783159999999999741e+02 2.082539999999999907e+02
2.659529999999999745e+02 2.215010000000000048e+02
2.610960000000000036e+02 2.011889999999999930e+02
2.677189999999999941e+02 2.073710000000000093e+02
2.699270000000000209e+02 2.135529999999999973e+02
2.588879999999999768e+02 2.254749999999999943e+02
2.504979999999999905e+02 2.113449999999999989e+02
2.575629999999999882e+02 2.131109999999999900e+02
2.615369999999999777e+02 2.210589999999999975e+02
