2.430339999999999918e+02 3.002019999999999982e+02
2.458089999999999975e+02 2.942540000000000191e+02
2.489809999999999945e+02 2.875140000000000100e+02
2.549290000000000020e+02 2.795840000000000032e+02
2.553249999999999886e+02 2.684830000000000041e+02
2.723740000000000236e+02 3.069420000000000073e+02
2.810969999999999800e+02 3.259730000000000132e+02
2.838720000000000141e+02 3.374710000000000036e+02
2.842690000000000055e+02 3.477799999999999727e+02
2.787180000000000177e+02 3.120960000000000036e+02
2.866480000000000246e+02 3.319209999999999923e+02
2.886299999999999955e+02 3.446080000000000041e+02
2.882330000000000041e+02 3.541240000000000236e+02
2.791139999999999759e+02 3.144750000000000227e+02
2.854580000000000268e+02 3.311279999999999859e+02
2.870439999999999827e+02 3.438149999999999977e+02
2.866480000000000246e+02 3.545199999999999818e+02
2.767350000000000136e+02 3.184399999999999977e+02
2.806999999999999886e+02 3.291449999999999818e+02
2.822860000000000014e+02 3.378679999999999950e+02
2.834759999999999991e+02 3.461940000000000168e+02
