2.684180000000000064e+02 2.564060000000000059e+02
2.647970000000000255e+02 2.591220000000000141e+02
2.634390000000000214e+02 2.618380000000000223e+02
2.638919999999999959e+02 2.627429999999999950e+02
2.634390000000000214e+02 2.641009999999999991e+02
2.779230000000000018e+02 2.414699999999999989e+02
2.770179999999999723e+02 2.278909999999999911e+02
2.810910000000000082e+02 1.821759999999999877e+02
2.797339999999999804e+02 1.722179999999999893e+02
2.788279999999999745e+02 2.306069999999999993e+02
2.792810000000000059e+02 2.034490000000000123e+02
2.788279999999999745e+02 1.857969999999999970e+02
2.761129999999999995e+02 1.731239999999999952e+02
2.779230000000000018e+02 2.292489999999999952e+02
2.770179999999999723e+02 2.088810000000000002e+02
2.756600000000000250e+02 1.975649999999999977e+02
2.752069999999999936e+02 1.862500000000000000e+02
2.756600000000000250e+02 2.306069999999999993e+02
2.747549999999999955e+02 2.233650000000000091e+02
2.738489999999999895e+02 2.161229999999999905e+02
2.724920000000000186e+02 2.075229999999999961e+02
