2.414830000000000041e+02 4.117889999999999873e+02
2.570350000000000250e+02 4.177699999999999818e+02
2.701940000000000168e+02 4.265430000000000064e+02
2.713899999999999864e+02 4.385049999999999955e+02
2.765740000000000123e+02 4.504680000000000177e+02
2.514519999999999982e+02 4.297330000000000041e+02
2.502560000000000002e+02 4.480749999999999886e+02
2.482620000000000005e+02 4.604370000000000118e+02
2.446730000000000018e+02 4.696080000000000041e+02
2.382930000000000064e+02 4.309289999999999736e+02
2.355020000000000095e+02 4.464800000000000182e+02
2.319130000000000109e+02 4.600380000000000109e+02
2.275269999999999868e+02 4.708050000000000068e+02
2.283240000000000123e+02 4.293340000000000032e+02
2.251339999999999861e+02 4.448849999999999909e+02
2.227419999999999902e+02 4.568480000000000132e+02
2.187539999999999907e+02 4.668170000000000073e+02
2.183549999999999898e+02 4.305299999999999727e+02
2.139689999999999941e+02 4.432900000000000205e+02
2.111779999999999973e+02 4.508670000000000186e+02
2.071899999999999977e+02 4.572470000000000141e+02
