2.684739999999999895e+02 2.675969999999999800e+02
2.794630000000000223e+02 2.552350000000000136e+02
2.831259999999999764e+02 2.350889999999999986e+02
2.835840000000000032e+02 2.199799999999999898e+02
2.863310000000000173e+02 2.080759999999999934e+02
2.716789999999999736e+02 2.309689999999999941e+02
2.758000000000000114e+02 2.158600000000000136e+02
2.794630000000000223e+02 2.190639999999999930e+02
2.803790000000000191e+02 2.241009999999999991e+02
2.625219999999999914e+02 2.328000000000000114e+02
2.716789999999999736e+02 2.190639999999999930e+02
2.753419999999999845e+02 2.277640000000000100e+02
2.753419999999999845e+02 2.360049999999999955e+02
2.542810000000000059e+02 2.346320000000000050e+02
2.634379999999999882e+02 2.245589999999999975e+02
2.680169999999999959e+02 2.350889999999999986e+02
2.698480000000000132e+02 2.419569999999999936e+02
2.469550000000000125e+02 2.396680000000000064e+02
2.556539999999999964e+02 2.318839999999999861e+02
2.611490000000000009e+02 2.387520000000000095e+02
2.620640000000000214e+02 2.465360000000000014e+02
