2.517460000000000093e+02 2.779519999999999982e+02
2.620120000000000005e+02 2.667529999999999859e+02
2.666789999999999736e+02 2.499530000000000030e+02
2.638790000000000191e+02 2.382860000000000014e+02
2.652789999999999964e+02 2.294199999999999875e+02
2.461459999999999866e+02 2.331529999999999916e+02
2.484790000000000134e+02 2.116870000000000118e+02
2.494130000000000109e+02 1.995540000000000020e+02
2.526790000000000020e+02 1.888209999999999980e+02
2.410130000000000052e+02 2.359530000000000030e+02
2.368129999999999882e+02 2.140200000000000102e+02
2.349459999999999980e+02 1.990869999999999891e+02
2.349459999999999980e+02 1.864879999999999995e+02
2.372800000000000011e+02 2.410860000000000127e+02
2.316800000000000068e+02 2.200869999999999891e+02
2.354130000000000109e+02 2.116870000000000118e+02
2.438129999999999882e+02 2.074869999999999948e+02
2.363460000000000036e+02 2.452860000000000014e+02
2.363460000000000036e+02 2.308199999999999932e+02
2.428799999999999955e+02 2.261529999999999916e+02
2.498789999999999907e+02 2.228870000000000005e+02
