2.553509999999999991e+02 2.985539999999999736e+02
2.763879999999999768e+02 2.912370000000000232e+02
2.919379999999999882e+02 2.999259999999999877e+02
3.006270000000000095e+02 2.884929999999999950e+02
3.106890000000000214e+02 2.788890000000000100e+02
2.846200000000000045e+02 2.752300000000000182e+02
2.960539999999999736e+02 2.843770000000000095e+02
3.019990000000000236e+02 2.953530000000000086e+02
3.056580000000000155e+02 3.067860000000000014e+02
2.727300000000000182e+02 2.756870000000000118e+02
2.846200000000000045e+02 2.830049999999999955e+02
2.859920000000000186e+02 2.999259999999999877e+02
2.887359999999999900e+02 3.118170000000000073e+02
2.626680000000000064e+02 2.807180000000000177e+02
2.704429999999999836e+02 2.834619999999999891e+02
2.736440000000000055e+02 2.967250000000000227e+02
2.750160000000000196e+02 3.054139999999999873e+02
2.521490000000000009e+02 2.880350000000000250e+02
2.562649999999999864e+02 2.903220000000000027e+02
2.599239999999999782e+02 2.967250000000000227e+02
2.631250000000000000e+02 3.022130000000000223e+02
