2.575450000000000159e+02 2.391169999999999902e+02
2.501040000000000134e+02 2.256310000000000002e+02
2.459190000000000111e+02 2.079600000000000080e+02
2.514989999999999952e+02 1.926140000000000043e+02
2.575450000000000159e+02 1.805229999999999961e+02
2.608000000000000114e+02 1.986589999999999918e+02
2.673100000000000023e+02 1.786630000000000109e+02
2.714959999999999809e+02 1.665720000000000027e+02
2.742860000000000014e+02 1.563410000000000082e+02
2.691700000000000159e+02 2.033100000000000023e+02
2.784710000000000036e+02 1.814530000000000030e+02
2.817259999999999991e+02 1.665720000000000027e+02
2.849820000000000277e+02 1.568060000000000116e+02
2.766109999999999900e+02 2.074950000000000045e+02
2.845169999999999959e+02 1.879639999999999986e+02
2.887019999999999982e+02 1.740130000000000052e+02
2.914920000000000186e+02 1.628520000000000039e+02
2.840520000000000209e+02 2.140060000000000002e+02
2.947470000000000141e+02 2.000540000000000020e+02
3.012579999999999814e+02 1.926140000000000043e+02
3.063729999999999905e+02 1.861030000000000086e+02
