2.161870000000000118e+02 3.969700000000000273e+02
2.329099999999999966e+02 4.049130000000000109e+02
2.479610000000000127e+02 4.103480000000000132e+02
2.625939999999999941e+02 4.166190000000000282e+02
2.768090000000000259e+02 4.162010000000000218e+02
1.931920000000000073e+02 4.132749999999999773e+02
1.860840000000000032e+02 4.220550000000000068e+02
1.802309999999999945e+02 4.291619999999999777e+02
1.752139999999999986e+02 4.362690000000000055e+02
2.007170000000000130e+02 4.187099999999999795e+02
1.919379999999999882e+02 4.279080000000000155e+02
1.852479999999999905e+02 4.366879999999999882e+02
1.781409999999999911e+02 4.437950000000000159e+02
2.065709999999999980e+02 4.237269999999999754e+02
1.990449999999999875e+02 4.308340000000000032e+02
1.898470000000000084e+02 4.408679999999999950e+02
1.852479999999999905e+02 4.467219999999999800e+02
2.136779999999999973e+02 4.299979999999999905e+02
2.061519999999999868e+02 4.371059999999999945e+02
2.002990000000000066e+02 4.421229999999999905e+02
1.956999999999999886e+02 4.450489999999999782e+02
