2.532129999999999939e+02 2.293280000000000030e+02
2.645740000000000123e+02 2.253959999999999866e+02
2.803050000000000068e+02 2.153449999999999989e+02
2.947250000000000227e+02 2.114130000000000109e+02
3.082710000000000150e+02 2.114130000000000109e+02
2.671960000000000264e+02 1.926229999999999905e+02
2.750609999999999786e+02 1.760180000000000007e+02
2.886070000000000277e+02 1.720860000000000127e+02
2.964730000000000132e+02 1.733969999999999914e+02
2.636999999999999886e+02 1.908750000000000000e+02
2.768090000000000259e+02 1.733969999999999914e+02
2.907919999999999732e+02 1.720860000000000127e+02
3.004049999999999727e+02 1.742709999999999866e+02
2.628260000000000218e+02 1.913120000000000118e+02
2.768090000000000259e+02 1.755809999999999889e+02
2.894809999999999945e+02 1.729600000000000080e+02
2.990950000000000273e+02 1.747079999999999984e+02
2.636999999999999886e+02 1.943710000000000093e+02
2.741879999999999882e+02 1.816990000000000123e+02
2.820529999999999973e+02 1.777659999999999911e+02
2.894809999999999945e+02 1.760180000000000007e+02
