2.657540000000000191e+02 2.637189999999999941e+02
2.589039999999999964e+02 2.500180000000000007e+02
2.474859999999999900e+02 2.308360000000000127e+02
2.525099999999999909e+02 2.162210000000000036e+02
2.584470000000000027e+02 2.070869999999999891e+02
2.474859999999999900e+02 2.308360000000000127e+02
2.625570000000000164e+02 2.130240000000000009e+02
2.652980000000000018e+02 2.143940000000000055e+02
2.652980000000000018e+02 2.180480000000000018e+02
2.575339999999999918e+02 2.376870000000000118e+02
2.726050000000000182e+02 2.175910000000000082e+02
2.730620000000000118e+02 2.230720000000000027e+02
2.694080000000000155e+02 2.276390000000000100e+02
2.662110000000000127e+02 2.440809999999999889e+02
2.794560000000000173e+02 2.258120000000000118e+02
2.799119999999999777e+02 2.303789999999999907e+02
2.744320000000000164e+02 2.367729999999999961e+02
2.767149999999999750e+02 2.486479999999999961e+02
2.840230000000000246e+02 2.340329999999999870e+02
2.821960000000000264e+02 2.385999999999999943e+02
2.803690000000000282e+02 2.440809999999999889e+02
