2.581669999999999732e+02 2.460649999999999977e+02
2.709940000000000282e+02 2.381030000000000086e+02
2.824940000000000282e+02 2.248340000000000032e+02
2.957640000000000100e+02 2.164300000000000068e+02
3.090330000000000155e+02 2.137760000000000105e+02
2.661290000000000191e+02 2.036030000000000086e+02
2.869169999999999732e+02 2.009490000000000123e+02
2.988600000000000136e+02 2.036030000000000086e+02
3.094750000000000227e+02 2.066990000000000123e+02
2.656859999999999786e+02 2.053720000000000141e+02
2.895710000000000264e+02 2.018340000000000032e+02
3.037250000000000227e+02 2.044879999999999995e+02
3.156680000000000064e+02 2.044879999999999995e+02
2.674560000000000173e+02 2.106800000000000068e+02
2.891290000000000191e+02 2.058149999999999977e+02
3.037250000000000227e+02 2.071419999999999959e+02
3.147830000000000155e+02 2.058149999999999977e+02
2.705520000000000209e+02 2.155459999999999923e+02
2.860330000000000155e+02 2.111220000000000141e+02
2.988600000000000136e+02 2.111220000000000141e+02
3.077060000000000173e+02 2.111220000000000141e+02
