2.593940000000000055e+02 2.712250000000000227e+02
2.716999999999999886e+02 2.607429999999999950e+02
2.849159999999999968e+02 2.457030000000000030e+02
2.912970000000000255e+02 2.292959999999999923e+02
2.999560000000000173e+02 2.169910000000000139e+02
2.685090000000000146e+02 2.270180000000000007e+02
2.712440000000000282e+02 2.065089999999999861e+02
2.716999999999999886e+02 1.942040000000000077e+02
2.712440000000000282e+02 1.832659999999999911e+02
2.580269999999999868e+02 2.274730000000000132e+02
2.571159999999999854e+02 2.051419999999999959e+02
2.571159999999999854e+02 1.914689999999999941e+02
2.566600000000000250e+02 1.800759999999999934e+02
2.498240000000000123e+02 2.306639999999999873e+02
2.475449999999999875e+02 2.096990000000000123e+02
2.466330000000000098e+02 1.978499999999999943e+02
2.461779999999999973e+02 1.869120000000000061e+02
2.420759999999999934e+02 2.361330000000000098e+02
2.356959999999999980e+02 2.210929999999999893e+02
2.334170000000000016e+02 2.124339999999999975e+02
2.306819999999999879e+02 2.042299999999999898e+02
