2.588999999999999773e+02 3.668090000000000259e+02
2.731539999999999964e+02 3.659940000000000282e+02
2.910740000000000123e+02 3.659940000000000282e+02
3.094010000000000105e+02 3.680299999999999727e+02
3.203969999999999914e+02 3.668090000000000259e+02
2.971829999999999927e+02 3.655869999999999891e+02
3.094010000000000105e+02 3.700670000000000073e+02
3.187679999999999723e+02 3.790269999999999868e+02
3.252839999999999918e+02 3.855430000000000064e+02
2.922959999999999923e+02 3.647719999999999914e+02
3.069569999999999936e+02 3.704739999999999895e+02
3.151030000000000086e+02 3.782119999999999891e+02
3.232479999999999905e+02 3.847280000000000086e+02
2.874089999999999918e+02 3.664010000000000105e+02
2.963679999999999950e+02 3.700670000000000073e+02
3.045140000000000100e+02 3.769900000000000091e+02
3.114370000000000118e+02 3.818770000000000095e+02
2.792629999999999768e+02 3.696589999999999918e+02
2.833360000000000127e+02 3.725099999999999909e+02
2.878159999999999741e+02 3.757679999999999723e+02
2.939250000000000114e+02 3.802479999999999905e+02
