2.348930000000000007e+02 4.060299999999999727e+02
2.483489999999999895e+02 4.088840000000000146e+02
2.613960000000000150e+02 4.162239999999999895e+02
2.605810000000000173e+02 4.309019999999999868e+02
2.622119999999999891e+02 4.435419999999999732e+02
2.475329999999999870e+02 4.166309999999999718e+02
2.516109999999999900e+02 4.374259999999999877e+02
2.516109999999999900e+02 4.451730000000000018e+02
2.516109999999999900e+02 4.500659999999999741e+02
2.365240000000000009e+02 4.174470000000000027e+02
2.373400000000000034e+02 4.239710000000000036e+02
2.406020000000000039e+02 4.341639999999999873e+02
2.426399999999999864e+02 4.406879999999999882e+02
2.263309999999999889e+02 4.198929999999999723e+02
2.267390000000000043e+02 4.256019999999999754e+02
2.300010000000000048e+02 4.345720000000000027e+02
2.320389999999999873e+02 4.398720000000000141e+02
2.189919999999999902e+02 4.247860000000000014e+02
2.185840000000000032e+02 4.296789999999999736e+02
2.214379999999999882e+02 4.345720000000000027e+02
2.242920000000000016e+02 4.378340000000000032e+02
