2.355310000000000059e+02 4.050769999999999982e+02
2.489919999999999902e+02 4.101240000000000236e+02
2.620319999999999823e+02 4.168550000000000182e+02
2.590880000000000223e+02 4.324189999999999827e+02
2.599289999999999736e+02 4.441970000000000027e+02
2.468890000000000100e+02 4.160140000000000100e+02
2.489919999999999902e+02 4.391499999999999773e+02
2.485709999999999980e+02 4.492450000000000045e+02
2.460469999999999970e+02 4.597620000000000005e+02
2.351100000000000136e+02 4.176960000000000264e+02
2.351100000000000136e+02 4.227440000000000282e+02
2.372139999999999986e+02 4.454590000000000032e+02
2.359519999999999982e+02 4.610240000000000009e+02
2.250149999999999864e+02 4.210609999999999786e+02
2.254350000000000023e+02 4.269510000000000218e+02
2.283799999999999955e+02 4.458799999999999955e+02
2.275389999999999873e+02 4.593410000000000082e+02
2.174430000000000121e+02 4.269510000000000218e+02
2.182839999999999918e+02 4.336809999999999832e+02
2.187050000000000125e+02 4.437769999999999868e+02
2.182839999999999918e+02 4.505070000000000050e+02
