2.171109999999999900e+02 3.929289999999999736e+02
2.303429999999999893e+02 3.966499999999999773e+02
2.415080000000000098e+02 4.036800000000000068e+02
2.468830000000000098e+02 4.177389999999999759e+02
2.547400000000000091e+02 4.264230000000000018e+02
2.319970000000000141e+02 4.131899999999999977e+02
2.307570000000000050e+02 4.293170000000000073e+02
2.278619999999999948e+02 4.392409999999999854e+02
2.245540000000000020e+02 4.458570000000000277e+02
2.216599999999999966e+02 4.140169999999999959e+02
2.187649999999999864e+02 4.272500000000000000e+02
2.175250000000000057e+02 4.375869999999999891e+02
2.146299999999999955e+02 4.466840000000000259e+02
2.117359999999999900e+02 4.123629999999999995e+02
2.084279999999999973e+02 4.255960000000000036e+02
2.084279999999999973e+02 4.355199999999999818e+02
2.071870000000000118e+02 4.437900000000000205e+02
2.026390000000000100e+02 4.102959999999999923e+02
2.001579999999999870e+02 4.214610000000000127e+02
1.980900000000000034e+02 4.289039999999999964e+02
1.968499999999999943e+02 4.363469999999999800e+02
