2.720950000000000273e+02 2.679320000000000164e+02
2.861370000000000005e+02 2.579660000000000082e+02
2.942909999999999968e+02 2.421119999999999948e+02
2.942909999999999968e+02 2.298810000000000002e+02
2.920260000000000105e+02 2.253509999999999991e+02
2.734540000000000077e+02 2.239929999999999950e+02
2.861370000000000005e+02 2.208220000000000027e+02
2.888550000000000182e+02 2.280689999999999884e+02
2.879490000000000123e+02 2.330519999999999925e+02
2.643940000000000055e+02 2.262570000000000050e+02
2.825129999999999768e+02 2.239929999999999950e+02
2.838720000000000141e+02 2.348640000000000043e+02
2.825129999999999768e+02 2.412059999999999889e+02
2.575989999999999895e+02 2.312400000000000091e+02
2.752660000000000196e+02 2.303340000000000032e+02
2.770769999999999982e+02 2.398470000000000084e+02
2.757189999999999941e+02 2.466419999999999959e+02
2.535219999999999914e+02 2.384879999999999995e+02
2.653000000000000114e+02 2.366759999999999877e+02
2.689239999999999782e+02 2.448300000000000125e+02
2.684710000000000036e+02 2.498129999999999882e+02
