2.170790000000000077e+02 3.978829999999999814e+02
2.315279999999999916e+02 4.044510000000000218e+02
2.464149999999999920e+02 4.123330000000000268e+02
2.617400000000000091e+02 4.184630000000000223e+02
2.757520000000000095e+02 4.210899999999999750e+02
2.271500000000000057e+02 4.206519999999999868e+02
2.415989999999999895e+02 4.298469999999999800e+02
2.486049999999999898e+02 4.359769999999999754e+02
2.551730000000000018e+02 4.447339999999999804e+02
2.153269999999999982e+02 4.145219999999999914e+02
1.943100000000000023e+02 4.276580000000000155e+02
2.451020000000000039e+02 4.337880000000000109e+02
1.676009999999999991e+02 4.359769999999999754e+02
2.035049999999999955e+02 4.145219999999999914e+02
1.881800000000000068e+02 4.241549999999999727e+02
1.776709999999999923e+02 4.289710000000000036e+02
1.689139999999999873e+02 4.351009999999999991e+02
1.960610000000000070e+02 4.145219999999999914e+02
1.886179999999999950e+02 4.237169999999999845e+02
1.877419999999999902e+02 4.237169999999999845e+02
1.842390000000000043e+02 4.245930000000000177e+02
