2.705640000000000214e+02 2.581990000000000123e+02
2.632429999999999950e+02 2.440159999999999911e+02
2.595830000000000268e+02 2.252570000000000050e+02
2.632429999999999950e+02 2.092439999999999998e+02
2.659879999999999995e+02 1.959749999999999943e+02
2.664460000000000264e+02 2.261719999999999970e+02
2.746809999999999832e+02 2.074130000000000109e+02
2.755960000000000036e+02 2.087860000000000014e+02
2.742239999999999895e+02 2.115310000000000059e+02
2.774270000000000209e+02 2.312050000000000125e+02
2.838319999999999936e+02 2.124459999999999980e+02
2.810869999999999891e+02 2.147340000000000089e+02
2.783419999999999845e+02 2.211390000000000100e+02
2.879499999999999886e+02 2.357800000000000011e+02
2.916100000000000136e+02 2.179370000000000118e+02
2.884069999999999823e+02 2.215970000000000084e+02
2.847470000000000141e+02 2.280020000000000095e+02
2.957280000000000086e+02 2.394399999999999977e+02
2.966429999999999723e+02 2.261719999999999970e+02
2.938980000000000246e+02 2.280020000000000095e+02
2.916100000000000136e+02 2.325780000000000030e+02
