2.533389999999999986e+02 2.789019999999999868e+02
2.641320000000000050e+02 2.658600000000000136e+02
2.704279999999999973e+02 2.505689999999999884e+02
2.708779999999999859e+02 2.397750000000000057e+02
2.677300000000000182e+02 2.298810000000000002e+02
2.555869999999999891e+02 2.294310000000000116e+02
2.524389999999999930e+02 2.114420000000000073e+02
2.564870000000000232e+02 2.019970000000000141e+02
2.627830000000000155e+02 1.930029999999999859e+02
2.488410000000000082e+02 2.330289999999999964e+02
2.425449999999999875e+02 2.123410000000000082e+02
2.443439999999999941e+02 2.001980000000000075e+02
2.456930000000000121e+02 1.889550000000000125e+02
2.443439999999999941e+02 2.393249999999999886e+02
2.402959999999999923e+02 2.213360000000000127e+02
2.407460000000000093e+02 2.073940000000000055e+02
2.443439999999999941e+02 1.965999999999999943e+02
2.407460000000000093e+02 2.447220000000000084e+02
2.330999999999999943e+02 2.330289999999999964e+02
2.299519999999999982e+02 2.249339999999999975e+02
2.286030000000000086e+02 2.154890000000000043e+02
