2.425399999999999920e+02 2.888360000000000127e+02
2.434370000000000118e+02 2.794189999999999827e+02
2.488180000000000121e+02 2.704510000000000218e+02
2.559919999999999902e+02 2.610339999999999918e+02
2.595790000000000077e+02 2.507210000000000036e+02
2.604759999999999991e+02 2.892839999999999918e+02
2.748260000000000218e+02 2.982529999999999859e+02
2.959010000000000105e+02 3.067730000000000246e+02
3.071109999999999900e+02 3.076689999999999827e+02
2.676510000000000105e+02 2.964590000000000032e+02
2.860360000000000014e+02 3.139470000000000027e+02
2.967980000000000018e+02 3.233639999999999759e+02
3.039730000000000132e+02 3.323319999999999936e+02
2.743770000000000095e+02 2.991490000000000009e+02
2.855880000000000223e+02 3.112570000000000050e+02
2.963500000000000227e+02 3.220190000000000055e+02
3.039730000000000132e+02 3.314350000000000023e+02
2.788609999999999900e+02 2.991490000000000009e+02
2.900720000000000027e+02 3.040819999999999936e+02
2.972459999999999809e+02 3.067730000000000246e+02
3.071109999999999900e+02 3.090149999999999864e+02
