2.554910000000000139e+02 2.842730000000000246e+02
2.669540000000000077e+02 2.732679999999999723e+02
2.788759999999999764e+02 2.585939999999999941e+02
2.889639999999999986e+02 2.489650000000000034e+02
2.981349999999999909e+02 2.407110000000000127e+02
2.623690000000000282e+02 2.397940000000000111e+02
2.738319999999999936e+02 2.287889999999999873e+02
2.857549999999999955e+02 2.329159999999999968e+02
2.949250000000000114e+02 2.379600000000000080e+02
2.554910000000000139e+02 2.397940000000000111e+02
2.531980000000000075e+02 2.177839999999999918e+02
2.596179999999999950e+02 2.067789999999999964e+02
2.678709999999999809e+02 1.999010000000000105e+02
2.490709999999999980e+02 2.439209999999999923e+02
2.449439999999999884e+02 2.228280000000000030e+02
2.444859999999999900e+02 2.076959999999999980e+02
2.444859999999999900e+02 1.971500000000000057e+02
2.449439999999999884e+02 2.507990000000000066e+02
2.362319999999999993e+02 2.375020000000000095e+02
2.302709999999999866e+02 2.297059999999999889e+02
2.238509999999999991e+02 2.219110000000000014e+02
