2.410989999999999895e+02 4.129580000000000268e+02
2.554919999999999902e+02 4.177549999999999955e+02
2.674859999999999900e+02 4.233530000000000086e+02
2.706840000000000259e+02 4.385450000000000159e+02
2.754820000000000277e+02 4.497389999999999759e+02
2.506939999999999884e+02 4.325480000000000018e+02
2.486949999999999932e+02 4.489399999999999977e+02
2.482959999999999923e+02 4.609329999999999927e+02
2.434979999999999905e+02 4.697289999999999850e+02
2.367019999999999982e+02 4.325480000000000018e+02
2.355020000000000095e+02 4.481399999999999864e+02
2.323040000000000020e+02 4.605339999999999918e+02
2.263069999999999879e+02 4.701290000000000191e+02
2.267069999999999936e+02 4.313489999999999895e+02
2.247079999999999984e+02 4.449420000000000073e+02
2.231090000000000089e+02 4.561360000000000241e+02
2.183110000000000070e+02 4.657309999999999945e+02
2.167119999999999891e+02 4.313489999999999895e+02
2.147129999999999939e+02 4.429429999999999836e+02
2.119139999999999873e+02 4.497389999999999759e+02
2.095159999999999911e+02 4.565360000000000014e+02
