2.430130000000000052e+02 3.835489999999999782e+02
2.557570000000000050e+02 3.881829999999999927e+02
2.654110000000000014e+02 3.920450000000000159e+02
2.681139999999999759e+02 4.001539999999999964e+02
2.719759999999999991e+02 4.094220000000000255e+02
2.507369999999999948e+02 4.090360000000000014e+02
2.507369999999999948e+02 4.140559999999999832e+02
2.491920000000000073e+02 4.194630000000000223e+02
2.441719999999999970e+02 4.221659999999999968e+02
2.403100000000000023e+02 4.067189999999999941e+02
2.376069999999999993e+02 4.132839999999999918e+02
2.349039999999999964e+02 4.221659999999999968e+02
2.310420000000000016e+02 4.248690000000000282e+02
2.306560000000000059e+02 4.071050000000000182e+02
2.275670000000000073e+02 4.128980000000000246e+02
2.248640000000000043e+02 4.186899999999999977e+02
2.233189999999999884e+02 4.221659999999999968e+02
2.202299999999999898e+02 4.071050000000000182e+02
2.152090000000000032e+02 4.101949999999999932e+02
2.113480000000000132e+02 4.125120000000000005e+02
2.070999999999999943e+02 4.140559999999999832e+02
