2.354749999999999943e+02 4.043589999999999804e+02
2.482580000000000098e+02 4.098980000000000246e+02
2.610409999999999968e+02 4.162900000000000205e+02
2.593360000000000127e+02 4.329080000000000155e+02
2.597620000000000005e+02 4.444119999999999777e+02
2.469799999999999898e+02 4.192719999999999914e+02
2.491100000000000136e+02 4.401510000000000105e+02
2.486839999999999975e+02 4.495249999999999773e+02
2.465529999999999973e+02 4.580470000000000255e+02
2.354749999999999943e+02 4.201250000000000000e+02
2.371790000000000020e+02 4.405769999999999982e+02
2.367529999999999859e+02 4.503770000000000095e+02
2.363269999999999982e+02 4.610299999999999727e+02
2.252489999999999952e+02 4.226809999999999832e+02
2.269530000000000030e+02 4.375950000000000273e+02
2.282309999999999945e+02 4.495249999999999773e+02
2.278050000000000068e+02 4.597520000000000095e+02
2.175790000000000077e+02 4.265160000000000196e+02
2.180049999999999955e+02 4.363159999999999741e+02
2.184310000000000116e+02 4.439859999999999900e+02
2.180049999999999955e+02 4.503770000000000095e+02
