2.693580000000000041e+02 2.643919999999999959e+02
2.811270000000000095e+02 2.553400000000000034e+02
2.915369999999999777e+02 2.385929999999999893e+02
2.924420000000000073e+02 2.245620000000000118e+02
2.883679999999999950e+02 2.141519999999999868e+02
2.734320000000000164e+02 2.213940000000000055e+02
2.811270000000000095e+02 2.195829999999999984e+02
2.851999999999999886e+02 2.195829999999999984e+02
2.861050000000000182e+02 2.241090000000000089e+02
2.634739999999999895e+02 2.241090000000000089e+02
2.747900000000000205e+02 2.236570000000000107e+02
2.797690000000000055e+02 2.313509999999999991e+02
2.779580000000000268e+02 2.390459999999999923e+02
2.557800000000000011e+02 2.281829999999999927e+02
2.657370000000000232e+02 2.281829999999999927e+02
2.693580000000000041e+02 2.381409999999999911e+02
2.707160000000000082e+02 2.426670000000000016e+02
2.485380000000000109e+02 2.349720000000000084e+02
2.557800000000000011e+02 2.318040000000000020e+02
2.607590000000000146e+02 2.394979999999999905e+02
2.621170000000000186e+02 2.449300000000000068e+02
