2.661920000000000073e+02 2.708779999999999859e+02
2.811270000000000095e+02 2.600160000000000196e+02
2.915360000000000014e+02 2.423660000000000139e+02
2.947040000000000077e+02 2.256210000000000093e+02
2.996820000000000164e+02 2.129490000000000123e+02
2.775059999999999718e+02 2.274310000000000116e+02
2.797690000000000055e+02 2.066129999999999995e+02
2.811270000000000095e+02 1.925829999999999984e+02
2.806739999999999782e+02 1.808160000000000025e+02
2.670969999999999800e+02 2.283360000000000127e+02
2.666440000000000055e+02 2.057069999999999936e+02
2.670969999999999800e+02 1.916779999999999973e+02
2.666440000000000055e+02 1.803629999999999995e+02
2.589510000000000218e+02 2.319569999999999936e+02
2.562350000000000136e+02 2.102330000000000041e+02
2.557829999999999870e+02 1.966560000000000059e+02
2.557829999999999870e+02 1.848890000000000100e+02
2.485409999999999968e+02 2.382930000000000064e+02
2.453729999999999905e+02 2.210949999999999989e+02
2.440159999999999911e+02 2.115910000000000082e+02
2.417529999999999859e+02 2.025389999999999873e+02
