2.745040000000000191e+02 2.608509999999999991e+02
2.857570000000000050e+02 2.539269999999999925e+02
2.987400000000000091e+02 2.396450000000000102e+02
3.056639999999999873e+02 2.249310000000000116e+02
3.130210000000000150e+02 2.128129999999999882e+02
2.848910000000000196e+02 2.201699999999999875e+02
2.853240000000000123e+02 2.015610000000000070e+02
2.922479999999999905e+02 1.937709999999999866e+02
3.022019999999999982e+02 1.911750000000000114e+02
2.749370000000000118e+02 2.210360000000000014e+02
2.753700000000000045e+02 2.006959999999999980e+02
2.814289999999999736e+02 1.903089999999999975e+02
2.883530000000000086e+02 1.838170000000000073e+02
2.680129999999999768e+02 2.231999999999999886e+02
2.675799999999999841e+02 2.028590000000000089e+02
2.714750000000000227e+02 1.911750000000000114e+02
2.753700000000000045e+02 1.833849999999999909e+02
2.610880000000000223e+02 2.283930000000000007e+02
2.571929999999999836e+02 2.136790000000000020e+02
2.567610000000000241e+02 2.032920000000000016e+02
2.558950000000000102e+02 1.937709999999999866e+02
