2.685690000000000168e+02 2.583779999999999859e+02
2.589780000000000086e+02 2.446769999999999925e+02
2.525840000000000032e+02 2.286920000000000073e+02
2.489300000000000068e+02 2.117940000000000111e+02
2.407100000000000080e+02 2.003760000000000048e+02
2.694820000000000277e+02 2.191009999999999991e+02
2.699390000000000214e+02 2.026589999999999918e+02
2.703960000000000150e+02 1.898720000000000141e+02
2.735930000000000177e+02 1.789099999999999966e+02
2.799870000000000232e+02 2.222980000000000018e+02
2.831840000000000259e+02 2.044859999999999900e+02
2.850099999999999909e+02 1.926119999999999948e+02
2.877509999999999764e+02 1.821069999999999993e+02
2.882069999999999936e+02 2.264079999999999870e+02
2.909479999999999791e+02 2.108799999999999955e+02
2.941449999999999818e+02 1.980920000000000130e+02
2.950579999999999927e+02 1.889579999999999984e+02
2.959719999999999800e+02 2.332589999999999861e+02
3.019089999999999918e+02 2.195579999999999927e+02
3.055620000000000118e+02 2.122500000000000000e+02
3.073890000000000100e+02 2.044859999999999900e+02
