2.228779999999999859e+02 3.962160000000000082e+02
2.344859999999999900e+02 3.995319999999999823e+02
2.460939999999999941e+02 4.061650000000000205e+02
2.481670000000000016e+02 4.186019999999999754e+02
2.473379999999999939e+02 4.326970000000000027e+02
2.307549999999999955e+02 4.107250000000000227e+02
2.307549999999999955e+02 4.268929999999999723e+02
2.303400000000000034e+02 4.372570000000000050e+02
2.278530000000000086e+02 4.484510000000000218e+02
2.183180000000000121e+02 4.115539999999999736e+02
2.179039999999999964e+02 4.289660000000000082e+02
2.166599999999999966e+02 4.389159999999999968e+02
2.141719999999999970e+02 4.492799999999999727e+02
2.091980000000000075e+02 4.123840000000000146e+02
2.079540000000000077e+02 4.256499999999999773e+02
2.067100000000000080e+02 4.355989999999999895e+02
2.029790000000000134e+02 4.467919999999999732e+02
2.004919999999999902e+02 4.140419999999999732e+02
1.971750000000000114e+02 4.256499999999999773e+02
1.942729999999999961e+02 4.322830000000000155e+02
1.917860000000000014e+02 4.389159999999999968e+02
