2.416610000000000014e+02 3.968349999999999795e+02
2.552930000000000064e+02 4.016469999999999914e+02
2.673210000000000264e+02 4.068589999999999804e+02
2.689250000000000114e+02 4.176840000000000259e+02
2.701279999999999859e+02 4.309150000000000205e+02
2.516850000000000023e+02 4.152789999999999964e+02
2.488779999999999859e+02 4.289110000000000014e+02
2.480759999999999934e+02 4.393349999999999795e+02
2.452690000000000055e+02 4.473539999999999850e+02
2.396560000000000059e+02 4.164809999999999945e+02
2.368499999999999943e+02 4.285099999999999909e+02
2.336419999999999959e+02 4.405380000000000109e+02
2.300339999999999918e+02 4.485570000000000164e+02
2.292319999999999993e+02 4.152789999999999964e+02
2.280289999999999964e+02 4.269060000000000059e+02
2.232179999999999893e+02 4.373299999999999841e+02
2.200099999999999909e+02 4.465520000000000209e+02
2.196090000000000089e+02 4.140760000000000218e+02
2.139960000000000093e+02 4.249010000000000105e+02
2.095860000000000127e+02 4.313159999999999741e+02
2.051750000000000114e+02 4.365280000000000200e+02
