2.382429999999999950e+02 3.997789999999999964e+02
2.517410000000000139e+02 4.049399999999999977e+02
2.640480000000000018e+02 4.120860000000000127e+02
2.660330000000000155e+02 4.235989999999999895e+02
2.672239999999999895e+02 4.370969999999999800e+02
2.481680000000000064e+02 4.224080000000000155e+02
2.485649999999999977e+02 4.351120000000000232e+02
2.473739999999999952e+02 4.442429999999999950e+02
2.441980000000000075e+02 4.509920000000000186e+02
2.362580000000000098e+02 4.216139999999999759e+02
2.346699999999999875e+02 4.355090000000000146e+02
2.303029999999999973e+02 4.474189999999999827e+02
2.259360000000000070e+02 4.513890000000000100e+02
2.263329999999999984e+02 4.204230000000000018e+02
2.251419999999999959e+02 4.327300000000000182e+02
2.227599999999999909e+02 4.418609999999999900e+02
2.172019999999999982e+02 4.494039999999999964e+02
2.168050000000000068e+02 4.188349999999999795e+02
2.136279999999999859e+02 4.311419999999999959e+02
2.096579999999999870e+02 4.374940000000000282e+02
2.060850000000000080e+02 4.418609999999999900e+02
