2.176100000000000136e+02 3.928269999999999982e+02
2.292700000000000102e+02 3.962819999999999823e+02
2.413609999999999900e+02 4.031909999999999741e+02
2.465440000000000111e+02 4.174420000000000073e+02
2.556119999999999948e+02 4.269429999999999836e+02
2.309970000000000141e+02 4.131240000000000236e+02
2.305649999999999977e+02 4.278070000000000164e+02
2.284060000000000059e+02 4.377389999999999759e+02
2.253830000000000098e+02 4.446490000000000009e+02
2.206330000000000098e+02 4.135559999999999832e+02
2.184739999999999895e+02 4.273750000000000000e+02
2.176100000000000136e+02 4.377389999999999759e+02
2.150190000000000055e+02 4.476709999999999923e+02
2.106999999999999886e+02 4.126920000000000073e+02
2.081090000000000089e+02 4.252149999999999750e+02
2.076769999999999925e+02 4.342839999999999918e+02
2.068139999999999930e+02 4.442169999999999845e+02
2.003360000000000127e+02 4.105330000000000155e+02
1.990409999999999968e+02 4.217610000000000241e+02
1.973129999999999882e+02 4.282379999999999995e+02
1.968810000000000002e+02 4.355799999999999841e+02
