2.328880000000000052e+02 4.051019999999999754e+02
2.199190000000000111e+02 4.243460000000000036e+02
2.684470000000000027e+02 4.209990000000000236e+02
2.856000000000000227e+02 4.264379999999999882e+02
3.002420000000000186e+02 4.281109999999999900e+02
2.157350000000000136e+02 4.335489999999999782e+02
2.588249999999999886e+02 4.427529999999999859e+02
2.655190000000000055e+02 4.511200000000000045e+02
2.717939999999999827e+02 4.582320000000000277e+02
2.312139999999999986e+02 4.343860000000000241e+02
2.546419999999999959e+02 4.410799999999999841e+02
2.056949999999999932e+02 4.494470000000000027e+02
2.270310000000000059e+02 4.640889999999999986e+02
2.408360000000000127e+02 4.327130000000000223e+02
2.320509999999999877e+02 4.414979999999999905e+02
2.291220000000000141e+02 4.511200000000000045e+02
2.270310000000000059e+02 4.615790000000000077e+02
2.420910000000000082e+02 4.205810000000000173e+02
2.475300000000000011e+02 4.264379999999999882e+02
1.851959999999999980e+02 4.402429999999999950e+02
1.851959999999999980e+02 4.385699999999999932e+02
