2.376949999999999932e+02 4.065849999999999795e+02
2.552620000000000005e+02 4.170409999999999968e+02
2.724100000000000250e+02 4.233149999999999977e+02
2.903949999999999818e+02 4.295889999999999986e+02
3.054529999999999745e+02 4.291700000000000159e+02
2.368590000000000089e+02 4.400450000000000159e+02
2.611170000000000186e+02 4.463190000000000168e+02
2.673910000000000196e+02 4.534289999999999736e+02
2.736650000000000205e+02 4.609580000000000268e+02
2.264019999999999868e+02 4.337710000000000150e+02
2.017249999999999943e+02 4.362810000000000059e+02
1.900140000000000100e+02 4.400450000000000159e+02
1.787210000000000036e+02 4.446460000000000150e+02
2.201279999999999859e+02 4.312620000000000005e+02
2.029799999999999898e+02 4.362810000000000059e+02
1.895960000000000036e+02 4.404630000000000223e+02
1.783029999999999973e+02 4.438090000000000259e+02
2.138540000000000134e+02 4.329350000000000023e+02
2.067439999999999998e+02 4.346080000000000041e+02
2.067439999999999998e+02 4.371170000000000186e+02
2.636270000000000095e+02 4.404630000000000223e+02
