2.731309999999999718e+02 2.587740000000000009e+02
2.856360000000000241e+02 2.498420000000000130e+02
2.968009999999999877e+02 2.342110000000000127e+02
3.017139999999999986e+02 2.172410000000000139e+02
3.075190000000000055e+02 2.056289999999999907e+02
2.829569999999999936e+02 2.181339999999999861e+02
2.834030000000000200e+02 2.020560000000000116e+02
2.789370000000000118e+02 1.966970000000000027e+02
2.851890000000000214e+02 2.096490000000000009e+02
2.722379999999999995e+02 2.199199999999999875e+02
2.682189999999999941e+02 1.966970000000000027e+02
2.744710000000000036e+02 2.011630000000000109e+02
2.753639999999999759e+02 2.083089999999999975e+02
2.641999999999999886e+02 2.230459999999999923e+02
2.583940000000000055e+02 2.029499999999999886e+02
2.641999999999999886e+02 2.069689999999999941e+02
2.664320000000000164e+02 2.154540000000000077e+02
2.566070000000000277e+02 2.279590000000000032e+02
2.508019999999999925e+02 2.136680000000000064e+02
2.539279999999999973e+02 2.141140000000000043e+02
2.592869999999999777e+02 2.208129999999999882e+02
