2.735559999999999832e+02 2.671519999999999868e+02
2.735559999999999832e+02 2.526949999999999932e+02
2.836320000000000050e+02 2.286009999999999991e+02
2.875749999999999886e+02 2.224679999999999893e+02
2.875749999999999886e+02 2.158959999999999866e+02
2.735559999999999832e+02 2.259720000000000084e+02
2.731179999999999950e+02 2.088870000000000005e+02
2.814420000000000073e+02 2.023160000000000025e+02
2.893269999999999982e+02 2.010010000000000048e+02
2.753090000000000259e+02 2.303530000000000086e+02
2.748709999999999809e+02 2.150200000000000102e+02
2.840699999999999932e+02 2.053820000000000050e+02
2.950230000000000246e+02 2.031920000000000073e+02
2.796899999999999977e+02 2.356100000000000136e+02
2.805659999999999741e+02 2.246579999999999870e+02
2.858229999999999791e+02 2.207150000000000034e+02
2.954610000000000127e+02 2.080109999999999957e+02
2.840699999999999932e+02 2.408669999999999902e+02
2.875749999999999886e+02 2.312290000000000134e+02
2.888890000000000100e+02 2.229060000000000059e+02
2.915179999999999723e+02 2.185250000000000057e+02
