2.600840000000000032e+02 2.397249999999999943e+02
2.490180000000000007e+02 2.264449999999999932e+02
2.401649999999999920e+02 2.082969999999999970e+02
2.335250000000000057e+02 1.950169999999999959e+02
2.224590000000000032e+02 1.901479999999999961e+02
2.680520000000000209e+02 1.963449999999999989e+02
2.684940000000000282e+02 1.773110000000000070e+02
2.680520000000000209e+02 1.640320000000000107e+02
2.680520000000000209e+02 1.534079999999999870e+02
2.791179999999999950e+02 2.016570000000000107e+02
2.888559999999999945e+02 1.835080000000000098e+02
2.959390000000000214e+02 1.728849999999999909e+02
3.008079999999999927e+02 1.631459999999999866e+02
2.861999999999999886e+02 2.096250000000000000e+02
3.003650000000000091e+02 1.985579999999999927e+02
3.105459999999999923e+02 1.914759999999999991e+02
3.180710000000000264e+02 1.843940000000000055e+02
2.919549999999999841e+02 2.193629999999999995e+02
3.056770000000000209e+02 2.162640000000000100e+02
3.136449999999999818e+02 2.153789999999999907e+02
3.220550000000000068e+02 2.131659999999999968e+02
