2.469550000000000125e+02 3.922479999999999905e+02
2.595779999999999745e+02 3.977699999999999818e+02
2.702280000000000086e+02 4.040819999999999936e+02
2.729889999999999759e+02 4.151259999999999764e+02
2.733829999999999814e+02 4.281429999999999723e+02
2.544499999999999886e+02 4.103929999999999723e+02
2.540550000000000068e+02 4.261709999999999923e+02
2.516879999999999882e+02 4.383990000000000009e+02
2.477439999999999998e+02 4.451050000000000182e+02
2.437990000000000066e+02 4.111820000000000164e+02
2.418269999999999982e+02 4.261709999999999923e+02
2.386719999999999970e+02 4.380040000000000191e+02
2.355159999999999911e+02 4.458940000000000055e+02
2.347270000000000039e+02 4.111820000000000164e+02
2.315709999999999980e+02 4.226209999999999809e+02
2.280209999999999866e+02 4.332710000000000150e+02
2.252599999999999909e+02 4.435269999999999868e+02
2.252599999999999909e+02 4.107869999999999777e+02
2.193429999999999893e+02 4.222259999999999991e+02
2.142150000000000034e+02 4.285380000000000109e+02
2.106649999999999920e+02 4.328770000000000095e+02
