2.464819999999999993e+02 3.921639999999999873e+02
2.595289999999999964e+02 3.961179999999999950e+02
2.698090000000000259e+02 4.028389999999999986e+02
2.709950000000000045e+02 4.166770000000000209e+02
2.792980000000000018e+02 4.226070000000000277e+02
2.563659999999999854e+02 4.099560000000000173e+02
2.535989999999999895e+02 4.249789999999999850e+02
2.508309999999999889e+02 4.348639999999999759e+02
2.468779999999999859e+02 4.411890000000000214e+02
2.452959999999999923e+02 4.107459999999999809e+02
2.421330000000000098e+02 4.226070000000000277e+02
2.401570000000000107e+02 4.336770000000000209e+02
2.362030000000000030e+02 4.415849999999999795e+02
2.346210000000000093e+02 4.115369999999999777e+02
2.338309999999999889e+02 4.222119999999999891e+02
2.306680000000000064e+02 4.309100000000000250e+02
2.271100000000000136e+02 4.392130000000000223e+02
2.251330000000000098e+02 4.123279999999999745e+02
2.188069999999999879e+02 4.222119999999999891e+02
2.148530000000000086e+02 4.273519999999999754e+02
2.116899999999999977e+02 4.320960000000000036e+02
