2.537479999999999905e+02 2.404170000000000016e+02
2.457359999999999900e+02 2.262779999999999916e+02
2.400809999999999889e+02 2.083689999999999998e+02
2.419660000000000082e+02 1.918739999999999952e+02
2.424370000000000118e+02 1.777350000000000136e+02
2.471500000000000057e+02 2.008280000000000030e+02
2.528060000000000116e+02 1.791490000000000009e+02
2.546910000000000025e+02 1.664240000000000066e+02
2.584610000000000127e+02 1.546419999999999959e+02
2.575190000000000055e+02 2.041270000000000095e+02
2.631739999999999782e+02 1.791490000000000009e+02
2.641170000000000186e+02 1.645389999999999873e+02
2.650590000000000259e+02 1.518139999999999930e+02
2.678870000000000005e+02 2.069550000000000125e+02
2.711859999999999786e+02 1.838619999999999948e+02
2.711859999999999786e+02 1.692520000000000095e+02
2.721290000000000191e+02 1.584120000000000061e+02
2.758990000000000009e+02 2.093120000000000118e+02
2.763700000000000045e+02 1.918739999999999952e+02
2.763700000000000045e+02 1.815049999999999955e+02
2.758990000000000009e+02 1.734929999999999950e+02
