2.426289999999999907e+02 2.511349999999999909e+02
2.573159999999999741e+02 2.402379999999999995e+02
2.729510000000000218e+02 2.260240000000000009e+02
2.862169999999999845e+02 2.179699999999999989e+02
2.994830000000000041e+02 2.122849999999999966e+02
2.516310000000000002e+02 2.094420000000000073e+02
2.554209999999999923e+02 1.890699999999999932e+02
2.606329999999999814e+02 1.758040000000000020e+02
2.620539999999999736e+02 1.634850000000000136e+02
2.393129999999999882e+02 2.103899999999999864e+02
2.326800000000000068e+02 1.867009999999999934e+02
2.284159999999999968e+02 1.720130000000000052e+02
2.232040000000000077e+02 1.606430000000000007e+02
2.303110000000000070e+02 2.146539999999999964e+02
2.175190000000000055e+02 1.952290000000000134e+02
2.099379999999999882e+02 1.838580000000000041e+02
2.042529999999999859e+02 1.734350000000000023e+02
2.222570000000000050e+02 2.222340000000000089e+02
2.080430000000000064e+02 2.137059999999999889e+02
1.999890000000000043e+02 2.075469999999999970e+02
1.924089999999999918e+02 2.023350000000000080e+02
