2.756179999999999950e+02 2.503290000000000077e+02
2.650389999999999873e+02 2.375469999999999970e+02
2.579870000000000232e+02 2.203559999999999945e+02
2.535790000000000077e+02 2.044879999999999995e+02
2.443220000000000027e+02 1.934679999999999893e+02
2.738550000000000182e+02 2.093369999999999891e+02
2.778220000000000027e+02 1.912649999999999864e+02
2.800260000000000105e+02 1.780409999999999968e+02
2.831109999999999900e+02 1.665809999999999889e+02
2.848740000000000236e+02 2.133040000000000020e+02
2.888410000000000082e+02 1.912649999999999864e+02
2.901639999999999873e+02 1.767189999999999941e+02
2.928079999999999927e+02 1.656990000000000123e+02
2.936899999999999977e+02 2.181519999999999868e+02
2.972160000000000082e+02 1.969950000000000045e+02
2.985389999999999873e+02 1.833300000000000125e+02
2.998609999999999900e+02 1.723110000000000070e+02
3.020649999999999977e+02 2.221189999999999998e+02
3.051499999999999773e+02 2.053689999999999998e+02
3.060319999999999823e+02 1.969950000000000045e+02
3.069130000000000109e+02 1.895010000000000048e+02
