2.749230000000000018e+02 2.583609999999999900e+02
2.880059999999999718e+02 2.483309999999999889e+02
2.984730000000000132e+02 2.321949999999999932e+02
3.023969999999999914e+02 2.156229999999999905e+02
3.089390000000000214e+02 2.038489999999999895e+02
2.832090000000000032e+02 2.147510000000000048e+02
2.810280000000000200e+02 1.938180000000000121e+02
2.862620000000000005e+02 1.894569999999999936e+02
2.919309999999999832e+02 1.903290000000000077e+02
2.740509999999999877e+02 2.156229999999999905e+02
2.736150000000000091e+02 1.938180000000000121e+02
2.766669999999999732e+02 1.868410000000000082e+02
2.814649999999999750e+02 1.903290000000000077e+02
2.662010000000000218e+02 2.186759999999999877e+02
2.653290000000000077e+02 1.999240000000000066e+02
2.705620000000000118e+02 1.912019999999999982e+02
2.771039999999999850e+02 1.920740000000000123e+02
2.600960000000000036e+02 2.273979999999999961e+02
2.561709999999999923e+02 2.108259999999999934e+02
2.574789999999999850e+02 2.029759999999999991e+02
2.640199999999999818e+02 2.007959999999999923e+02
