2.394399999999999977e+02 4.020249999999999773e+02
2.534950000000000045e+02 4.068439999999999941e+02
2.655419999999999732e+02 4.152769999999999868e+02
2.659440000000000168e+02 4.249150000000000205e+02
2.671490000000000009e+02 4.369619999999999891e+02
2.454639999999999986e+02 4.245129999999999768e+02
2.474710000000000036e+02 4.361589999999999918e+02
2.474710000000000036e+02 4.441909999999999741e+02
2.446599999999999966e+02 4.534270000000000209e+02
2.350229999999999961e+02 4.221039999999999850e+02
2.342189999999999941e+02 4.357579999999999814e+02
2.306049999999999898e+02 4.474030000000000200e+02
2.257860000000000014e+02 4.542300000000000182e+02
2.257860000000000014e+02 4.213009999999999877e+02
2.237779999999999916e+02 4.333480000000000132e+02
2.209670000000000130e+02 4.433879999999999768e+02
2.161479999999999961e+02 4.518210000000000264e+02
2.165500000000000114e+02 4.192930000000000064e+02
2.129360000000000070e+02 4.309390000000000214e+02
2.093220000000000027e+02 4.361589999999999918e+02
2.061090000000000089e+02 4.413799999999999955e+02
