2.523129999999999882e+02 2.781480000000000246e+02
2.631549999999999727e+02 2.658910000000000196e+02
2.673980000000000246e+02 2.484490000000000123e+02
2.640980000000000132e+02 2.361930000000000121e+02
2.622119999999999891e+02 2.272359999999999900e+02
2.513700000000000045e+02 2.319499999999999886e+02
2.490130000000000052e+02 2.121510000000000105e+02
2.523129999999999882e+02 2.017800000000000011e+02
2.560840000000000032e+02 1.914079999999999870e+02
2.442990000000000066e+02 2.343069999999999879e+02
2.405269999999999868e+02 2.121510000000000105e+02
2.409989999999999952e+02 2.003650000000000091e+02
2.447700000000000102e+02 1.914079999999999870e+02
2.391129999999999995e+02 2.399639999999999986e+02
2.362849999999999966e+02 2.196930000000000121e+02
2.480699999999999932e+02 2.244070000000000107e+02
2.551409999999999911e+02 2.277069999999999936e+02
2.362849999999999966e+02 2.446779999999999973e+02
2.263849999999999909e+02 2.328930000000000007e+02
2.273280000000000030e+02 2.253499999999999943e+02
2.334559999999999889e+02 2.206359999999999957e+02
