2.763990000000000009e+02 2.562780000000000200e+02
2.875529999999999973e+02 2.464629999999999939e+02
2.978140000000000214e+02 2.317400000000000091e+02
3.022749999999999773e+02 2.170180000000000007e+02
3.085210000000000150e+02 2.040800000000000125e+02
2.839839999999999804e+02 2.174639999999999986e+02
2.875529999999999973e+02 2.031879999999999882e+02
2.875529999999999973e+02 2.014039999999999964e+02
2.897830000000000155e+02 2.058650000000000091e+02
2.763990000000000009e+02 2.183569999999999993e+02
2.755070000000000050e+02 1.956040000000000134e+02
2.804150000000000205e+02 2.022959999999999923e+02
2.826449999999999818e+02 2.076490000000000009e+02
2.683690000000000282e+02 2.201409999999999911e+02
2.665849999999999795e+02 1.996189999999999998e+02
2.723840000000000146e+02 2.049730000000000132e+02
2.763990000000000009e+02 2.107719999999999914e+02
2.612309999999999945e+02 2.237100000000000080e+02
2.585539999999999736e+02 2.067570000000000050e+02
2.652459999999999809e+02 2.103259999999999934e+02
2.665849999999999795e+02 2.161260000000000048e+02
