2.517299999999999898e+02 2.774669999999999845e+02
2.526370000000000005e+02 2.688550000000000182e+02
2.639669999999999845e+02 2.638700000000000045e+02
2.820960000000000036e+02 2.638700000000000045e+02
2.970529999999999973e+02 2.661360000000000241e+02
2.721250000000000000e+02 2.915169999999999959e+02
2.857219999999999800e+02 3.001279999999999859e+02
2.938799999999999955e+02 3.042069999999999936e+02
3.029440000000000168e+02 3.073790000000000191e+02
2.784700000000000273e+02 2.960489999999999782e+02
2.925199999999999818e+02 3.060199999999999818e+02
3.033980000000000246e+02 3.064730000000000132e+02
3.111030000000000086e+02 2.992210000000000036e+02
2.820960000000000036e+02 2.960489999999999782e+02
2.965989999999999895e+02 3.046600000000000250e+02
3.052110000000000127e+02 3.028469999999999800e+02
3.147280000000000086e+02 2.955960000000000036e+02
2.848159999999999741e+02 2.928759999999999764e+02
2.975059999999999718e+02 2.910629999999999882e+02
3.070230000000000246e+02 2.969549999999999841e+02
3.142749999999999773e+02 2.951419999999999959e+02
