2.470190000000000055e+02 3.934719999999999800e+02
2.594289999999999736e+02 3.978759999999999764e+02
2.710380000000000109e+02 4.038799999999999955e+02
2.742400000000000091e+02 4.158890000000000100e+02
2.754409999999999741e+02 4.282989999999999782e+02
2.566270000000000095e+02 4.098849999999999909e+02
2.530240000000000009e+02 4.250960000000000036e+02
2.522230000000000132e+02 4.355040000000000191e+02
2.474199999999999875e+02 4.443109999999999786e+02
2.438170000000000073e+02 4.118860000000000241e+02
2.426160000000000139e+02 4.250960000000000036e+02
2.394130000000000109e+02 4.363050000000000068e+02
2.358110000000000070e+02 4.455120000000000005e+02
2.342090000000000032e+02 4.122869999999999777e+02
2.330089999999999861e+02 4.218940000000000055e+02
2.282050000000000125e+02 4.327019999999999982e+02
2.246020000000000039e+02 4.435110000000000241e+02
2.262030000000000030e+02 4.126870000000000118e+02
2.189979999999999905e+02 4.218940000000000055e+02
2.141939999999999884e+02 4.278990000000000009e+02
2.105910000000000082e+02 4.331030000000000086e+02
