2.402870000000000061e+02 4.165649999999999977e+02
2.543590000000000089e+02 4.199759999999999991e+02
2.675790000000000077e+02 4.285049999999999955e+02
2.735489999999999782e+02 4.434300000000000068e+02
2.846360000000000241e+02 4.502529999999999859e+02
2.535070000000000050e+02 4.438570000000000277e+02
2.539329999999999927e+02 4.511059999999999945e+02
2.569180000000000064e+02 4.609139999999999873e+02
2.564920000000000186e+02 4.711480000000000246e+02
2.394339999999999975e+02 4.417239999999999895e+02
2.385809999999999889e+02 4.502529999999999859e+02
2.368760000000000048e+02 4.604870000000000232e+02
2.347439999999999998e+02 4.707219999999999800e+02
2.291999999999999886e+02 4.425769999999999982e+02
2.262150000000000034e+02 4.498269999999999982e+02
2.223770000000000095e+02 4.609139999999999873e+02
2.193919999999999959e+02 4.707219999999999800e+02
2.181129999999999995e+02 4.417239999999999895e+02
2.100099999999999909e+02 4.472679999999999723e+02
2.023350000000000080e+02 4.532379999999999995e+02
1.959379999999999882e+02 4.596349999999999909e+02
