2.180169999999999959e+02 3.950190000000000055e+02
2.301430000000000007e+02 3.980500000000000114e+02
2.422700000000000102e+02 4.045459999999999923e+02
2.465999999999999943e+02 4.184049999999999727e+02
2.552620000000000005e+02 4.270659999999999741e+02
2.297100000000000080e+02 4.145070000000000050e+02
2.292769999999999868e+02 4.287989999999999782e+02
2.284110000000000014e+02 4.387590000000000146e+02
2.253799999999999955e+02 4.456890000000000214e+02
2.193160000000000025e+02 4.145070000000000050e+02
2.184499999999999886e+02 4.274990000000000236e+02
2.167179999999999893e+02 4.378929999999999723e+02
2.145529999999999973e+02 4.465550000000000068e+02
2.106550000000000011e+02 4.127749999999999773e+02
2.084900000000000091e+02 4.253340000000000032e+02
2.080560000000000116e+02 4.357280000000000086e+02
2.067570000000000050e+02 4.439560000000000173e+02
2.006939999999999884e+02 4.119089999999999918e+02
1.985289999999999964e+02 4.236019999999999754e+02
1.976630000000000109e+02 4.296650000000000205e+02
1.967959999999999923e+02 4.361610000000000014e+02
