2.166630000000000109e+02 3.992810000000000059e+02
2.305250000000000057e+02 4.070790000000000077e+02
2.474199999999999875e+02 4.122769999999999868e+02
2.617149999999999750e+02 4.187749999999999773e+02
2.755769999999999982e+02 4.213740000000000236e+02
2.101649999999999920e+02 4.265720000000000027e+02
2.023679999999999950e+02 4.348029999999999973e+02
1.958700000000000045e+02 4.417339999999999804e+02
1.893720000000000141e+02 4.486650000000000205e+02
2.028009999999999877e+02 4.248389999999999986e+02
1.924039999999999964e+02 4.304710000000000036e+02
1.824410000000000025e+02 4.382679999999999723e+02
1.737769999999999868e+02 4.443330000000000268e+02
1.989019999999999868e+02 4.209409999999999741e+02
1.867729999999999961e+02 4.252730000000000246e+02
1.768089999999999975e+02 4.309039999999999964e+02
1.681459999999999866e+02 4.352359999999999900e+02
1.954370000000000118e+02 4.144429999999999836e+02
1.854730000000000132e+02 4.222400000000000091e+02
1.763760000000000048e+02 4.283050000000000068e+02
1.724780000000000086e+02 4.304710000000000036e+02
