2.224530000000000030e+02 3.977760000000000105e+02
2.355509999999999877e+02 4.014599999999999795e+02
2.453750000000000000e+02 4.129209999999999923e+02
2.392350000000000136e+02 4.231539999999999964e+02
2.347330000000000041e+02 4.342049999999999841e+02
2.232719999999999914e+02 4.133299999999999841e+02
2.204060000000000059e+02 4.305219999999999914e+02
2.159039999999999964e+02 4.403450000000000273e+02
2.081270000000000095e+02 4.477130000000000223e+02
2.130389999999999873e+02 4.133299999999999841e+02
2.097640000000000100e+02 4.297029999999999745e+02
2.032150000000000034e+02 4.403450000000000273e+02
1.970749999999999886e+02 4.473039999999999736e+02
2.032150000000000034e+02 4.125120000000000005e+02
1.999399999999999977e+02 4.272470000000000141e+02
1.946189999999999998e+02 4.374800000000000182e+02
1.901169999999999902e+02 4.452570000000000050e+02
1.950289999999999964e+02 4.133299999999999841e+02
1.901169999999999902e+02 4.256100000000000136e+02
1.856140000000000043e+02 4.321589999999999918e+02
1.811119999999999948e+02 4.374800000000000182e+02
