2.587189999999999941e+02 2.466210000000000093e+02
2.711259999999999764e+02 2.386450000000000102e+02
2.848620000000000232e+02 2.253520000000000039e+02
2.985989999999999895e+02 2.160469999999999970e+02
3.101200000000000045e+02 2.102860000000000014e+02
2.777730000000000246e+02 2.062980000000000018e+02
2.901800000000000068e+02 1.930049999999999955e+02
2.994850000000000136e+02 1.828129999999999882e+02
3.056890000000000214e+02 1.721790000000000020e+02
2.733419999999999845e+02 2.071839999999999975e+02
2.861920000000000073e+02 1.930049999999999955e+02
2.981560000000000059e+02 1.823700000000000045e+02
3.043589999999999804e+02 1.721790000000000020e+02
2.693539999999999850e+02 2.107290000000000134e+02
2.782160000000000082e+02 2.000949999999999989e+02
2.822040000000000077e+02 1.921189999999999998e+02
2.861920000000000073e+02 1.828129999999999882e+02
2.693539999999999850e+02 2.169329999999999927e+02
2.715690000000000168e+02 2.076279999999999859e+02
2.773299999999999841e+02 2.027529999999999859e+02
2.808740000000000236e+02 1.974360000000000070e+02
