2.713260000000000218e+02 2.581990000000000123e+02
2.798369999999999891e+02 2.434159999999999968e+02
2.865570000000000164e+02 2.237050000000000125e+02
2.901410000000000196e+02 2.071299999999999955e+02
2.928290000000000077e+02 1.936910000000000025e+02
2.816290000000000191e+02 2.111620000000000061e+02
2.829730000000000132e+02 1.927949999999999875e+02
2.856610000000000014e+02 1.811469999999999914e+02
2.852130000000000223e+02 1.699480000000000075e+02
2.784929999999999950e+02 2.160900000000000034e+02
2.784929999999999950e+02 1.950349999999999966e+02
2.767010000000000218e+02 1.829389999999999930e+02
2.753570000000000277e+02 1.717400000000000091e+02
2.753570000000000277e+02 2.237050000000000125e+02
2.726700000000000159e+02 2.053379999999999939e+02
2.717740000000000009e+02 1.932429999999999950e+02
2.717740000000000009e+02 1.824910000000000139e+02
2.722219999999999800e+02 2.326649999999999920e+02
2.686379999999999768e+02 2.210169999999999959e+02
2.668460000000000036e+02 2.116100000000000136e+02
2.646059999999999945e+02 2.035459999999999923e+02
