2.232390000000000043e+02 4.001109999999999900e+02
2.355730000000000075e+02 4.033999999999999773e+02
2.442069999999999936e+02 4.124449999999999932e+02
2.388629999999999995e+02 4.194350000000000023e+02
2.351620000000000061e+02 4.293020000000000209e+02
2.236500000000000057e+02 4.157339999999999804e+02
2.195389999999999873e+02 4.288910000000000196e+02
2.141939999999999884e+02 4.387579999999999814e+02
2.063820000000000050e+02 4.453369999999999891e+02
2.129600000000000080e+02 4.165570000000000164e+02
2.080269999999999868e+02 4.280690000000000168e+02
2.022709999999999866e+02 4.383469999999999800e+02
1.956920000000000073e+02 4.453369999999999891e+02
2.043259999999999934e+02 4.153229999999999791e+02
1.977479999999999905e+02 4.268349999999999795e+02
1.932259999999999991e+02 4.354689999999999941e+02
1.887030000000000030e+02 4.424590000000000032e+02
1.965149999999999864e+02 4.140899999999999750e+02
1.895250000000000057e+02 4.247799999999999727e+02
1.845920000000000130e+02 4.297130000000000223e+02
1.800689999999999884e+02 4.354689999999999941e+02
