2.481670000000000016e+02 3.931820000000000164e+02
2.602509999999999764e+02 3.974700000000000273e+02
2.696059999999999945e+02 4.025380000000000109e+02
2.727239999999999895e+02 4.134519999999999982e+02
2.727239999999999895e+02 4.267060000000000173e+02
2.536239999999999952e+02 4.115029999999999859e+02
2.540140000000000100e+02 4.267060000000000173e+02
2.516750000000000114e+02 4.372309999999999945e+02
2.477769999999999868e+02 4.454169999999999732e+02
2.438789999999999907e+02 4.118929999999999723e+02
2.415399999999999920e+02 4.247570000000000050e+02
2.388110000000000070e+02 4.364510000000000218e+02
2.360819999999999936e+02 4.454169999999999732e+02
2.349130000000000109e+02 4.115029999999999859e+02
2.317949999999999875e+02 4.235869999999999891e+02
2.282860000000000014e+02 4.329429999999999836e+02
2.255579999999999927e+02 4.422980000000000018e+02
2.255579999999999927e+02 4.111139999999999759e+02
2.208799999999999955e+02 4.208589999999999804e+02
2.162019999999999982e+02 4.270960000000000036e+02
2.111349999999999909e+02 4.325529999999999973e+02
