2.171639999999999873e+02 3.942069999999999936e+02
2.299850000000000136e+02 3.976259999999999764e+02
2.419509999999999934e+02 4.048910000000000196e+02
2.462249999999999943e+02 4.185670000000000073e+02
2.551990000000000123e+02 4.266859999999999786e+02
2.316939999999999884e+02 4.125840000000000032e+02
2.304120000000000061e+02 4.292509999999999764e+02
2.282750000000000057e+02 4.395070000000000050e+02
2.248569999999999993e+02 4.459180000000000064e+02
2.210099999999999909e+02 4.138659999999999854e+02
2.188729999999999905e+02 4.283960000000000150e+02
2.175910000000000082e+02 4.386530000000000200e+02
2.145999999999999943e+02 4.467719999999999914e+02
2.107539999999999907e+02 4.121560000000000059e+02
2.090440000000000111e+02 4.254039999999999964e+02
2.077620000000000005e+02 4.356610000000000014e+02
2.069070000000000107e+02 4.442080000000000268e+02
2.009240000000000066e+02 4.117289999999999850e+02
1.992150000000000034e+02 4.224130000000000109e+02
1.975049999999999955e+02 4.292509999999999764e+02
1.970780000000000030e+02 4.360880000000000223e+02
