2.390480000000000018e+02 4.004049999999999727e+02
2.535029999999999859e+02 4.064279999999999973e+02
2.647459999999999809e+02 4.132540000000000191e+02
2.667529999999999859e+02 4.244970000000000141e+02
2.671549999999999727e+02 4.369440000000000168e+02
2.482829999999999870e+02 4.220880000000000223e+02
2.478810000000000002e+02 4.361410000000000196e+02
2.478810000000000002e+02 4.445729999999999791e+02
2.442680000000000007e+02 4.534069999999999823e+02
2.362369999999999948e+02 4.216859999999999786e+02
2.346310000000000002e+02 4.357400000000000091e+02
2.314190000000000111e+02 4.461789999999999736e+02
2.261990000000000123e+02 4.542099999999999795e+02
2.266009999999999991e+02 4.200799999999999841e+02
2.245929999999999893e+02 4.333299999999999841e+02
2.213810000000000002e+02 4.433690000000000282e+02
2.165620000000000118e+02 4.526039999999999850e+02
2.169639999999999986e+02 4.188759999999999764e+02
2.129490000000000123e+02 4.305199999999999818e+02
2.097369999999999948e+02 4.353380000000000223e+02
2.061229999999999905e+02 4.413609999999999900e+02
