2.394180000000000064e+02 4.005969999999999800e+02
2.533060000000000116e+02 4.065489999999999782e+02
2.656070000000000277e+02 4.152789999999999964e+02
2.656070000000000277e+02 4.251990000000000123e+02
2.667980000000000018e+02 4.371030000000000086e+02
2.473540000000000134e+02 4.251990000000000123e+02
2.481479999999999961e+02 4.359119999999999777e+02
2.477510000000000048e+02 4.446419999999999959e+02
2.445759999999999934e+02 4.533720000000000141e+02
2.358470000000000084e+02 4.232149999999999750e+02
2.342589999999999861e+02 4.359119999999999777e+02
2.314819999999999993e+02 4.466259999999999764e+02
2.259259999999999877e+02 4.537690000000000055e+02
2.259259999999999877e+02 4.224209999999999923e+02
2.239420000000000073e+02 4.339279999999999973e+02
2.211649999999999920e+02 4.430550000000000068e+02
2.164029999999999916e+02 4.517850000000000250e+02
2.164029999999999916e+02 4.208340000000000032e+02
2.128319999999999936e+02 4.315480000000000018e+02
2.092609999999999957e+02 4.375000000000000000e+02
2.056889999999999930e+02 4.414680000000000177e+02
