2.453429999999999893e+02 3.968369999999999891e+02
2.575760000000000218e+02 4.007830000000000155e+02
2.690199999999999818e+02 4.059130000000000109e+02
2.717819999999999823e+02 4.181460000000000150e+02
2.749390000000000214e+02 4.295899999999999750e+02
2.536299999999999955e+02 4.126220000000000141e+02
2.536299999999999955e+02 4.288009999999999877e+02
2.512620000000000005e+02 4.390609999999999786e+02
2.485000000000000000e+02 4.465590000000000259e+02
2.413959999999999866e+02 4.138050000000000068e+02
2.410020000000000095e+02 4.284060000000000059e+02
2.386339999999999861e+02 4.382719999999999914e+02
2.366610000000000014e+02 4.473480000000000132e+02
2.315310000000000059e+02 4.149889999999999759e+02
2.303470000000000084e+02 4.260389999999999873e+02
2.279790000000000134e+02 4.359039999999999964e+02
2.260060000000000002e+02 4.449809999999999945e+02
2.216649999999999920e+02 4.145950000000000273e+02
2.169300000000000068e+02 4.252490000000000236e+02
2.129840000000000089e+02 4.311689999999999827e+02
2.098269999999999982e+02 4.355099999999999909e+02
