2.407090000000000032e+02 4.174159999999999968e+02
2.573319999999999936e+02 4.229569999999999936e+02
2.705439999999999827e+02 4.314809999999999945e+02
2.777900000000000205e+02 4.442669999999999959e+02
2.884449999999999932e+02 4.498079999999999927e+02
2.552009999999999934e+02 4.378740000000000236e+02
2.539219999999999970e+02 4.506610000000000014e+02
2.556270000000000095e+02 4.617420000000000186e+02
2.573319999999999936e+02 4.732500000000000000e+02
2.402829999999999870e+02 4.408580000000000041e+02
2.394310000000000116e+02 4.515129999999999768e+02
2.377259999999999991e+02 4.617420000000000186e+02
2.368739999999999952e+02 4.719710000000000036e+02
2.300540000000000020e+02 4.412839999999999918e+02
2.270709999999999980e+02 4.510869999999999891e+02
2.232350000000000136e+02 4.608899999999999864e+02
2.206779999999999973e+02 4.719710000000000036e+02
2.185459999999999923e+02 4.412839999999999918e+02
2.100219999999999914e+02 4.485299999999999727e+02
2.027769999999999868e+02 4.549230000000000018e+02
1.985140000000000100e+02 4.617420000000000186e+02
