2.478300000000000125e+02 3.017479999999999905e+02
2.539660000000000082e+02 2.956109999999999900e+02
2.658299999999999841e+02 2.947930000000000064e+02
2.789200000000000159e+02 2.886569999999999823e+02
2.924200000000000159e+02 2.853840000000000146e+02
2.695120000000000005e+02 3.177019999999999982e+02
2.846469999999999914e+02 3.320199999999999818e+02
2.981469999999999914e+02 3.352919999999999732e+02
3.083740000000000236e+02 3.373380000000000223e+02
2.736019999999999754e+02 3.246560000000000059e+02
2.891469999999999914e+02 3.344739999999999895e+02
3.030559999999999832e+02 3.344739999999999895e+02
3.141009999999999991e+02 3.295649999999999977e+02
2.776929999999999836e+02 3.254739999999999895e+02
2.911929999999999836e+02 3.328380000000000223e+02
3.038740000000000236e+02 3.328380000000000223e+02
3.141009999999999991e+02 3.291560000000000059e+02
2.789200000000000159e+02 3.230199999999999818e+02
2.911929999999999836e+02 3.283380000000000223e+02
2.993740000000000236e+02 3.279289999999999736e+02
3.075559999999999832e+02 3.250649999999999977e+02
