2.345780000000000030e+02 4.042350000000000136e+02
2.482460000000000093e+02 4.094610000000000127e+02
2.607080000000000268e+02 4.170989999999999895e+02
2.663360000000000127e+02 4.343849999999999909e+02
2.779940000000000282e+02 4.380029999999999859e+02
2.478439999999999941e+02 4.235310000000000059e+02
2.522659999999999911e+02 4.408170000000000073e+02
2.550800000000000125e+02 4.484549999999999841e+02
2.570899999999999750e+02 4.589080000000000155e+02
2.353820000000000050e+02 4.239329999999999927e+02
2.381959999999999980e+02 4.412189999999999941e+02
2.385980000000000132e+02 4.504649999999999750e+02
2.398040000000000020e+02 4.609180000000000064e+02
2.253319999999999936e+02 4.259429999999999836e+02
2.261359999999999957e+02 4.388070000000000164e+02
2.257340000000000089e+02 4.500629999999999882e+02
2.265380000000000109e+02 4.593100000000000023e+02
2.156829999999999927e+02 4.295609999999999786e+02
2.128689999999999998e+02 4.396109999999999900e+02
2.096529999999999916e+02 4.448369999999999891e+02
2.076430000000000007e+02 4.500629999999999882e+02
