2.580899999999999750e+02 3.705749999999999886e+02
2.646070000000000277e+02 3.624279999999999973e+02
2.584970000000000141e+02 3.766850000000000023e+02
2.723469999999999800e+02 3.689460000000000264e+02
2.813079999999999927e+02 3.750559999999999832e+02
2.878260000000000218e+02 3.681309999999999718e+02
2.723469999999999800e+02 3.648720000000000141e+02
2.751979999999999791e+02 3.701680000000000064e+02
2.980090000000000146e+02 3.795369999999999777e+02
2.906770000000000209e+02 3.677239999999999895e+02
2.951580000000000155e+02 3.754630000000000223e+02
3.020830000000000268e+02 3.815729999999999791e+02
3.069710000000000036e+02 3.876840000000000259e+02
2.910849999999999795e+02 3.677239999999999895e+02
2.984169999999999732e+02 3.750559999999999832e+02
3.033050000000000068e+02 3.811659999999999968e+02
3.077860000000000014e+02 3.876840000000000259e+02
2.939359999999999786e+02 3.652799999999999727e+02
3.004529999999999745e+02 3.685389999999999873e+02
3.037119999999999891e+02 3.685389999999999873e+02
3.081929999999999836e+02 3.709830000000000041e+02
