2.422299999999999898e+02 2.844599999999999795e+02
2.498660000000000139e+02 2.727810000000000059e+02
2.655869999999999891e+02 2.651449999999999818e+02
2.795120000000000005e+02 2.570600000000000023e+02
2.907409999999999854e+02 2.480769999999999982e+02
2.664859999999999900e+02 2.916469999999999914e+02
2.840040000000000191e+02 3.046730000000000018e+02
2.988260000000000218e+02 3.046730000000000018e+02
3.109540000000000077e+02 3.015289999999999964e+02
2.682819999999999823e+02 3.010799999999999841e+02
2.875969999999999800e+02 3.114110000000000014e+02
3.046659999999999968e+02 3.073679999999999950e+02
3.154460000000000264e+02 3.024270000000000209e+02
2.691809999999999832e+02 3.046730000000000018e+02
2.871480000000000246e+02 3.127579999999999814e+02
3.015219999999999914e+02 3.096139999999999759e+02
3.118530000000000086e+02 3.060210000000000150e+02
2.714270000000000209e+02 3.060210000000000150e+02
2.862500000000000000e+02 3.105120000000000005e+02
2.970299999999999727e+02 3.105120000000000005e+02
3.046659999999999968e+02 3.096139999999999759e+02
