2.345159999999999911e+02 4.035740000000000123e+02
2.498559999999999945e+02 4.129479999999999791e+02
2.664739999999999895e+02 4.201920000000000073e+02
2.826659999999999968e+02 4.291399999999999864e+02
2.971539999999999964e+02 4.338279999999999745e+02
2.413329999999999984e+02 4.346800000000000068e+02
2.519859999999999900e+02 4.436279999999999859e+02
2.588039999999999736e+02 4.517239999999999895e+02
2.149139999999999873e+02 4.649340000000000259e+02
2.264190000000000111e+02 4.355319999999999823e+02
2.080970000000000084e+02 4.414979999999999905e+02
1.974439999999999884e+02 4.512980000000000018e+02
1.872170000000000130e+02 4.581159999999999854e+02
2.174710000000000036e+02 4.329750000000000227e+02
1.961649999999999920e+02 4.359580000000000268e+02
1.838079999999999927e+02 4.402189999999999941e+02
1.723029999999999973e+02 4.444800000000000182e+02
2.085229999999999961e+02 4.299929999999999950e+02
1.953129999999999882e+02 4.346800000000000068e+02
1.842340000000000089e+02 4.397930000000000064e+02
1.723029999999999973e+02 4.440539999999999736e+02
