2.405639999999999930e+02 4.122400000000000091e+02
2.543129999999999882e+02 4.174970000000000141e+02
2.668480000000000132e+02 4.235629999999999882e+02
2.700830000000000268e+02 4.377160000000000082e+02
2.757440000000000282e+02 4.498469999999999800e+02
2.494600000000000080e+02 4.332679999999999723e+02
2.482470000000000141e+02 4.494420000000000073e+02
2.470339999999999918e+02 4.599560000000000173e+02
2.433950000000000102e+02 4.692570000000000050e+02
2.369250000000000114e+02 4.324590000000000032e+02
2.349029999999999916e+02 4.474209999999999923e+02
2.316680000000000064e+02 4.603600000000000136e+02
2.268160000000000025e+02 4.696610000000000014e+02
2.276239999999999952e+02 4.308410000000000082e+02
2.251980000000000075e+02 4.445899999999999750e+02
2.239850000000000136e+02 4.563170000000000073e+02
2.183240000000000123e+02 4.660219999999999914e+02
2.175149999999999864e+02 4.304370000000000118e+02
2.150889999999999986e+02 4.409510000000000218e+02
2.122580000000000098e+02 4.494420000000000073e+02
2.090229999999999961e+02 4.563170000000000073e+02
