2.516589999999999918e+02 3.956809999999999832e+02
2.639399999999999977e+02 3.993659999999999854e+02
2.754019999999999868e+02 4.059150000000000205e+02
2.819519999999999982e+02 4.186050000000000182e+02
2.885009999999999764e+02 4.288389999999999986e+02
2.647590000000000146e+02 4.124649999999999750e+02
2.623029999999999973e+02 4.263829999999999814e+02
2.627119999999999891e+02 4.366170000000000186e+02
2.623029999999999973e+02 4.456220000000000141e+02
2.524780000000000086e+02 4.132839999999999918e+02
2.492030000000000030e+02 4.263829999999999814e+02
2.459290000000000020e+02 4.374350000000000023e+02
2.438820000000000050e+02 4.464409999999999741e+02
2.418350000000000080e+02 4.141019999999999754e+02
2.381510000000000105e+02 4.243360000000000127e+02
2.340569999999999879e+02 4.329329999999999927e+02
2.311920000000000073e+02 4.435760000000000218e+02
2.316009999999999991e+02 4.153299999999999841e+02
2.230049999999999955e+02 4.226990000000000123e+02
2.164550000000000125e+02 4.272019999999999982e+02
2.111330000000000098e+02 4.329329999999999927e+02
