2.386479999999999961e+02 3.990670000000000073e+02
2.527410000000000139e+02 4.057210000000000036e+02
2.640930000000000177e+02 4.131589999999999918e+02
2.660500000000000114e+02 4.237280000000000086e+02
2.672239999999999895e+02 4.362549999999999955e+02
2.472599999999999909e+02 4.202049999999999841e+02
2.476519999999999868e+02 4.362549999999999955e+02
2.472599999999999909e+02 4.452579999999999814e+02
2.441289999999999907e+02 4.534789999999999850e+02
2.351250000000000000e+02 4.198140000000000214e+02
2.339509999999999934e+02 4.358629999999999995e+02
2.312110000000000127e+02 4.460409999999999968e+02
2.257299999999999898e+02 4.546530000000000200e+02
2.257299999999999898e+02 4.182479999999999905e+02
2.245560000000000116e+02 4.331229999999999905e+02
2.218160000000000025e+02 4.425179999999999723e+02
2.163350000000000080e+02 4.519130000000000109e+02
2.167270000000000039e+02 4.182479999999999905e+02
2.132040000000000077e+02 4.307740000000000009e+02
2.096810000000000116e+02 4.366460000000000150e+02
2.061579999999999870e+02 4.417350000000000136e+02
