2.550360000000000014e+02 3.086870000000000118e+02
2.697730000000000246e+02 2.985559999999999832e+02
2.794429999999999836e+02 2.824379999999999882e+02
2.808249999999999886e+02 2.658600000000000136e+02
2.817459999999999809e+02 2.538870000000000005e+02
2.633260000000000218e+02 2.677019999999999982e+02
2.610230000000000246e+02 2.469790000000000134e+02
2.596410000000000196e+02 2.350060000000000002e+02
2.587200000000000273e+02 2.244149999999999920e+02
2.545759999999999934e+02 2.695439999999999827e+02
2.513520000000000039e+02 2.469790000000000134e+02
2.504310000000000116e+02 2.340850000000000080e+02
2.485889999999999986e+02 2.211910000000000025e+02
2.453660000000000139e+02 2.732280000000000086e+02
2.416819999999999879e+02 2.534259999999999877e+02
2.407609999999999957e+02 2.396109999999999900e+02
2.412210000000000036e+02 2.285589999999999975e+02
2.370769999999999982e+02 2.796750000000000114e+02
2.306299999999999955e+02 2.649390000000000214e+02
2.287880000000000109e+02 2.543470000000000084e+02
2.260250000000000057e+02 2.465190000000000055e+02
