2.512589999999999861e+02 3.944200000000000159e+02
2.650280000000000200e+02 3.984700000000000273e+02
2.771770000000000209e+02 4.065690000000000168e+02
2.816309999999999718e+02 4.195280000000000200e+02
2.881109999999999900e+02 4.288419999999999845e+02
2.605729999999999791e+02 4.187180000000000177e+02
2.613829999999999814e+02 4.272219999999999800e+02
2.617880000000000109e+02 4.369420000000000073e+02
2.617880000000000109e+02 4.454460000000000264e+02
2.496390000000000100e+02 4.166929999999999836e+02
2.480190000000000055e+02 4.264119999999999777e+02
2.455889999999999986e+02 4.373469999999999800e+02
2.427539999999999907e+02 4.458509999999999991e+02
2.403249999999999886e+02 4.166929999999999836e+02
2.391100000000000136e+02 4.235779999999999745e+02
2.326299999999999955e+02 4.337019999999999982e+02
2.297949999999999875e+02 4.430160000000000196e+02
2.301999999999999886e+02 4.158829999999999814e+02
2.229110000000000014e+02 4.227679999999999723e+02
2.164319999999999879e+02 4.272219999999999800e+02
2.107620000000000005e+02 4.324870000000000232e+02
