2.437779999999999916e+02 3.934610000000000127e+02
2.568029999999999973e+02 3.993820000000000050e+02
2.686440000000000055e+02 4.056970000000000027e+02
2.729859999999999900e+02 4.175380000000000109e+02
2.761440000000000055e+02 4.301689999999999827e+02
2.528559999999999945e+02 4.131960000000000264e+02
2.528559999999999945e+02 4.293790000000000191e+02
2.512769999999999868e+02 4.392470000000000141e+02
2.489089999999999918e+02 4.467459999999999809e+02
2.410149999999999864e+02 4.139859999999999900e+02
2.410149999999999864e+02 4.278000000000000114e+02
2.386469999999999914e+02 4.384569999999999936e+02
2.362789999999999964e+02 4.479300000000000068e+02
2.319370000000000118e+02 4.139859999999999900e+02
2.311479999999999961e+02 4.262219999999999800e+02
2.275960000000000036e+02 4.360889999999999986e+02
2.252270000000000039e+02 4.455620000000000118e+02
2.220699999999999932e+02 4.135910000000000082e+02
2.181229999999999905e+02 4.242479999999999905e+02
2.133859999999999957e+02 4.305629999999999882e+02
2.094389999999999930e+02 4.360889999999999986e+02
