2.486189999999999998e+02 3.001490000000000009e+02
2.522059999999999889e+02 2.933740000000000236e+02
2.605749999999999886e+02 2.873960000000000150e+02
2.697409999999999854e+02 2.786279999999999859e+02
2.729300000000000068e+02 2.674689999999999941e+02
2.801030000000000086e+02 3.148940000000000055e+02
2.928559999999999945e+02 3.292409999999999854e+02
3.012250000000000227e+02 3.407989999999999782e+02
3.032180000000000177e+02 3.503629999999999995e+02
2.844870000000000232e+02 3.180819999999999936e+02
2.980369999999999777e+02 3.344220000000000255e+02
3.020219999999999914e+02 3.447839999999999918e+02
3.048120000000000118e+02 3.539499999999999886e+02
2.848849999999999909e+02 3.208720000000000141e+02
2.952470000000000141e+02 3.344220000000000255e+02
2.988340000000000032e+02 3.463779999999999859e+02
3.008269999999999982e+02 3.563410000000000082e+02
2.824940000000000282e+02 3.232629999999999768e+02
2.916610000000000014e+02 3.344220000000000255e+02
2.940520000000000209e+02 3.431899999999999977e+02
2.952470000000000141e+02 3.503629999999999995e+02
