2.765240000000000009e+02 2.573199999999999932e+02
2.875500000000000114e+02 2.476169999999999902e+02
2.981340000000000146e+02 2.321810000000000116e+02
3.038679999999999950e+02 2.163040000000000020e+02
3.087189999999999941e+02 2.048369999999999891e+02
2.835799999999999841e+02 2.176270000000000095e+02
2.866669999999999732e+02 2.021910000000000025e+02
2.840210000000000150e+02 1.986630000000000109e+02
2.866669999999999732e+02 2.083650000000000091e+02
2.756419999999999959e+02 2.193909999999999911e+02
2.725539999999999736e+02 1.955749999999999886e+02
2.791700000000000159e+02 2.017500000000000000e+02
2.804929999999999950e+02 2.066009999999999991e+02
2.663799999999999955e+02 2.207139999999999986e+02
2.646159999999999854e+02 2.004269999999999925e+02
2.694669999999999845e+02 2.052779999999999916e+02
2.729959999999999809e+02 2.105699999999999932e+02
2.597649999999999864e+02 2.246829999999999927e+02
2.557949999999999875e+02 2.088060000000000116e+02
2.619700000000000273e+02 2.101289999999999907e+02
2.654979999999999905e+02 2.189499999999999886e+02
