2.537450000000000045e+02 2.838340000000000032e+02
2.652379999999999995e+02 2.718799999999999955e+02
2.758120000000000118e+02 2.562490000000000236e+02
2.840880000000000223e+02 2.475130000000000052e+02
2.946619999999999777e+02 2.415370000000000061e+02
2.578820000000000050e+02 2.378590000000000089e+02
2.537450000000000045e+02 2.176299999999999955e+02
2.578820000000000050e+02 2.070550000000000068e+02
2.615600000000000023e+02 1.974010000000000105e+02
2.500660000000000025e+02 2.401570000000000107e+02
2.427100000000000080e+02 2.199279999999999973e+02
2.376529999999999916e+02 2.079749999999999943e+02
2.330560000000000116e+02 1.987800000000000011e+02
2.436299999999999955e+02 2.438350000000000080e+02
2.385730000000000075e+02 2.245260000000000105e+02
2.358139999999999930e+02 2.125720000000000027e+02
2.321359999999999957e+02 2.010790000000000077e+02
2.394919999999999902e+02 2.502719999999999914e+02
2.293779999999999859e+02 2.369389999999999930e+02
2.238609999999999900e+02 2.291229999999999905e+02
2.169639999999999986e+02 2.213079999999999927e+02
