2.677649999999999864e+02 2.571299999999999955e+02
2.709669999999999845e+02 2.493530000000000086e+02
2.782869999999999777e+02 2.337990000000000066e+02
2.828609999999999900e+02 2.100099999999999909e+02
2.888090000000000259e+02 2.241920000000000073e+02
2.833190000000000168e+02 2.205320000000000107e+02
2.938410000000000082e+02 2.013180000000000121e+02
2.979580000000000268e+02 1.862210000000000036e+02
2.993310000000000173e+02 1.724970000000000141e+02
2.851490000000000009e+02 2.223619999999999948e+02
2.910960000000000036e+02 1.990310000000000059e+02
2.933829999999999814e+02 1.830190000000000055e+02
2.915539999999999736e+02 1.683789999999999907e+02
2.846909999999999741e+02 2.246490000000000009e+02
2.888090000000000259e+02 2.036049999999999898e+02
2.897239999999999895e+02 1.875939999999999941e+02
2.897239999999999895e+02 1.752419999999999902e+02
2.856059999999999945e+02 2.292239999999999895e+02
2.897239999999999895e+02 2.141270000000000095e+02
2.837760000000000105e+02 2.022330000000000041e+02
2.833190000000000168e+02 1.926260000000000048e+02
