2.464550000000000125e+02 2.996859999999999786e+02
2.515449999999999875e+02 2.928999999999999773e+02
2.613000000000000114e+02 2.895070000000000050e+02
2.744479999999999791e+02 2.835690000000000168e+02
2.871730000000000018e+02 2.793279999999999745e+02
2.646929999999999836e+02 3.119859999999999900e+02
2.803860000000000241e+02 3.264069999999999823e+02
2.867490000000000236e+02 3.281039999999999850e+02
2.926859999999999786e+02 3.302239999999999895e+02
2.697830000000000155e+02 3.200450000000000159e+02
2.880210000000000150e+02 3.302239999999999895e+02
3.007450000000000045e+02 3.285280000000000200e+02
3.117730000000000246e+02 3.234379999999999882e+02
2.761449999999999818e+02 3.221659999999999968e+02
2.918380000000000223e+02 3.289519999999999982e+02
3.028659999999999854e+02 3.268310000000000173e+02
3.130450000000000159e+02 3.221659999999999968e+02
2.791139999999999759e+02 3.208929999999999723e+02
2.922620000000000005e+02 3.242860000000000014e+02
3.015930000000000177e+02 3.238620000000000232e+02
3.062590000000000146e+02 3.191970000000000027e+02
