2.171819999999999879e+02 3.939289999999999736e+02
2.294070000000000107e+02 3.960369999999999777e+02
2.407889999999999873e+02 4.023600000000000136e+02
2.466910000000000025e+02 4.166929999999999836e+02
2.542789999999999964e+02 4.263890000000000100e+02
2.315149999999999864e+02 4.124780000000000086e+02
2.302500000000000000e+02 4.289180000000000064e+02
2.277210000000000036e+02 4.381920000000000073e+02
2.243489999999999895e+02 4.453589999999999804e+02
2.209759999999999991e+02 4.141639999999999873e+02
2.188679999999999950e+02 4.276530000000000200e+02
2.171819999999999879e+02 4.386139999999999759e+02
2.150749999999999886e+02 4.466229999999999905e+02
2.108590000000000089e+02 4.124780000000000086e+02
2.091730000000000018e+02 4.259669999999999845e+02
2.074869999999999948e+02 4.356630000000000109e+02
2.070649999999999977e+02 4.445149999999999864e+02
2.028499999999999943e+02 4.120559999999999832e+02
2.003199999999999932e+02 4.225950000000000273e+02
1.977909999999999968e+02 4.293399999999999750e+02
1.969480000000000075e+02 4.360840000000000032e+02
