2.325649999999999977e+02 4.032939999999999827e+02
2.473240000000000123e+02 4.079329999999999927e+02
2.612400000000000091e+02 4.163670000000000186e+02
2.608179999999999836e+02 4.294390000000000214e+02
2.637699999999999818e+02 4.399809999999999945e+02
2.473240000000000123e+02 4.159449999999999932e+02
2.490109999999999957e+02 4.231129999999999995e+02
2.515409999999999968e+02 4.433539999999999850e+02
2.536490000000000009e+02 4.564259999999999877e+02
2.350949999999999989e+02 4.167880000000000109e+02
2.376250000000000000e+02 4.252219999999999800e+02
2.401550000000000011e+02 4.441979999999999791e+02
2.414199999999999875e+02 4.593779999999999859e+02
2.245529999999999973e+02 4.201619999999999777e+02
2.275049999999999955e+02 4.273299999999999841e+02
2.308779999999999859e+02 4.433539999999999850e+02
2.308779999999999859e+02 4.564259999999999877e+02
2.173849999999999909e+02 4.264870000000000232e+02
2.211800000000000068e+02 4.323910000000000196e+02
2.262400000000000091e+02 4.412459999999999809e+02
2.279269999999999925e+02 4.458840000000000146e+02
