2.175449999999999875e+02 3.927010000000000218e+02
2.305159999999999911e+02 3.973029999999999973e+02
2.418129999999999882e+02 4.044159999999999968e+02
2.472520000000000095e+02 4.178050000000000068e+02
2.547829999999999870e+02 4.270099999999999909e+02
2.317709999999999866e+02 4.144580000000000268e+02
2.309339999999999975e+02 4.299390000000000214e+02
2.280060000000000002e+02 4.387250000000000227e+02
2.246579999999999870e+02 4.450009999999999764e+02
2.213110000000000070e+02 4.144580000000000268e+02
2.183820000000000050e+02 4.278469999999999800e+02
2.175449999999999875e+02 4.378879999999999768e+02
2.146169999999999902e+02 4.475120000000000005e+02
2.116879999999999882e+02 4.119470000000000027e+02
2.083410000000000082e+02 4.249180000000000064e+02
2.079219999999999970e+02 4.345409999999999968e+02
2.070850000000000080e+02 4.441639999999999873e+02
2.016459999999999866e+02 4.106920000000000073e+02
1.995540000000000020e+02 4.207339999999999804e+02
1.978799999999999955e+02 4.282649999999999864e+02
1.970440000000000111e+02 4.370509999999999877e+02
