2.546090000000000089e+02 2.802660000000000196e+02
2.652599999999999909e+02 2.691510000000000105e+02
2.717440000000000282e+02 2.520159999999999911e+02
2.726700000000000159e+02 2.427539999999999907e+02
2.759119999999999777e+02 2.334910000000000139e+02
2.536819999999999879e+02 2.399749999999999943e+02
2.610919999999999845e+02 2.246920000000000073e+02
2.675760000000000218e+02 2.283969999999999914e+02
2.735969999999999800e+02 2.330279999999999916e+02
2.467359999999999900e+02 2.390490000000000066e+02
2.495140000000000100e+02 2.186709999999999923e+02
2.504410000000000025e+02 2.033880000000000052e+02
2.522930000000000064e+02 1.918110000000000070e+02
2.416409999999999911e+02 2.432170000000000130e+02
2.397889999999999873e+02 2.256179999999999950e+02
2.467359999999999900e+02 2.182079999999999984e+02
2.536819999999999879e+02 2.131140000000000043e+02
2.365469999999999970e+02 2.483110000000000070e+02
2.282110000000000127e+02 2.367330000000000041e+02
2.231169999999999902e+02 2.288600000000000136e+02
2.166330000000000098e+02 2.219130000000000109e+02
