2.411819999999999879e+02 4.123349999999999795e+02
2.573380000000000223e+02 4.182450000000000045e+02
2.699470000000000027e+02 4.277019999999999982e+02
2.715230000000000246e+02 4.391290000000000191e+02
2.762509999999999764e+02 4.505559999999999832e+02
2.522150000000000034e+02 4.332189999999999941e+02
2.494569999999999936e+02 4.489800000000000182e+02
2.482750000000000057e+02 4.608009999999999877e+02
2.447290000000000134e+02 4.698639999999999759e+02
2.380300000000000011e+02 4.324309999999999832e+02
2.352719999999999914e+02 4.470099999999999909e+02
2.321189999999999998e+02 4.604069999999999823e+02
2.266030000000000086e+02 4.702579999999999814e+02
2.281790000000000020e+02 4.304599999999999795e+02
2.242390000000000043e+02 4.450400000000000205e+02
2.234509999999999934e+02 4.568609999999999900e+02
2.191160000000000139e+02 4.667119999999999891e+02
2.175399999999999920e+02 4.304599999999999795e+02
2.143880000000000052e+02 4.422810000000000059e+02
2.112359999999999900e+02 4.505559999999999832e+02
2.072949999999999875e+02 4.568609999999999900e+02
