2.224650000000000034e+02 3.988179999999999836e+02
2.348139999999999930e+02 4.031990000000000123e+02
2.447719999999999914e+02 4.127590000000000146e+02
2.395929999999999893e+02 4.227169999999999845e+02
2.348139999999999930e+02 4.350659999999999741e+02
2.228640000000000043e+02 4.143530000000000086e+02
2.212700000000000102e+02 4.306840000000000259e+02
2.160920000000000130e+02 4.402440000000000282e+02
2.093209999999999980e+02 4.482099999999999795e+02
2.125070000000000050e+02 4.139540000000000077e+02
2.093209999999999980e+02 4.294889999999999759e+02
2.029470000000000027e+02 4.406419999999999959e+02
1.961759999999999877e+02 4.478120000000000118e+02
2.029470000000000027e+02 4.131580000000000155e+02
1.997609999999999957e+02 4.267010000000000218e+02
1.953789999999999907e+02 4.374560000000000173e+02
1.902009999999999934e+02 4.450240000000000009e+02
1.953789999999999907e+02 4.127590000000000146e+02
1.902009999999999934e+02 4.251070000000000277e+02
1.862179999999999893e+02 4.322769999999999868e+02
1.814379999999999882e+02 4.366589999999999918e+02
