2.398340000000000032e+02 4.023349999999999795e+02
2.538890000000000100e+02 4.079569999999999936e+02
2.655339999999999918e+02 4.159889999999999759e+02
2.655339999999999918e+02 4.244220000000000255e+02
2.671410000000000196e+02 4.364689999999999941e+02
2.478650000000000091e+02 4.232169999999999845e+02
2.478650000000000091e+02 4.364689999999999941e+02
2.474639999999999986e+02 4.453039999999999736e+02
2.442510000000000048e+02 4.521299999999999955e+02
2.358180000000000121e+02 4.228159999999999741e+02
2.346129999999999995e+02 4.356659999999999968e+02
2.301959999999999980e+02 4.461070000000000277e+02
2.261800000000000068e+02 4.541379999999999768e+02
2.261800000000000068e+02 4.208079999999999927e+02
2.245740000000000123e+02 4.328550000000000182e+02
2.213609999999999900e+02 4.420910000000000082e+02
2.177470000000000141e+02 4.513269999999999982e+02
2.165430000000000064e+02 4.200049999999999955e+02
2.133300000000000125e+02 4.296419999999999959e+02
2.101169999999999902e+02 4.356659999999999968e+02
2.065029999999999859e+02 4.408860000000000241e+02
