2.416750000000000114e+02 3.965570000000000164e+02
2.553079999999999927e+02 4.013690000000000282e+02
2.673369999999999891e+02 4.077839999999999918e+02
2.689409999999999741e+02 4.178090000000000259e+02
2.705450000000000159e+02 4.302389999999999759e+02
2.512980000000000018e+02 4.166059999999999945e+02
2.484919999999999902e+02 4.298380000000000223e+02
2.480910000000000082e+02 4.398620000000000232e+02
2.452839999999999918e+02 4.478820000000000050e+02
2.392690000000000055e+02 4.166059999999999945e+02
2.360610000000000070e+02 4.290360000000000014e+02
2.336550000000000011e+02 4.398620000000000232e+02
2.300469999999999970e+02 4.490849999999999795e+02
2.296459999999999866e+02 4.146009999999999991e+02
2.272400000000000091e+02 4.266299999999999955e+02
2.228290000000000077e+02 4.366549999999999727e+02
2.204230000000000018e+02 4.458770000000000095e+02
2.196210000000000093e+02 4.141999999999999886e+02
2.132059999999999889e+02 4.258279999999999745e+02
2.091959999999999980e+02 4.310409999999999968e+02
2.051860000000000070e+02 4.362540000000000191e+02
