2.403139999999999930e+02 4.160149999999999864e+02
2.548129999999999882e+02 4.198530000000000086e+02
2.667529999999999859e+02 4.266759999999999877e+02
2.727230000000000132e+02 4.433070000000000164e+02
2.833840000000000146e+02 4.501299999999999955e+02
2.535339999999999918e+02 4.445869999999999891e+02
2.543870000000000005e+02 4.514100000000000250e+02
2.565190000000000055e+02 4.607909999999999968e+02
2.556659999999999968e+02 4.706000000000000227e+02
2.386080000000000041e+02 4.433070000000000164e+02
2.386080000000000041e+02 4.501299999999999955e+02
2.377549999999999955e+02 4.603650000000000091e+02
2.351970000000000027e+02 4.706000000000000227e+02
2.283739999999999952e+02 4.424549999999999841e+02
2.258149999999999977e+02 4.497040000000000077e+02
2.215509999999999877e+02 4.590860000000000127e+02
2.189919999999999902e+02 4.706000000000000227e+02
2.181390000000000100e+02 4.416019999999999754e+02
2.091839999999999975e+02 4.471449999999999818e+02
2.010819999999999936e+02 4.526890000000000214e+02
1.955380000000000109e+02 4.573799999999999955e+02
