2.213249999999999886e+02 3.943870000000000005e+02
2.353470000000000084e+02 3.993360000000000127e+02
2.506059999999999945e+02 4.088210000000000264e+02
2.629789999999999850e+02 4.174820000000000277e+02
2.782379999999999995e+02 4.228430000000000177e+02
2.448329999999999984e+02 4.117080000000000268e+02
2.456579999999999870e+02 4.121209999999999809e+02
2.456579999999999870e+02 4.117080000000000268e+02
2.456579999999999870e+02 4.137699999999999818e+02
2.324600000000000080e+02 4.104710000000000036e+02
2.369970000000000141e+02 4.141829999999999927e+02
2.444199999999999875e+02 4.294420000000000073e+02
2.316359999999999957e+02 4.141829999999999927e+02
2.225629999999999882e+02 4.129449999999999932e+02
2.308110000000000070e+02 4.265550000000000068e+02
2.349350000000000023e+02 4.376899999999999977e+02
2.411210000000000093e+02 4.480000000000000000e+02
2.143139999999999930e+02 4.178940000000000055e+02
2.176140000000000043e+02 4.282049999999999841e+02
2.200879999999999939e+02 4.364529999999999745e+02
2.254499999999999886e+02 4.434639999999999986e+02
