2.361610000000000014e+02 4.127810000000000059e+02
2.514000000000000057e+02 4.153929999999999723e+02
2.662040000000000077e+02 4.232309999999999945e+02
2.701229999999999905e+02 4.367289999999999850e+02
2.805729999999999791e+02 4.450009999999999764e+02
2.518360000000000127e+02 4.328100000000000023e+02
2.522709999999999866e+02 4.397760000000000105e+02
2.553189999999999884e+02 4.497909999999999968e+02
2.557539999999999907e+02 4.602409999999999854e+02
2.383379999999999939e+02 4.323740000000000236e+02
2.357249999999999943e+02 4.450009999999999764e+02
2.357249999999999943e+02 4.567579999999999814e+02
2.322419999999999902e+02 4.663369999999999891e+02
2.265809999999999889e+02 4.371639999999999873e+02
2.213559999999999945e+02 4.458720000000000141e+02
2.178729999999999905e+02 4.554510000000000218e+02
2.148249999999999886e+02 4.663369999999999891e+02
2.174379999999999882e+02 4.393410000000000082e+02
2.069879999999999995e+02 4.423890000000000100e+02
1.978439999999999941e+02 4.458720000000000141e+02
1.900060000000000002e+02 4.515330000000000155e+02
