2.386330000000000098e+02 4.001190000000000282e+02
2.533449999999999989e+02 4.064809999999999945e+02
2.652740000000000009e+02 4.152289999999999850e+02
2.652740000000000009e+02 4.251689999999999827e+02
2.672620000000000005e+02 4.367010000000000218e+02
2.469830000000000041e+02 4.235790000000000077e+02
2.481759999999999877e+02 4.370980000000000132e+02
2.477779999999999916e+02 4.450509999999999877e+02
2.441999999999999886e+02 4.537989999999999782e+02
2.354519999999999982e+02 4.203980000000000246e+02
2.342589999999999861e+02 4.359060000000000059e+02
2.302829999999999870e+02 4.474370000000000118e+02
2.259089999999999918e+02 4.537989999999999782e+02
2.259089999999999918e+02 4.200000000000000000e+02
2.239199999999999875e+02 4.335199999999999818e+02
2.211370000000000005e+02 4.434610000000000127e+02
2.163650000000000091e+02 4.518109999999999786e+02
2.167630000000000052e+02 4.200000000000000000e+02
2.131839999999999975e+02 4.315319999999999823e+02
2.092079999999999984e+02 4.378940000000000055e+02
2.048340000000000032e+02 4.418700000000000045e+02
