2.390190000000000055e+02 4.004379999999999882e+02
2.529089999999999918e+02 4.075810000000000173e+02
2.660049999999999955e+02 4.147250000000000227e+02
2.664019999999999868e+02 4.242490000000000236e+02
2.667989999999999782e+02 4.365520000000000209e+02
2.481469999999999914e+02 4.218679999999999950e+02
2.477500000000000000e+02 4.361549999999999727e+02
2.477500000000000000e+02 4.456789999999999736e+02
2.441779999999999973e+02 4.540129999999999768e+02
2.354470000000000027e+02 4.202810000000000059e+02
2.346539999999999964e+02 4.361549999999999727e+02
2.310819999999999936e+02 4.464730000000000132e+02
2.259230000000000018e+02 4.548070000000000164e+02
2.259230000000000018e+02 4.194870000000000232e+02
2.239389999999999930e+02 4.333770000000000095e+02
2.207640000000000100e+02 4.429010000000000105e+02
2.163979999999999961e+02 4.524259999999999877e+02
2.163979999999999961e+02 4.198840000000000146e+02
2.124300000000000068e+02 4.321859999999999786e+02
2.088580000000000041e+02 4.373450000000000273e+02
2.052870000000000061e+02 4.425040000000000191e+02
