2.508689999999999998e+02 2.433379999999999939e+02
2.601399999999999864e+02 2.312849999999999966e+02
2.661659999999999968e+02 2.132069999999999936e+02
2.643120000000000118e+02 1.979089999999999918e+02
2.657029999999999745e+02 1.830759999999999934e+02
2.596759999999999877e+02 2.016179999999999950e+02
2.601399999999999864e+02 1.835389999999999873e+02
2.619940000000000282e+02 1.714869999999999948e+02
2.619940000000000282e+02 1.589710000000000036e+02
2.541140000000000043e+02 2.034720000000000084e+02
2.555039999999999907e+02 1.830759999999999934e+02
2.559679999999999893e+02 1.687059999999999889e+02
2.555039999999999907e+02 1.566529999999999916e+02
2.480879999999999939e+02 2.067170000000000130e+02
2.499420000000000073e+02 1.867839999999999918e+02
2.508689999999999998e+02 1.724139999999999873e+02
2.508689999999999998e+02 1.612889999999999873e+02
2.415980000000000132e+02 2.113530000000000086e+02
2.439159999999999968e+02 1.946649999999999920e+02
2.439159999999999968e+02 1.840029999999999859e+02
2.443789999999999907e+02 1.747319999999999993e+02
