2.713330000000000268e+02 2.779030000000000200e+02
2.840740000000000123e+02 2.719870000000000232e+02
2.972699999999999818e+02 2.587919999999999732e+02
3.018199999999999932e+02 2.419550000000000125e+02
3.086460000000000150e+02 2.301239999999999952e+02
2.845289999999999964e+02 2.424099999999999966e+02
2.868039999999999736e+02 2.214790000000000134e+02
2.886240000000000236e+02 2.082829999999999870e+02
2.881689999999999827e+02 1.964519999999999982e+02
2.749730000000000132e+02 2.424099999999999966e+02
2.758829999999999814e+02 2.169279999999999973e+02
2.763380000000000223e+02 2.046430000000000007e+02
2.772479999999999905e+02 1.928120000000000118e+02
2.649630000000000223e+02 2.451409999999999911e+02
2.649630000000000223e+02 2.223890000000000100e+02
2.654180000000000064e+02 2.091930000000000121e+02
2.667830000000000155e+02 1.982719999999999914e+02
2.567719999999999914e+02 2.487810000000000059e+02
2.513120000000000118e+02 2.342199999999999989e+02
2.499459999999999980e+02 2.237539999999999907e+02
2.485809999999999889e+02 2.141980000000000075e+02
