2.386150000000000091e+02 3.993729999999999905e+02
2.528420000000000130e+02 4.054700000000000273e+02
2.650369999999999777e+02 4.140070000000000050e+02
2.662570000000000050e+02 4.241689999999999827e+02
2.678829999999999814e+02 4.371770000000000209e+02
2.471510000000000105e+02 4.241689999999999827e+02
2.479639999999999986e+02 4.367699999999999818e+02
2.471510000000000105e+02 4.453070000000000164e+02
2.443060000000000116e+02 4.538430000000000177e+02
2.357700000000000102e+02 4.209169999999999732e+02
2.341440000000000055e+02 4.359569999999999936e+02
2.304850000000000136e+02 4.469329999999999927e+02
2.260140000000000100e+02 4.538430000000000177e+02
2.256069999999999993e+02 4.192909999999999968e+02
2.247940000000000111e+02 4.331120000000000232e+02
2.211359999999999957e+02 4.432740000000000009e+02
2.162580000000000098e+02 4.522169999999999845e+02
2.162580000000000098e+02 4.192909999999999968e+02
2.125989999999999895e+02 4.306730000000000018e+02
2.089410000000000025e+02 4.371770000000000209e+02
2.056889999999999930e+02 4.424610000000000127e+02
