2.576059999999999945e+02 2.735070000000000050e+02
2.717110000000000127e+02 2.612219999999999800e+02
2.853609999999999900e+02 2.457520000000000095e+02
2.921859999999999786e+02 2.307369999999999948e+02
3.003759999999999764e+02 2.189079999999999870e+02
2.694359999999999786e+02 2.280080000000000098e+02
2.712559999999999718e+02 2.070780000000000030e+02
2.721659999999999968e+02 1.947930000000000064e+02
2.721659999999999968e+02 1.838729999999999905e+02
2.594259999999999877e+02 2.289170000000000016e+02
2.585160000000000196e+02 2.057129999999999939e+02
2.576059999999999945e+02 1.929730000000000132e+02
2.571510000000000105e+02 1.806879999999999882e+02
2.503269999999999982e+02 2.311920000000000073e+02
2.494170000000000016e+02 2.102630000000000052e+02
2.485070000000000050e+02 1.984329999999999927e+02
2.494170000000000016e+02 1.875130000000000052e+02
2.425920000000000130e+02 2.361970000000000027e+02
2.366769999999999925e+02 2.207280000000000086e+02
2.344019999999999868e+02 2.125380000000000109e+02
2.312170000000000130e+02 2.043480000000000132e+02
