2.154269999999999925e+02 3.799660000000000082e+02
2.257630000000000052e+02 3.831460000000000150e+02
2.368930000000000007e+02 3.887119999999999891e+02
2.440490000000000066e+02 3.950720000000000027e+02
2.547820000000000107e+02 3.978550000000000182e+02
2.205949999999999989e+02 3.954700000000000273e+02
2.233770000000000095e+02 4.018299999999999841e+02
2.225819999999999936e+02 4.006379999999999768e+02
2.198000000000000114e+02 3.994449999999999932e+02
2.114519999999999982e+02 3.950720000000000027e+02
2.094639999999999986e+02 4.054080000000000155e+02
2.062839999999999918e+02 4.034200000000000159e+02
2.038990000000000009e+02 4.026250000000000000e+02
2.035010000000000048e+02 3.974569999999999936e+02
1.999230000000000018e+02 4.018299999999999841e+02
1.943580000000000041e+02 4.042149999999999750e+02
1.907800000000000011e+02 4.042149999999999750e+02
1.975380000000000109e+02 3.986499999999999773e+02
1.899850000000000136e+02 4.018299999999999841e+02
1.856129999999999995e+02 4.042149999999999750e+02
1.820349999999999966e+02 4.073949999999999818e+02
