2.470149999999999864e+02 3.892459999999999809e+02
2.594669999999999845e+02 3.935260000000000105e+02
2.691949999999999932e+02 4.005299999999999727e+02
2.719180000000000064e+02 4.098690000000000282e+02
2.715289999999999964e+02 4.242660000000000196e+02
2.520740000000000123e+02 4.063670000000000186e+02
2.536299999999999955e+02 4.215419999999999732e+02
2.520740000000000123e+02 4.316589999999999918e+02
2.470149999999999864e+02 4.398310000000000173e+02
2.427350000000000136e+02 4.075339999999999918e+02
2.411779999999999973e+02 4.199859999999999900e+02
2.380660000000000025e+02 4.316589999999999918e+02
2.349530000000000030e+02 4.386630000000000109e+02
2.345629999999999882e+02 4.079230000000000018e+02
2.318400000000000034e+02 4.195969999999999800e+02
2.283379999999999939e+02 4.285459999999999923e+02
2.240569999999999879e+02 4.378849999999999909e+02
2.256140000000000043e+02 4.094800000000000182e+02
2.197769999999999868e+02 4.168729999999999905e+02
2.158859999999999957e+02 4.223210000000000264e+02
2.116059999999999945e+02 4.262119999999999891e+02
