2.657559999999999718e+02 2.705289999999999964e+02
2.806909999999999741e+02 2.592149999999999750e+02
2.915529999999999973e+02 2.420159999999999911e+02
2.951739999999999782e+02 2.266289999999999907e+02
3.010579999999999927e+02 2.125980000000000132e+02
2.775230000000000246e+02 2.270809999999999889e+02
2.806909999999999741e+02 2.062620000000000005e+02
2.811440000000000055e+02 1.931370000000000005e+02
2.806909999999999741e+02 1.809170000000000016e+02
2.666610000000000014e+02 2.297969999999999970e+02
2.671139999999999759e+02 2.044519999999999982e+02
2.671139999999999759e+02 1.899689999999999941e+02
2.666610000000000014e+02 1.782019999999999982e+02
2.585149999999999864e+02 2.325120000000000005e+02
2.562520000000000095e+02 2.094300000000000068e+02
2.557990000000000066e+02 1.967580000000000098e+02
2.557990000000000066e+02 1.854430000000000121e+02
2.485579999999999927e+02 2.374910000000000139e+02
2.449370000000000118e+02 2.202920000000000016e+02
2.440320000000000107e+02 2.112410000000000139e+02
2.417690000000000055e+02 2.012839999999999918e+02
