2.548679999999999950e+02 2.814970000000000141e+02
2.661270000000000095e+02 2.669549999999999841e+02
2.745710000000000264e+02 2.472520000000000095e+02
2.806700000000000159e+02 2.298950000000000102e+02
2.858299999999999841e+02 2.181670000000000016e+02
2.590899999999999750e+02 2.331790000000000020e+02
2.572139999999999986e+02 2.130070000000000050e+02
2.548679999999999950e+02 1.984639999999999986e+02
2.511160000000000139e+02 1.872059999999999889e+02
2.511160000000000139e+02 2.364619999999999891e+02
2.450169999999999959e+02 2.134759999999999991e+02
2.407949999999999875e+02 1.989339999999999975e+02
2.356349999999999909e+02 1.876750000000000114e+02
2.440790000000000077e+02 2.402150000000000034e+02
2.370420000000000016e+02 2.191049999999999898e+02
2.332889999999999873e+02 2.069079999999999870e+02
2.300060000000000002e+02 1.956500000000000057e+02
2.393880000000000052e+02 2.477210000000000036e+02
2.300060000000000002e+02 2.331790000000000020e+02
2.253139999999999930e+02 2.252040000000000077e+02
2.187470000000000141e+02 2.167599999999999909e+02
