2.453240000000000123e+02 2.997980000000000018e+02
2.473050000000000068e+02 2.946469999999999914e+02
2.484939999999999998e+02 2.879119999999999777e+02
2.532479999999999905e+02 2.795910000000000082e+02
2.516630000000000109e+02 2.696859999999999786e+02
2.722660000000000196e+02 3.073249999999999886e+02
2.809820000000000277e+02 3.247579999999999814e+02
2.829630000000000223e+02 3.358519999999999754e+02
2.833589999999999804e+02 3.457570000000000050e+02
2.786050000000000182e+02 3.108910000000000196e+02
2.861329999999999814e+02 3.295129999999999768e+02
2.881139999999999759e+02 3.425869999999999891e+02
2.881139999999999759e+02 3.524920000000000186e+02
2.778120000000000118e+02 3.136650000000000205e+02
2.849440000000000168e+02 3.291159999999999854e+02
2.865289999999999964e+02 3.421909999999999741e+02
2.865289999999999964e+02 3.532850000000000250e+02
2.750389999999999873e+02 3.172300000000000182e+02
2.797930000000000064e+02 3.287200000000000273e+02
2.817749999999999773e+02 3.366440000000000055e+02
2.825670000000000073e+02 3.453609999999999900e+02
