2.224379999999999882e+02 3.983220000000000027e+02
2.349590000000000032e+02 4.039759999999999991e+02
2.446519999999999868e+02 4.140729999999999791e+02
2.385939999999999941e+02 4.233629999999999995e+02
2.345550000000000068e+02 4.346720000000000255e+02
2.232460000000000093e+02 4.144769999999999754e+02
2.212259999999999991e+02 4.302289999999999850e+02
2.159759999999999991e+02 4.403260000000000218e+02
2.095130000000000052e+02 4.475969999999999800e+02
2.127439999999999998e+02 4.136689999999999827e+02
2.095130000000000052e+02 4.298249999999999886e+02
2.030509999999999877e+02 4.403260000000000218e+02
1.969929999999999950e+02 4.471929999999999836e+02
2.030509999999999877e+02 4.128620000000000232e+02
1.994159999999999968e+02 4.269979999999999905e+02
1.957810000000000059e+02 4.370950000000000273e+02
1.901260000000000048e+02 4.455769999999999982e+02
1.953770000000000095e+02 4.132660000000000196e+02
1.897230000000000132e+02 4.257860000000000014e+02
1.852800000000000011e+02 4.326519999999999868e+02
1.812410000000000139e+02 4.366909999999999741e+02
