2.350399999999999920e+02 4.060880000000000223e+02
2.491009999999999991e+02 4.107749999999999773e+02
2.627350000000000136e+02 4.171659999999999968e+02
2.635869999999999891e+02 4.325049999999999955e+02
2.695520000000000209e+02 4.431560000000000059e+02
2.469699999999999989e+02 4.269660000000000082e+02
2.537870000000000061e+02 4.418779999999999859e+02
2.571960000000000264e+02 4.512520000000000095e+02
2.597520000000000095e+02 4.601990000000000123e+02
2.354660000000000082e+02 4.282440000000000282e+02
2.367439999999999998e+02 4.418779999999999859e+02
2.358919999999999959e+02 4.533820000000000050e+02
2.354660000000000082e+02 4.631820000000000164e+02
2.252400000000000091e+02 4.303740000000000236e+02
2.243880000000000052e+02 4.418779999999999859e+02
2.218319999999999936e+02 4.508260000000000218e+02
2.214060000000000059e+02 4.610520000000000209e+02
2.162930000000000064e+02 4.303740000000000236e+02
2.103280000000000030e+02 4.388960000000000150e+02
2.043629999999999995e+02 4.444350000000000023e+02
1.996759999999999877e+02 4.508260000000000218e+02
