2.227769999999999868e+02 3.997500000000000000e+02
2.400960000000000036e+02 4.063480000000000132e+02
2.541160000000000139e+02 4.125330000000000155e+02
2.681360000000000241e+02 4.191309999999999718e+02
2.829800000000000182e+02 4.199549999999999841e+02
2.289629999999999939e+02 4.228419999999999845e+02
2.227769999999999868e+02 4.331499999999999773e+02
2.186539999999999964e+02 4.422219999999999800e+02
2.141179999999999950e+02 4.504689999999999941e+02
2.165920000000000130e+02 4.191309999999999718e+02
2.104070000000000107e+02 4.302640000000000100e+02
2.042220000000000084e+02 4.413969999999999914e+02
1.963870000000000005e+02 4.492320000000000277e+02
2.075209999999999866e+02 4.170690000000000168e+02
2.009230000000000018e+02 4.273779999999999859e+02
1.947379999999999995e+02 4.372740000000000009e+02
1.897899999999999920e+02 4.463450000000000273e+02
1.976239999999999952e+02 4.145950000000000273e+02
1.885529999999999973e+02 4.244909999999999854e+02
1.836040000000000134e+02 4.306759999999999877e+02
1.782439999999999998e+02 4.368620000000000232e+02
