2.145349999999999966e+02 3.940950000000000273e+02
2.296490000000000009e+02 3.991329999999999814e+02
2.447620000000000005e+02 4.096279999999999859e+02
2.581960000000000264e+02 4.171850000000000023e+02
2.724700000000000273e+02 4.213829999999999814e+02
2.325869999999999891e+02 4.100480000000000018e+02
2.414039999999999964e+02 4.268410000000000082e+02
2.468609999999999900e+02 4.360769999999999982e+02
2.506399999999999864e+02 4.440529999999999973e+02
2.212520000000000095e+02 4.125670000000000073e+02
2.258700000000000045e+02 4.264209999999999923e+02
2.296490000000000009e+02 4.373360000000000127e+02
2.317479999999999905e+02 4.474119999999999777e+02
2.107570000000000050e+02 4.138260000000000218e+02
2.149550000000000125e+02 4.264209999999999923e+02
2.166339999999999861e+02 4.352370000000000232e+02
2.204130000000000109e+02 4.461519999999999868e+02
2.002609999999999957e+02 4.171850000000000023e+02
2.031999999999999886e+02 4.218029999999999973e+02
2.048789999999999907e+02 4.322980000000000018e+02
2.078180000000000121e+02 4.369159999999999968e+02
