2.390289999999999964e+02 4.006089999999999804e+02
2.525180000000000007e+02 4.061639999999999873e+02
2.644200000000000159e+02 4.137019999999999982e+02
2.660070000000000050e+02 4.248109999999999786e+02
2.668009999999999877e+02 4.375059999999999718e+02
2.449799999999999898e+02 4.240169999999999959e+02
2.469629999999999939e+02 4.363159999999999741e+02
2.473600000000000136e+02 4.446480000000000246e+02
2.441860000000000070e+02 4.537730000000000246e+02
2.350610000000000070e+02 4.216370000000000005e+02
2.342680000000000007e+02 4.359189999999999827e+02
2.306970000000000027e+02 4.466309999999999718e+02
2.259360000000000070e+02 4.541700000000000159e+02
2.259360000000000070e+02 4.208430000000000177e+02
2.247460000000000093e+02 4.331419999999999959e+02
2.211750000000000114e+02 4.430609999999999786e+02
2.164139999999999873e+02 4.513919999999999959e+02
2.168110000000000070e+02 4.204460000000000264e+02
2.128429999999999893e+02 4.311580000000000155e+02
2.092729999999999961e+02 4.367130000000000223e+02
2.053050000000000068e+02 4.414739999999999895e+02
