2.759870000000000232e+02 2.578969999999999914e+02
2.697300000000000182e+02 2.462760000000000105e+02
2.616840000000000259e+02 2.279509999999999934e+02
2.598969999999999914e+02 2.114130000000000109e+02
2.567679999999999723e+02 1.975569999999999879e+02
2.652599999999999909e+02 2.225869999999999891e+02
2.706240000000000236e+02 2.056030000000000086e+02
2.755400000000000205e+02 2.011330000000000098e+02
2.786689999999999827e+02 2.020269999999999868e+02
2.746460000000000150e+02 2.252690000000000055e+02
2.800099999999999909e+02 2.087309999999999945e+02
2.867139999999999986e+02 2.051560000000000059e+02
2.893960000000000150e+02 2.051560000000000059e+02
2.822450000000000045e+02 2.306330000000000098e+02
2.889490000000000123e+02 2.149890000000000043e+02
2.938659999999999854e+02 2.105190000000000055e+02
2.965480000000000018e+02 2.105190000000000055e+02
2.719649999999999750e+02 2.976770000000000209e+02
2.938659999999999854e+02 2.230339999999999918e+02
2.992289999999999850e+02 2.190120000000000005e+02
3.001229999999999905e+02 2.167769999999999868e+02
