2.717119999999999891e+02 2.631150000000000091e+02
2.858369999999999891e+02 2.489910000000000139e+02
2.968709999999999809e+02 2.322179999999999893e+02
3.030509999999999877e+02 2.172110000000000127e+02
3.087889999999999873e+02 2.048530000000000086e+02
2.823059999999999832e+02 2.185360000000000014e+02
2.858369999999999891e+02 2.030869999999999891e+02
2.823059999999999832e+02 1.973489999999999895e+02
2.853949999999999818e+02 2.097079999999999984e+02
2.743609999999999900e+02 2.198600000000000136e+02
2.717119999999999891e+02 1.964660000000000082e+02
2.783330000000000268e+02 2.008799999999999955e+02
2.792160000000000082e+02 2.070600000000000023e+02
2.655330000000000155e+02 2.216250000000000000e+02
2.642090000000000032e+02 1.999979999999999905e+02
2.681809999999999832e+02 2.044110000000000014e+02
2.717119999999999891e+02 2.101490000000000009e+02
2.589119999999999777e+02 2.242740000000000009e+02
2.549399999999999977e+02 2.079420000000000073e+02
2.606779999999999973e+02 2.097079999999999984e+02
2.637679999999999723e+02 2.163290000000000077e+02
