2.120149999999999864e+02 3.948550000000000182e+02
2.276560000000000059e+02 3.978140000000000214e+02
2.424509999999999934e+02 4.071139999999999759e+02
2.564010000000000105e+02 4.155679999999999836e+02
2.720409999999999968e+02 4.193729999999999905e+02
2.382239999999999895e+02 4.088050000000000068e+02
2.420279999999999916e+02 4.104959999999999809e+02
2.576689999999999827e+02 4.155679999999999836e+02
2.657010000000000218e+02 4.193729999999999905e+02
2.251200000000000045e+02 4.121859999999999786e+02
2.386469999999999914e+02 4.261360000000000241e+02
2.483689999999999998e+02 4.350129999999999768e+02
2.551330000000000098e+02 4.426220000000000141e+02
2.158199999999999932e+02 4.155679999999999836e+02
2.242740000000000009e+02 4.269820000000000277e+02
2.310380000000000109e+02 4.379719999999999800e+02
2.356879999999999882e+02 4.460040000000000191e+02
2.082110000000000127e+02 4.206410000000000196e+02
2.103240000000000123e+02 4.282500000000000000e+02
2.120149999999999864e+02 4.358589999999999804e+02
2.158199999999999932e+02 4.438899999999999864e+02
