2.372800000000000011e+02 3.917370000000000232e+02
2.490240000000000009e+02 3.953820000000000050e+02
2.591480000000000246e+02 4.006469999999999914e+02
2.619830000000000041e+02 4.083410000000000082e+02
2.611730000000000018e+02 4.213000000000000114e+02
2.425440000000000111e+02 4.156309999999999718e+02
2.397090000000000032e+02 4.249449999999999932e+02
2.360649999999999977e+02 4.306150000000000091e+02
2.299900000000000091e+02 4.338539999999999850e+02
2.320149999999999864e+02 4.156309999999999718e+02
2.251299999999999955e+02 4.273750000000000000e+02
2.194610000000000127e+02 4.289950000000000045e+02
2.101459999999999866e+02 4.310199999999999818e+02
2.235099999999999909e+02 4.144159999999999968e+02
2.174360000000000070e+02 4.245400000000000205e+02
2.133859999999999957e+02 4.277799999999999727e+02
2.073120000000000118e+02 4.302099999999999795e+02
2.137909999999999968e+02 4.115810000000000173e+02
2.081220000000000141e+02 4.176549999999999727e+02
2.032620000000000005e+02 4.188700000000000045e+02
1.971870000000000118e+02 4.213000000000000114e+02
