2.555620000000000118e+02 2.385709999999999980e+02
2.441899999999999977e+02 2.244710000000000036e+02
2.337290000000000134e+02 2.094600000000000080e+02
2.250860000000000127e+02 1.962690000000000055e+02
2.132599999999999909e+02 1.917210000000000036e+02
2.587459999999999809e+02 1.962690000000000055e+02
2.573809999999999718e+02 1.767100000000000080e+02
2.555620000000000118e+02 1.621550000000000011e+02
2.541970000000000027e+02 1.507829999999999870e+02
2.701170000000000186e+02 1.989989999999999952e+02
2.755760000000000218e+02 1.771649999999999920e+02
2.778500000000000227e+02 1.653389999999999986e+02
2.810339999999999918e+02 1.548770000000000095e+02
2.773949999999999818e+02 2.058220000000000027e+02
2.919510000000000218e+02 1.903559999999999945e+02
2.996829999999999927e+02 1.821690000000000111e+02
3.065059999999999718e+02 1.748909999999999911e+02
2.846730000000000018e+02 2.130989999999999895e+02
2.983190000000000168e+02 2.085509999999999877e+02
3.065059999999999718e+02 2.058220000000000027e+02
3.160579999999999927e+02 2.021829999999999927e+02
