2.520910000000000082e+02 3.931739999999999782e+02
2.639700000000000273e+02 3.980899999999999750e+02
2.758489999999999895e+02 4.038240000000000123e+02
2.824030000000000200e+02 4.165230000000000246e+02
2.893659999999999854e+02 4.271730000000000018e+02
2.635600000000000023e+02 4.128360000000000127e+02
2.631499999999999773e+02 4.255339999999999918e+02
2.639700000000000273e+02 4.357749999999999773e+02
2.631499999999999773e+02 4.443770000000000095e+02
2.529099999999999966e+02 4.124259999999999877e+02
2.500420000000000016e+02 4.255339999999999918e+02
2.475850000000000080e+02 4.357749999999999773e+02
2.463559999999999945e+02 4.451960000000000264e+02
2.422599999999999909e+02 4.124259999999999877e+02
2.385730000000000075e+02 4.251250000000000000e+02
2.361150000000000091e+02 4.320880000000000223e+02
2.336579999999999870e+02 4.419189999999999827e+02
2.324290000000000020e+02 4.144739999999999895e+02
2.238269999999999982e+02 4.218480000000000132e+02
2.176819999999999879e+02 4.259440000000000168e+02
2.135860000000000127e+02 4.312690000000000055e+02
