2.171639999999999873e+02 3.965710000000000264e+02
2.349660000000000082e+02 4.033530000000000086e+02
2.506479999999999961e+02 4.105579999999999927e+02
2.642110000000000127e+02 4.181870000000000118e+02
2.781979999999999791e+02 4.198829999999999814e+02
2.269130000000000109e+02 4.194590000000000032e+02
1.887669999999999959e+02 4.203070000000000164e+02
1.798660000000000139e+02 4.287830000000000155e+02
1.730850000000000080e+02 4.334460000000000264e+02
2.129259999999999877e+02 4.194590000000000032e+02
1.917340000000000089e+02 4.296309999999999718e+02
1.815620000000000118e+02 4.330219999999999914e+02
1.722369999999999948e+02 4.342930000000000064e+02
2.074159999999999968e+02 4.258170000000000073e+02
1.972439999999999998e+02 4.372599999999999909e+02
1.879190000000000111e+02 4.436179999999999950e+02
1.777470000000000141e+02 4.431940000000000168e+02
2.137740000000000009e+02 4.300550000000000068e+02
2.082640000000000100e+02 4.368360000000000127e+02
2.036009999999999991e+02 4.427699999999999818e+02
1.989389999999999930e+02 4.470090000000000146e+02
