2.527589999999999861e+02 2.761050000000000182e+02
2.640070000000000050e+02 2.648570000000000277e+02
2.757239999999999895e+02 2.489219999999999970e+02
2.832230000000000132e+02 2.348619999999999948e+02
2.916589999999999918e+02 2.245509999999999877e+02
2.574460000000000264e+02 2.334559999999999889e+02
2.555709999999999980e+02 2.114290000000000020e+02
2.565079999999999814e+02 1.983060000000000116e+02
2.569769999999999754e+02 1.870579999999999927e+02
2.490099999999999909e+02 2.348619999999999948e+02
2.447920000000000016e+02 2.114290000000000020e+02
2.433859999999999957e+02 1.964310000000000116e+02
2.419799999999999898e+02 1.842460000000000093e+02
2.415109999999999957e+02 2.381430000000000007e+02
2.344809999999999945e+02 2.184590000000000032e+02
2.321380000000000052e+02 2.043990000000000009e+02
2.302630000000000052e+02 1.922129999999999939e+02
2.344809999999999945e+02 2.447040000000000077e+02
2.255759999999999934e+02 2.306440000000000055e+02
2.199519999999999982e+02 2.226769999999999925e+02
2.152659999999999911e+02 2.147090000000000032e+02
