2.493329999999999984e+02 3.638530000000000086e+02
2.598349999999999795e+02 3.653530000000000086e+02
2.710880000000000223e+02 3.676039999999999850e+02
2.755889999999999986e+02 3.717300000000000182e+02
2.804649999999999750e+02 3.781070000000000277e+02
2.602099999999999795e+02 3.721050000000000182e+02
2.617110000000000127e+02 3.758559999999999945e+02
2.605860000000000127e+02 3.829830000000000041e+02
2.594599999999999795e+02 3.863589999999999804e+02
2.493329999999999984e+02 3.724800000000000182e+02
2.478319999999999936e+02 3.844830000000000041e+02
2.474569999999999936e+02 3.829830000000000041e+02
2.474569999999999936e+02 3.833580000000000041e+02
2.410809999999999889e+02 3.728550000000000182e+02
2.369550000000000125e+02 3.818570000000000277e+02
2.354540000000000077e+02 3.799820000000000277e+02
2.365800000000000125e+02 3.799820000000000277e+02
2.339540000000000077e+02 3.739809999999999945e+02
2.275769999999999982e+02 3.784820000000000277e+02
2.234509999999999934e+02 3.784820000000000277e+02
2.197009999999999934e+02 3.781070000000000277e+02
