2.364279999999999973e+02 3.970450000000000159e+02
2.490000000000000000e+02 4.005810000000000173e+02
2.592149999999999750e+02 4.068670000000000186e+02
2.623580000000000041e+02 4.182610000000000241e+02
2.643220000000000027e+02 4.312259999999999991e+02
2.411430000000000007e+02 4.147250000000000227e+02
2.399639999999999986e+02 4.300470000000000255e+02
2.383919999999999959e+02 4.406549999999999727e+02
2.336779999999999973e+02 4.473340000000000032e+02
2.297489999999999952e+02 4.143319999999999936e+02
2.277849999999999966e+02 4.284759999999999991e+02
2.238559999999999945e+02 4.406549999999999727e+02
2.171769999999999925e+02 4.473340000000000032e+02
2.207129999999999939e+02 4.139390000000000214e+02
2.183559999999999945e+02 4.272970000000000255e+02
2.140339999999999918e+02 4.371190000000000282e+02
2.089269999999999925e+02 4.449759999999999991e+02
2.116769999999999925e+02 4.147250000000000227e+02
2.053909999999999911e+02 4.249399999999999977e+02
2.006759999999999877e+02 4.308330000000000268e+02
1.955689999999999884e+02 4.351549999999999727e+02
