2.497479999999999905e+02 2.721909999999999741e+02
2.502040000000000077e+02 2.644320000000000164e+02
2.552249999999999943e+02 2.543899999999999864e+02
2.652669999999999959e+02 2.448050000000000068e+02
2.725699999999999932e+02 2.329370000000000118e+02
2.689180000000000064e+02 2.781250000000000000e+02
2.835240000000000009e+02 2.922740000000000009e+02
2.899139999999999873e+02 2.972950000000000159e+02
2.953919999999999959e+02 3.055110000000000241e+02
2.794159999999999968e+02 2.817760000000000105e+02
2.921970000000000027e+02 2.931870000000000118e+02
3.008690000000000282e+02 3.036850000000000023e+02
3.077160000000000082e+02 3.114449999999999932e+02
2.830679999999999836e+02 2.817760000000000105e+02
2.949350000000000023e+02 2.913609999999999900e+02
3.045199999999999818e+02 3.000339999999999918e+02
3.127359999999999900e+02 3.064239999999999782e+02
2.862629999999999768e+02 2.794940000000000282e+02
2.972169999999999845e+02 2.858840000000000146e+02
3.054329999999999927e+02 2.899920000000000186e+02
3.127359999999999900e+02 2.954689999999999941e+02
