2.493569999999999993e+02 2.771360000000000241e+02
2.493569999999999993e+02 2.680029999999999859e+02
2.603159999999999741e+02 2.602400000000000091e+02
2.762980000000000018e+02 2.552179999999999893e+02
2.899970000000000141e+02 2.520209999999999866e+02
2.671659999999999968e+02 2.848980000000000246e+02
2.781250000000000000e+02 2.922040000000000077e+02
2.890840000000000032e+02 2.949440000000000168e+02
2.995860000000000127e+02 2.954010000000000105e+02
2.744719999999999800e+02 2.894649999999999750e+02
2.826909999999999741e+02 3.063600000000000136e+02
2.959329999999999927e+02 3.104689999999999941e+02
3.068919999999999959e+02 3.113829999999999814e+02
2.794950000000000045e+02 2.885509999999999877e+02
2.963899999999999864e+02 2.922040000000000077e+02
3.036960000000000264e+02 2.858120000000000118e+02
3.096320000000000050e+02 2.780489999999999782e+02
2.840609999999999786e+02 2.839850000000000136e+02
2.963899999999999864e+02 2.785059999999999718e+02
3.036960000000000264e+02 2.711990000000000123e+02
3.082620000000000005e+02 2.657200000000000273e+02
