2.346560000000000059e+02 3.414540000000000077e+02
2.591329999999999814e+02 3.640190000000000055e+02
2.686940000000000168e+02 3.586639999999999873e+02
2.771080000000000041e+02 3.578990000000000009e+02
2.870520000000000209e+02 3.544569999999999936e+02
2.537779999999999916e+02 3.640190000000000055e+02
2.583679999999999950e+02 3.632540000000000191e+02
2.545430000000000064e+02 3.617239999999999895e+02
2.507189999999999941e+02 3.621059999999999945e+02
2.461289999999999907e+02 3.651659999999999968e+02
2.426870000000000118e+02 3.617239999999999895e+02
2.411570000000000107e+02 3.586639999999999873e+02
2.400099999999999909e+02 3.563700000000000045e+02
2.350380000000000109e+02 3.640190000000000055e+02
2.323609999999999900e+02 3.636360000000000241e+02
2.304490000000000123e+02 3.621059999999999945e+02
2.304490000000000123e+02 3.598120000000000118e+02
2.273890000000000100e+02 3.674610000000000127e+02
2.216519999999999868e+02 3.640190000000000055e+02
2.182100000000000080e+02 3.613419999999999845e+02
2.143859999999999957e+02 3.575169999999999959e+02
