2.478449999999999989e+02 3.952980000000000018e+02
2.599460000000000264e+02 3.984209999999999923e+02
2.700939999999999941e+02 4.038860000000000241e+02
2.736070000000000277e+02 4.159859999999999900e+02
2.747780000000000200e+02 4.288670000000000186e+02
2.552620000000000005e+02 4.124730000000000132e+02
2.533100000000000023e+02 4.261349999999999909e+02
2.513580000000000041e+02 4.382350000000000136e+02
2.474550000000000125e+02 4.452610000000000241e+02
2.439420000000000073e+02 4.140339999999999918e+02
2.419900000000000091e+02 4.257440000000000282e+02
2.388679999999999950e+02 4.366739999999999782e+02
2.357450000000000045e+02 4.460419999999999732e+02
2.353549999999999898e+02 4.136440000000000055e+02
2.334029999999999916e+02 4.230120000000000005e+02
2.283280000000000030e+02 4.339409999999999741e+02
2.248149999999999977e+02 4.436999999999999886e+02
2.259859999999999900e+02 4.132540000000000191e+02
2.197410000000000139e+02 4.222309999999999945e+02
2.142760000000000105e+02 4.284769999999999754e+02
2.103729999999999905e+02 4.335509999999999877e+02
