2.144639999999999986e+02 3.958969999999999914e+02
2.269519999999999982e+02 4.053709999999999809e+02
2.428849999999999909e+02 4.101080000000000041e+02
2.588179999999999836e+02 4.157060000000000173e+02
2.725980000000000132e+02 4.191510000000000105e+02
2.239379999999999882e+02 4.152749999999999773e+02
2.071440000000000055e+02 4.290550000000000068e+02
1.993930000000000007e+02 4.393899999999999864e+02
1.929329999999999927e+02 4.471410000000000196e+02
2.105889999999999986e+02 4.131220000000000141e+02
1.963779999999999859e+02 4.269019999999999868e+02
1.864739999999999895e+02 4.372370000000000232e+02
1.774310000000000116e+02 4.441270000000000095e+02
2.024070000000000107e+02 4.131220000000000141e+02
1.890579999999999927e+02 4.251800000000000068e+02
1.804449999999999932e+02 4.325000000000000000e+02
1.722630000000000052e+02 4.368059999999999832e+02
1.942249999999999943e+02 4.131220000000000141e+02
1.860430000000000064e+02 4.225960000000000036e+02
1.791529999999999916e+02 4.294859999999999900e+02
1.739859999999999900e+02 4.346530000000000200e+02
