2.601840000000000259e+02 2.697830000000000155e+02
2.718109999999999786e+02 2.581549999999999727e+02
2.787880000000000109e+02 2.414120000000000061e+02
2.806480000000000246e+02 2.242030000000000030e+02
2.839039999999999964e+02 2.107150000000000034e+02
2.676250000000000000e+02 2.297839999999999918e+02
2.685559999999999832e+02 2.139699999999999989e+02
2.741370000000000005e+02 2.097839999999999918e+02
2.787880000000000109e+02 2.065289999999999964e+02
2.578580000000000041e+02 2.311790000000000020e+02
2.606490000000000009e+02 2.139699999999999989e+02
2.671600000000000250e+02 2.107150000000000034e+02
2.685559999999999832e+02 2.162959999999999923e+02
2.490209999999999866e+02 2.325749999999999886e+02
2.508820000000000050e+02 2.139699999999999989e+02
2.536719999999999970e+02 2.135049999999999955e+02
2.629739999999999895e+02 2.149010000000000105e+02
2.420449999999999875e+02 2.362949999999999875e+02
2.425099999999999909e+02 2.214120000000000061e+02
2.480910000000000082e+02 2.218770000000000095e+02
2.532069999999999936e+02 2.265279999999999916e+02
