2.586619999999999777e+02 2.439859999999999900e+02
2.714909999999999854e+02 2.360229999999999961e+02
2.825500000000000114e+02 2.236370000000000005e+02
2.958220000000000027e+02 2.156740000000000066e+02
3.086510000000000105e+02 2.130200000000000102e+02
2.661820000000000164e+02 2.024019999999999868e+02
2.865319999999999823e+02 2.015180000000000007e+02
2.993609999999999900e+02 2.032870000000000061e+02
3.104200000000000159e+02 2.112500000000000000e+02
2.652980000000000018e+02 2.050569999999999879e+02
2.891859999999999786e+02 2.019600000000000080e+02
3.037839999999999918e+02 2.050569999999999879e+02
3.148439999999999941e+02 2.041719999999999970e+02
2.670670000000000073e+02 2.099230000000000018e+02
2.891859999999999786e+02 2.054989999999999952e+02
3.037839999999999918e+02 2.063839999999999861e+02
3.144019999999999868e+02 2.050569999999999879e+02
2.692789999999999964e+02 2.161160000000000139e+02
2.843199999999999932e+02 2.103650000000000091e+02
2.993609999999999900e+02 2.112500000000000000e+02
3.077660000000000196e+02 2.103650000000000091e+02
