2.368830000000000098e+02 4.065000000000000000e+02
2.530130000000000052e+02 4.143580000000000041e+02
2.687289999999999850e+02 4.226299999999999955e+02
2.865129999999999768e+02 4.304879999999999995e+02
3.018149999999999977e+02 4.321419999999999959e+02
2.497040000000000077e+02 4.317289999999999850e+02
2.588029999999999973e+02 4.424820000000000277e+02
2.654200000000000159e+02 4.519940000000000282e+02
2.720380000000000109e+02 4.615070000000000050e+02
2.389509999999999934e+02 4.288340000000000032e+02
2.335740000000000123e+02 4.412409999999999854e+02
2.306790000000000020e+02 4.507529999999999859e+02
2.244759999999999991e+02 4.639879999999999995e+02
2.290250000000000057e+02 4.271789999999999736e+02
2.215809999999999889e+02 4.387599999999999909e+02
2.058640000000000043e+02 4.507529999999999859e+02
1.955250000000000057e+02 4.577839999999999918e+02
2.190989999999999895e+02 4.271789999999999736e+02
2.071049999999999898e+02 4.342099999999999795e+02
2.054509999999999934e+02 4.362780000000000200e+02
1.988340000000000032e+02 4.346240000000000236e+02
