2.742130000000000223e+02 2.743969999999999914e+02
2.840640000000000214e+02 2.623070000000000164e+02
2.912289999999999850e+02 2.417090000000000032e+02
2.979449999999999932e+02 2.282760000000000105e+02
3.046619999999999777e+02 2.197680000000000007e+02
2.809300000000000068e+02 2.282760000000000105e+02
2.809300000000000068e+02 2.117079999999999984e+02
2.903330000000000268e+02 2.166330000000000098e+02
2.916759999999999877e+02 2.211109999999999900e+02
2.764519999999999982e+02 2.336490000000000009e+02
2.777950000000000159e+02 2.139470000000000027e+02
2.876460000000000150e+02 2.202160000000000082e+02
2.898849999999999909e+02 2.273799999999999955e+02
2.728700000000000045e+02 2.381270000000000095e+02
2.733170000000000073e+02 2.193199999999999932e+02
2.822730000000000246e+02 2.255889999999999986e+02
2.836159999999999854e+02 2.345449999999999875e+02
2.719739999999999895e+02 2.426049999999999898e+02
2.719739999999999895e+02 2.291709999999999923e+02
2.786909999999999741e+02 2.314099999999999966e+02
2.813770000000000095e+02 2.358880000000000052e+02
