2.370560000000000116e+02 4.084750000000000227e+02
2.512870000000000061e+02 4.118240000000000123e+02
2.655190000000000055e+02 4.206139999999999759e+02
2.713790000000000191e+02 4.356829999999999927e+02
2.818430000000000177e+02 4.444730000000000132e+02
2.529619999999999891e+02 4.310790000000000077e+02
2.537990000000000066e+02 4.381940000000000168e+02
2.567289999999999850e+02 4.465659999999999741e+02
2.579850000000000136e+02 4.582860000000000014e+02
2.378930000000000007e+02 4.335899999999999750e+02
2.370560000000000116e+02 4.390319999999999823e+02
2.362189999999999941e+02 4.490769999999999982e+02
2.341260000000000048e+02 4.591229999999999905e+02
2.270099999999999909e+02 4.356829999999999927e+02
2.224060000000000059e+02 4.419619999999999891e+02
2.186380000000000052e+02 4.490769999999999982e+02
2.152899999999999920e+02 4.578670000000000186e+02
2.157079999999999984e+02 4.377760000000000105e+02
2.069180000000000064e+02 4.402869999999999777e+02
1.981279999999999859e+02 4.427989999999999782e+02
1.905939999999999941e+02 4.478220000000000027e+02
