2.406920000000000073e+02 4.086689999999999827e+02
2.575570000000000164e+02 4.181299999999999955e+02
2.044910000000000139e+02 4.378759999999999764e+02
2.904669999999999845e+02 4.317049999999999841e+02
3.065099999999999909e+02 4.308829999999999814e+02
2.513870000000000005e+02 4.354080000000000155e+02
2.604370000000000118e+02 4.448690000000000282e+02
2.670190000000000055e+02 4.547420000000000186e+02
2.727780000000000200e+02 4.646150000000000091e+02
2.378120000000000118e+02 4.304710000000000036e+02
2.353439999999999941e+02 4.448690000000000282e+02
2.312299999999999898e+02 4.543310000000000173e+02
1.950300000000000011e+02 4.600899999999999750e+02
2.283509999999999991e+02 4.304710000000000036e+02
2.361670000000000016e+02 4.448690000000000282e+02
2.374010000000000105e+02 4.407549999999999955e+02
1.946189999999999998e+02 4.600899999999999750e+02
2.217690000000000055e+02 4.292370000000000232e+02
2.341100000000000136e+02 4.477490000000000236e+02
1.880370000000000061e+02 4.444580000000000268e+02
1.946189999999999998e+02 4.609119999999999777e+02
