2.506109999999999900e+02 2.355140000000000100e+02
2.609689999999999941e+02 2.278580000000000041e+02
2.753809999999999718e+02 2.202019999999999982e+02
2.893419999999999845e+02 2.156980000000000075e+02
3.010520000000000209e+02 2.143470000000000084e+02
2.650219999999999914e+02 1.963319999999999936e+02
2.785330000000000155e+02 1.850730000000000075e+02
2.902429999999999950e+02 1.841719999999999970e+02
3.006009999999999991e+02 1.850730000000000075e+02
2.614189999999999827e+02 1.990339999999999918e+02
2.785330000000000155e+02 1.850730000000000075e+02
2.929449999999999932e+02 1.855229999999999961e+02
3.024030000000000200e+02 1.877750000000000057e+02
2.609689999999999941e+02 2.053389999999999986e+02
2.771820000000000164e+02 1.909279999999999973e+02
2.897919999999999732e+02 1.882259999999999991e+02
3.001510000000000105e+02 1.895769999999999982e+02
2.641220000000000141e+02 2.129960000000000093e+02
2.735790000000000077e+02 1.999350000000000023e+02
2.830369999999999777e+02 1.958820000000000050e+02
2.911429999999999723e+02 1.927290000000000134e+02
