2.674499999999999886e+02 2.561689999999999827e+02
2.790009999999999764e+02 2.483149999999999977e+02
2.900899999999999750e+02 2.349159999999999968e+02
3.039510000000000218e+02 2.261370000000000005e+02
3.178120000000000118e+02 2.229029999999999916e+02
2.753050000000000068e+02 2.141250000000000000e+02
3.044130000000000109e+02 2.164350000000000023e+02
3.178120000000000118e+02 2.090420000000000016e+02
3.205840000000000032e+02 2.039600000000000080e+02
2.711460000000000150e+02 2.155109999999999957e+02
2.947099999999999795e+02 2.127379999999999995e+02
3.057989999999999782e+02 2.099660000000000082e+02
3.090330000000000155e+02 2.085800000000000125e+02
2.706840000000000259e+02 2.205929999999999893e+02
2.896279999999999859e+02 2.159730000000000132e+02
3.002540000000000191e+02 2.127379999999999995e+02
3.081089999999999804e+02 2.095039999999999907e+02
2.729950000000000045e+02 2.279850000000000136e+02
2.863929999999999723e+02 2.196690000000000111e+02
2.910140000000000100e+02 2.173590000000000089e+02
2.984060000000000059e+02 2.127379999999999995e+02
