2.349089999999999918e+02 4.053999999999999773e+02
2.490140000000000100e+02 4.098319999999999936e+02
2.627149999999999750e+02 4.182950000000000159e+02
2.611030000000000086e+02 4.315939999999999941e+02
2.619089999999999918e+02 4.436829999999999927e+02
2.461930000000000121e+02 4.166829999999999927e+02
2.518350000000000080e+02 4.372359999999999900e+02
2.518350000000000080e+02 4.461009999999999991e+02
2.534470000000000027e+02 4.513399999999999750e+02
2.357150000000000034e+02 4.182950000000000159e+02
2.357150000000000034e+02 4.227280000000000086e+02
2.405509999999999877e+02 4.412649999999999864e+02
2.453870000000000005e+02 4.469069999999999823e+02
2.264459999999999980e+02 4.211159999999999854e+02
2.264459999999999980e+02 4.267579999999999814e+02
2.296699999999999875e+02 4.368330000000000268e+02
2.369240000000000066e+02 4.416680000000000064e+02
2.199989999999999952e+02 4.255489999999999782e+02
2.195960000000000036e+02 4.315939999999999941e+02
2.224170000000000016e+02 4.380419999999999732e+02
2.220140000000000100e+02 4.473100000000000023e+02
