2.398489999999999895e+02 4.078559999999999945e+02
2.579879999999999995e+02 4.191419999999999959e+02
2.745149999999999864e+02 4.272040000000000077e+02
2.910419999999999732e+02 4.356689999999999827e+02
3.055529999999999973e+02 4.372819999999999823e+02
2.406550000000000011e+02 4.429250000000000114e+02
2.600040000000000191e+02 4.493740000000000236e+02
2.261440000000000055e+02 4.602579999999999814e+02
2.192920000000000016e+02 4.691259999999999764e+02
2.346090000000000089e+02 4.364750000000000227e+02
2.136479999999999961e+02 4.461499999999999773e+02
2.035709999999999980e+02 4.558240000000000123e+02
1.926870000000000118e+02 4.622730000000000246e+02
2.265469999999999970e+02 4.340570000000000164e+02
2.007489999999999952e+02 4.396999999999999886e+02
1.882529999999999859e+02 4.445369999999999777e+02
1.781759999999999877e+02 4.485679999999999836e+02
2.180819999999999936e+02 4.332509999999999764e+02
2.015550000000000068e+02 4.368790000000000191e+02
2.019579999999999984e+02 4.392970000000000255e+02
1.971210000000000093e+02 4.388940000000000055e+02
