2.792950000000000159e+02 3.591700000000000159e+02
2.804990000000000236e+02 3.615790000000000077e+02
2.680529999999999973e+02 3.591700000000000159e+02
2.768860000000000241e+02 3.647909999999999968e+02
2.869230000000000018e+02 3.744270000000000209e+02
2.901349999999999909e+02 3.684039999999999964e+02
2.744769999999999754e+02 3.615790000000000077e+02
2.813020000000000209e+02 3.680029999999999859e+02
2.865219999999999914e+02 3.708129999999999882e+02
2.865219999999999914e+02 3.676009999999999991e+02
2.917409999999999854e+02 3.716159999999999854e+02
3.025819999999999936e+02 3.796460000000000150e+02
3.061949999999999932e+02 3.844639999999999986e+02
2.909379999999999882e+02 3.655939999999999941e+02
2.985670000000000073e+02 3.728210000000000264e+02
3.037860000000000014e+02 3.780400000000000205e+02
3.086039999999999850e+02 3.848659999999999854e+02
2.961580000000000155e+02 3.643890000000000100e+02
3.021800000000000068e+02 3.667980000000000018e+02
3.053919999999999959e+02 3.680029999999999859e+02
3.094069999999999823e+02 3.700099999999999909e+02
