2.714080000000000155e+02 2.676759999999999877e+02
2.833620000000000232e+02 2.597069999999999936e+02
2.962010000000000218e+02 2.442110000000000127e+02
3.001859999999999786e+02 2.278300000000000125e+02
3.054990000000000236e+02 2.149900000000000091e+02
2.855760000000000218e+02 2.247309999999999945e+02
2.900029999999999859e+02 2.056930000000000121e+02
2.935450000000000159e+02 1.919679999999999893e+02
2.953159999999999741e+02 1.800140000000000100e+02
2.771639999999999873e+02 2.251730000000000018e+02
2.789350000000000023e+02 2.034790000000000134e+02
2.820339999999999918e+02 1.893120000000000118e+02
2.842479999999999905e+02 1.778009999999999877e+02
2.705230000000000246e+02 2.282729999999999961e+02
2.709649999999999750e+02 2.074639999999999986e+02
2.722939999999999827e+02 1.955099999999999909e+02
2.745070000000000050e+02 1.839989999999999952e+02
2.638820000000000050e+02 2.349139999999999873e+02
2.603399999999999750e+02 2.185320000000000107e+02
2.581259999999999764e+02 2.092350000000000136e+02
2.572409999999999854e+02 1.994950000000000045e+02
