2.299970000000000141e+02 2.643410000000000082e+02
2.435289999999999964e+02 2.564089999999999918e+02
2.565939999999999941e+02 2.419430000000000121e+02
2.673269999999999982e+02 2.307450000000000045e+02
2.785260000000000105e+02 2.218789999999999907e+02
2.365300000000000011e+02 2.260780000000000030e+02
2.369960000000000093e+02 2.046140000000000043e+02
2.379300000000000068e+02 1.906150000000000091e+02
2.374629999999999939e+02 1.784830000000000041e+02
2.248640000000000043e+02 2.270120000000000005e+02
2.187980000000000018e+02 2.041469999999999914e+02
2.173979999999999961e+02 1.896819999999999879e+02
2.145989999999999895e+02 1.780169999999999959e+02
2.150649999999999977e+02 2.307450000000000045e+02
2.066659999999999968e+02 2.097470000000000141e+02
2.020000000000000000e+02 1.966810000000000116e+02
1.991999999999999886e+02 1.854819999999999993e+02
2.071330000000000098e+02 2.377439999999999998e+02
1.959339999999999975e+02 2.237450000000000045e+02
1.922009999999999934e+02 2.153460000000000036e+02
1.880010000000000048e+02 2.055469999999999970e+02
