2.349219999999999970e+02 4.060470000000000255e+02
2.487839999999999918e+02 4.097160000000000082e+02
2.618299999999999841e+02 4.170539999999999736e+02
2.597909999999999968e+02 4.321379999999999768e+02
2.618299999999999841e+02 4.431460000000000150e+02
2.483760000000000048e+02 4.178690000000000282e+02
2.491910000000000025e+02 4.239850000000000136e+02
2.516370000000000005e+02 4.451840000000000259e+02
2.520449999999999875e+02 4.513000000000000114e+02
2.361450000000000102e+02 4.195000000000000000e+02
2.389989999999999952e+02 4.292850000000000250e+02
2.410380000000000109e+02 4.423310000000000173e+02
2.451150000000000091e+02 4.455919999999999845e+02
2.263609999999999900e+02 4.223539999999999850e+02
2.292150000000000034e+02 4.292850000000000250e+02
2.308460000000000036e+02 4.362149999999999750e+02
2.357379999999999995e+02 4.390690000000000168e+02
2.194300000000000068e+02 4.260230000000000246e+02
2.190229999999999961e+02 4.313229999999999791e+02
2.247299999999999898e+02 4.358079999999999927e+02
2.263609999999999900e+02 4.370310000000000059e+02
