2.740110000000000241e+02 2.575070000000000050e+02
2.847509999999999764e+02 2.458710000000000093e+02
2.928059999999999832e+02 2.270759999999999934e+02
2.968330000000000268e+02 2.109660000000000082e+02
3.013079999999999927e+02 1.979879999999999995e+02
2.829610000000000127e+02 2.149929999999999950e+02
2.865409999999999968e+02 1.966459999999999866e+02
2.896730000000000018e+02 1.827729999999999961e+02
2.896730000000000018e+02 1.711380000000000052e+02
2.758009999999999877e+02 2.181260000000000048e+02
2.780380000000000109e+02 1.966459999999999866e+02
2.784859999999999900e+02 1.823259999999999934e+02
2.771429999999999723e+02 1.711380000000000052e+02
2.713260000000000218e+02 2.239439999999999884e+02
2.699830000000000041e+02 2.038060000000000116e+02
2.699830000000000041e+02 1.912760000000000105e+02
2.708779999999999859e+02 1.787450000000000045e+02
2.650600000000000023e+02 2.319989999999999952e+02
2.619279999999999973e+02 2.176779999999999973e+02
2.605849999999999795e+02 2.078329999999999984e+02
2.592429999999999950e+02 1.988830000000000098e+02
