2.464730000000000132e+02 3.911709999999999923e+02
2.583330000000000268e+02 3.948519999999999754e+02
2.697839999999999918e+02 4.009870000000000232e+02
2.714200000000000159e+02 4.112110000000000127e+02
2.759189999999999827e+02 4.214350000000000023e+02
2.534250000000000114e+02 4.071209999999999809e+02
2.542429999999999950e+02 4.197989999999999782e+02
2.542429999999999950e+02 4.279780000000000086e+02
2.505629999999999882e+02 4.345219999999999914e+02
2.423830000000000098e+02 4.079390000000000214e+02
2.419739999999999895e+02 4.157090000000000032e+02
2.411560000000000059e+02 4.234800000000000182e+02
2.382940000000000111e+02 4.308410000000000082e+02
2.317500000000000000e+02 4.108020000000000209e+02
2.301140000000000043e+02 4.173450000000000273e+02
2.284780000000000086e+02 4.255249999999999773e+02
2.272510000000000048e+02 4.332950000000000159e+02
2.235709999999999980e+02 4.140740000000000123e+02
2.182539999999999907e+02 4.177540000000000191e+02
2.149819999999999993e+02 4.210260000000000105e+02
2.121200000000000045e+02 4.242980000000000018e+02
