2.194869999999999948e+02 3.947309999999999945e+02
2.323899999999999864e+02 3.995690000000000168e+02
2.444859999999999900e+02 4.064239999999999782e+02
2.456959999999999980e+02 4.169069999999999823e+02
2.444859999999999900e+02 4.306159999999999854e+02
2.251320000000000050e+02 4.100520000000000209e+02
2.283580000000000041e+02 4.273899999999999864e+02
2.275509999999999877e+02 4.370670000000000073e+02
2.243259999999999934e+02 4.471469999999999914e+02
2.142450000000000045e+02 4.100520000000000209e+02
2.162620000000000005e+02 4.277930000000000064e+02
2.142450000000000045e+02 4.386800000000000068e+02
2.126330000000000098e+02 4.479540000000000077e+02
2.041649999999999920e+02 4.112620000000000005e+02
2.061810000000000116e+02 4.265840000000000032e+02
2.041649999999999920e+02 4.366639999999999873e+02
2.017460000000000093e+02 4.467440000000000282e+02
1.965039999999999907e+02 4.140849999999999795e+02
1.952949999999999875e+02 4.265840000000000032e+02
1.924720000000000084e+02 4.330350000000000250e+02
1.900529999999999973e+02 4.386800000000000068e+02
