2.323650000000000091e+02 4.031070000000000277e+02
2.479879999999999995e+02 4.076290000000000191e+02
2.619680000000000177e+02 4.158519999999999754e+02
2.623790000000000191e+02 4.294209999999999923e+02
2.652570000000000050e+02 4.401109999999999900e+02
2.463439999999999941e+02 4.183190000000000168e+02
2.496330000000000098e+02 4.355880000000000223e+02
2.512779999999999916e+02 4.450450000000000159e+02
2.520999999999999943e+02 4.528570000000000277e+02
2.356539999999999964e+02 4.207860000000000014e+02
2.381210000000000093e+02 4.372330000000000041e+02
2.393540000000000134e+02 4.462780000000000200e+02
2.418209999999999980e+02 4.594350000000000023e+02
2.261970000000000027e+02 4.228419999999999845e+02
2.282529999999999859e+02 4.351770000000000209e+02
2.286639999999999873e+02 4.458670000000000186e+02
2.311310000000000002e+02 4.565570000000000164e+02
2.187959999999999923e+02 4.248980000000000246e+02
2.187959999999999923e+02 4.331209999999999809e+02
2.175629999999999882e+02 4.409329999999999927e+02
2.171519999999999868e+02 4.479230000000000018e+02
