2.581190000000000282e+02 2.414809999999999945e+02
2.502100000000000080e+02 2.265939999999999941e+02
2.464879999999999995e+02 2.089149999999999920e+02
2.525360000000000014e+02 1.926320000000000050e+02
2.604449999999999932e+02 1.810010000000000048e+02
2.581190000000000282e+02 2.005409999999999968e+02
2.674239999999999782e+02 1.810010000000000048e+02
2.720760000000000218e+02 1.693700000000000045e+02
2.762629999999999768e+02 1.586699999999999875e+02
2.692850000000000250e+02 2.037969999999999970e+02
2.771940000000000168e+02 1.814660000000000082e+02
2.813809999999999718e+02 1.689050000000000011e+02
2.841720000000000255e+02 1.577390000000000043e+02
2.767280000000000086e+02 2.079840000000000089e+02
2.841720000000000255e+02 1.875140000000000100e+02
2.874289999999999736e+02 1.735569999999999879e+02
2.902200000000000273e+02 1.623919999999999959e+02
2.841720000000000255e+02 2.126370000000000005e+02
2.892900000000000205e+02 1.963540000000000134e+02
2.911499999999999773e+02 1.856529999999999916e+02
2.916159999999999854e+02 1.768139999999999930e+02
