2.419499999999999886e+02 4.129540000000000077e+02
2.561519999999999868e+02 4.176879999999999882e+02
2.679870000000000232e+02 4.247889999999999873e+02
2.715369999999999777e+02 4.385969999999999800e+02
2.766659999999999968e+02 4.504320000000000164e+02
2.502340000000000089e+02 4.342570000000000050e+02
2.486560000000000059e+02 4.500369999999999777e+02
2.482620000000000005e+02 4.606890000000000214e+02
2.435279999999999916e+02 4.697620000000000005e+02
2.364269999999999925e+02 4.318899999999999864e+02
2.352429999999999950e+02 4.480649999999999977e+02
2.320869999999999891e+02 4.602939999999999827e+02
2.265639999999999930e+02 4.701569999999999823e+02
2.269590000000000032e+02 4.307069999999999936e+02
2.241970000000000027e+02 4.449089999999999918e+02
2.230140000000000100e+02 4.559549999999999841e+02
2.186740000000000066e+02 4.666059999999999945e+02
2.174910000000000139e+02 4.295230000000000246e+02
2.147290000000000134e+02 4.421469999999999914e+02
2.119679999999999893e+02 4.488539999999999850e+02
2.096009999999999991e+02 4.555600000000000023e+02
