2.225180000000000007e+02 3.974390000000000214e+02
2.348089999999999975e+02 4.010079999999999814e+02
2.451169999999999902e+02 4.065579999999999927e+02
2.482889999999999873e+02 4.192459999999999809e+02
2.486860000000000070e+02 4.323299999999999841e+02
2.296550000000000011e+02 4.156770000000000209e+02
2.304480000000000075e+02 4.295539999999999736e+02
2.304480000000000075e+02 4.398629999999999995e+02
2.284650000000000034e+02 4.481890000000000214e+02
2.193460000000000036e+02 4.160740000000000123e+02
2.177599999999999909e+02 4.299510000000000218e+02
2.161740000000000066e+02 4.410520000000000209e+02
2.137949999999999875e+02 4.497749999999999773e+02
2.098300000000000125e+02 4.160740000000000123e+02
2.086409999999999911e+02 4.279680000000000177e+02
2.054689999999999941e+02 4.382769999999999868e+02
2.030900000000000034e+02 4.477930000000000064e+02
2.003149999999999977e+02 4.160740000000000123e+02
1.971430000000000007e+02 4.275720000000000027e+02
1.935749999999999886e+02 4.327259999999999991e+02
1.907990000000000066e+02 4.382769999999999868e+02
