2.751539999999999964e+02 2.636480000000000246e+02
2.863519999999999754e+02 2.537940000000000111e+02
2.997900000000000205e+02 2.385639999999999930e+02
3.074049999999999727e+02 2.233350000000000080e+02
3.177069999999999936e+02 2.116879999999999882e+02
2.863519999999999754e+02 2.215430000000000064e+02
2.890400000000000205e+02 2.013859999999999957e+02
2.894879999999999995e+02 1.879480000000000075e+02
2.894879999999999995e+02 1.754060000000000059e+02
2.787379999999999995e+02 2.242299999999999898e+02
2.782900000000000205e+02 2.009379999999999882e+02
2.778419999999999845e+02 1.866040000000000134e+02
2.764979999999999905e+02 1.749579999999999984e+02
2.706750000000000114e+02 2.273660000000000139e+02
2.679870000000000232e+02 2.067609999999999957e+02
2.670910000000000082e+02 1.928750000000000000e+02
2.675389999999999873e+02 1.816769999999999925e+02
2.621639999999999873e+02 2.327410000000000139e+02
2.563410000000000082e+02 2.184070000000000107e+02
2.532059999999999889e+02 2.103449999999999989e+02
2.500699999999999932e+02 2.013859999999999957e+02
