2.399540000000000077e+02 3.648290000000000077e+02
2.518340000000000032e+02 3.683929999999999723e+02
2.621290000000000191e+02 3.755199999999999818e+02
2.672769999999999868e+02 3.834399999999999977e+02
2.728210000000000264e+02 3.921510000000000105e+02
2.490620000000000118e+02 3.933389999999999986e+02
2.454979999999999905e+02 3.988829999999999814e+02
2.431220000000000141e+02 4.012590000000000146e+02
2.391620000000000061e+02 4.024470000000000027e+02
2.391620000000000061e+02 3.937350000000000136e+02
2.332230000000000132e+02 3.972989999999999782e+02
2.280749999999999886e+02 3.972989999999999782e+02
2.209470000000000027e+02 3.969030000000000200e+02
2.320349999999999966e+02 3.933389999999999986e+02
2.253029999999999973e+02 3.969030000000000200e+02
2.201550000000000011e+02 3.969030000000000200e+02
2.158000000000000114e+02 3.984870000000000232e+02
2.225310000000000059e+02 3.913589999999999804e+02
2.142160000000000082e+02 3.933389999999999986e+02
2.090680000000000121e+02 3.929429999999999836e+02
2.043160000000000025e+02 3.921510000000000105e+02
