2.205589999999999975e+02 3.968779999999999859e+02
2.347470000000000141e+02 4.008679999999999950e+02
2.489350000000000023e+02 4.084060000000000059e+02
2.631229999999999905e+02 4.181600000000000250e+02
2.773109999999999786e+02 4.221499999999999773e+02
2.365200000000000102e+02 4.115090000000000146e+02
2.378509999999999991e+02 4.225939999999999941e+02
2.382940000000000111e+02 4.314610000000000127e+02
2.387369999999999948e+02 4.381120000000000232e+02
2.245490000000000066e+02 4.128399999999999750e+02
2.267659999999999911e+02 4.234809999999999945e+02
2.276529999999999916e+02 4.327909999999999968e+02
2.289830000000000041e+02 4.398849999999999909e+02
2.152379999999999995e+02 4.137259999999999991e+02
2.165689999999999884e+02 4.252540000000000191e+02
2.178990000000000009e+02 4.332350000000000136e+02
2.187849999999999966e+02 4.412160000000000082e+02
2.037110000000000127e+02 4.155000000000000000e+02
2.045970000000000084e+02 4.221499999999999773e+02
2.059279999999999973e+02 4.292440000000000282e+02
2.085879999999999939e+02 4.358949999999999818e+02
