2.485680000000000121e+02 2.880240000000000009e+02
2.490140000000000100e+02 2.773299999999999841e+02
2.592620000000000005e+02 2.697549999999999955e+02
2.735199999999999818e+02 2.630720000000000027e+02
2.837679999999999723e+02 2.550519999999999925e+02
2.717379999999999995e+02 2.884689999999999941e+02
2.886700000000000159e+02 2.987169999999999845e+02
3.020369999999999777e+02 2.996089999999999804e+02
3.145129999999999768e+02 3.009449999999999932e+02
2.748570000000000277e+02 2.973809999999999718e+02
2.935710000000000264e+02 3.080740000000000123e+02
3.064920000000000186e+02 3.138670000000000186e+02
3.162950000000000159e+02 3.236689999999999827e+02
2.775299999999999727e+02 3.000539999999999736e+02
2.940160000000000196e+02 3.094110000000000014e+02
3.051560000000000059e+02 3.165400000000000205e+02
3.145129999999999768e+02 3.241150000000000091e+02
2.810950000000000273e+02 3.000539999999999736e+02
2.940160000000000196e+02 3.089660000000000082e+02
3.020369999999999777e+02 3.152040000000000077e+02
3.087200000000000273e+02 3.205500000000000114e+02
