2.410190000000000055e+02 3.966659999999999968e+02
2.546730000000000018e+02 4.022880000000000109e+02
2.675240000000000009e+02 4.095169999999999959e+02
2.683269999999999982e+02 4.191549999999999727e+02
2.699329999999999927e+02 4.303999999999999773e+02
2.510589999999999975e+02 4.147379999999999995e+02
2.498540000000000134e+02 4.295969999999999800e+02
2.482470000000000141e+02 4.408410000000000082e+02
2.442309999999999945e+02 4.480699999999999932e+02
2.386090000000000089e+02 4.151390000000000100e+02
2.374039999999999964e+02 4.287930000000000064e+02
2.333890000000000100e+02 4.408410000000000082e+02
2.309790000000000134e+02 4.484710000000000036e+02
2.285689999999999884e+02 4.147379999999999995e+02
2.269629999999999939e+02 4.263840000000000146e+02
2.241519999999999868e+02 4.368249999999999886e+02
2.209389999999999930e+02 4.456600000000000250e+02
2.189310000000000116e+02 4.147379999999999995e+02
2.133089999999999975e+02 4.255810000000000173e+02
2.088919999999999959e+02 4.316050000000000182e+02
2.052769999999999868e+02 4.360219999999999914e+02
