2.624639999999999986e+02 2.554120000000000061e+02
2.744499999999999886e+02 2.471140000000000043e+02
2.882810000000000059e+02 2.332829999999999870e+02
2.993450000000000273e+02 2.282119999999999891e+02
3.085649999999999977e+02 2.249850000000000136e+02
2.809039999999999964e+02 2.162259999999999991e+02
2.813650000000000091e+02 1.959420000000000073e+02
2.799820000000000277e+02 1.816500000000000057e+02
2.772160000000000082e+02 1.701250000000000000e+02
2.762939999999999827e+02 2.166870000000000118e+02
2.739889999999999759e+02 1.959420000000000073e+02
2.735280000000000200e+02 1.807280000000000086e+02
2.684569999999999936e+02 1.673590000000000089e+02
2.726059999999999945e+02 2.212969999999999970e+02
2.703009999999999877e+02 2.000910000000000082e+02
2.684569999999999936e+02 1.862599999999999909e+02
2.656909999999999741e+02 1.751959999999999980e+02
2.698399999999999750e+02 2.282119999999999891e+02
2.670740000000000123e+02 2.106939999999999884e+02
2.661519999999999868e+02 2.010130000000000052e+02
2.638469999999999800e+02 1.917930000000000064e+02
