2.590579999999999927e+02 2.406910000000000025e+02
2.509019999999999868e+02 2.266450000000000102e+02
2.477309999999999945e+02 2.089749999999999943e+02
2.540740000000000123e+02 1.940229999999999961e+02
2.595110000000000241e+02 1.808830000000000098e+02
2.617769999999999868e+02 2.008189999999999884e+02
2.694789999999999850e+02 1.799770000000000039e+02
2.740099999999999909e+02 1.681970000000000027e+02
2.789940000000000282e+02 1.582290000000000134e+02
2.708380000000000223e+02 2.048969999999999914e+02
2.789940000000000282e+02 1.831490000000000009e+02
2.839780000000000086e+02 1.686500000000000057e+02
2.876030000000000086e+02 1.577760000000000105e+02
2.794470000000000027e+02 2.089749999999999943e+02
2.857900000000000205e+02 1.885860000000000127e+02
2.894150000000000205e+02 1.754459999999999980e+02
2.921329999999999814e+02 1.645720000000000027e+02
2.853369999999999891e+02 2.144120000000000061e+02
2.916800000000000068e+02 1.962880000000000109e+02
2.939460000000000264e+02 1.867729999999999961e+02
2.953050000000000068e+02 1.790709999999999980e+02
