2.127769999999999868e+02 3.940550000000000068e+02
2.280809999999999889e+02 3.977780000000000200e+02
2.425579999999999927e+02 4.052230000000000132e+02
2.557940000000000111e+02 4.143229999999999791e+02
2.706850000000000023e+02 4.205269999999999868e+02
2.396630000000000109e+02 4.106000000000000227e+02
2.409039999999999964e+02 4.110140000000000100e+02
2.446260000000000048e+02 4.110140000000000100e+02
2.392489999999999952e+02 4.110140000000000100e+02
2.268410000000000082e+02 4.122549999999999955e+02
2.384219999999999970e+02 4.238360000000000127e+02
2.409039999999999964e+02 4.250769999999999982e+02
2.409039999999999964e+02 4.254909999999999854e+02
2.160860000000000127e+02 4.134959999999999809e+02
2.243590000000000089e+02 4.288000000000000114e+02
2.301500000000000057e+02 4.399680000000000177e+02
2.334590000000000032e+02 4.445179999999999723e+02
2.065730000000000075e+02 4.143229999999999791e+02
2.111229999999999905e+02 4.263179999999999836e+02
2.123640000000000043e+02 4.329359999999999786e+02
2.165000000000000000e+02 4.441039999999999850e+02
