2.184329999999999927e+02 3.988340000000000032e+02
2.352090000000000032e+02 4.051250000000000000e+02
2.503069999999999879e+02 4.114159999999999968e+02
2.637280000000000086e+02 4.177069999999999936e+02
2.779879999999999995e+02 4.202239999999999895e+02
1.941080000000000041e+02 4.143519999999999754e+02
1.865589999999999975e+02 4.219010000000000105e+02
1.794290000000000020e+02 4.290310000000000059e+02
1.727189999999999941e+02 4.340640000000000214e+02
2.041740000000000066e+02 4.202239999999999895e+02
1.920109999999999957e+02 4.323860000000000241e+02
1.832040000000000077e+02 4.365799999999999841e+02
1.769130000000000109e+02 4.428709999999999809e+02
2.092059999999999889e+02 4.256759999999999877e+02
1.970440000000000111e+02 4.386770000000000209e+02
1.878170000000000073e+02 4.449680000000000177e+02
1.794290000000000020e+02 4.432909999999999968e+02
2.150780000000000030e+02 4.298700000000000045e+02
2.075289999999999964e+02 4.374189999999999827e+02
2.033350000000000080e+02 4.432909999999999968e+02
1.978830000000000098e+02 4.470649999999999977e+02
