2.386020000000000039e+02 3.989049999999999727e+02
2.518050000000000068e+02 4.029060000000000059e+02
2.634080000000000155e+02 4.085079999999999814e+02
2.662090000000000032e+02 4.205099999999999909e+02
2.674089999999999918e+02 4.337139999999999986e+02
2.470039999999999907e+02 4.137090000000000032e+02
2.494050000000000011e+02 4.301129999999999995e+02
2.510049999999999955e+02 4.405149999999999864e+02
2.502050000000000125e+02 4.505179999999999723e+02
2.358019999999999925e+02 4.145090000000000146e+02
2.386020000000000039e+02 4.329130000000000109e+02
2.370020000000000095e+02 4.421159999999999854e+02
2.362019999999999982e+02 4.521179999999999950e+02
2.261990000000000123e+02 4.141089999999999804e+02
2.285999999999999943e+02 4.297130000000000223e+02
2.290000000000000000e+02 4.397149999999999750e+02
2.253990000000000009e+02 4.493170000000000073e+02
2.169970000000000141e+02 4.169100000000000250e+02
2.173969999999999914e+02 4.281120000000000232e+02
2.157969999999999970e+02 4.341139999999999759e+02
2.129960000000000093e+02 4.409150000000000205e+02
