2.467170000000000130e+02 3.930629999999999882e+02
2.591349999999999909e+02 3.982710000000000150e+02
2.699510000000000218e+02 4.038790000000000191e+02
2.735559999999999832e+02 4.154959999999999809e+02
2.755590000000000259e+02 4.291159999999999854e+02
2.551289999999999907e+02 4.118910000000000196e+02
2.535269999999999868e+02 4.263120000000000118e+02
2.515240000000000009e+02 4.367269999999999754e+02
2.475180000000000007e+02 4.459399999999999977e+02
2.439130000000000109e+02 4.142939999999999827e+02
2.415099999999999909e+02 4.247099999999999795e+02
2.383050000000000068e+02 4.367269999999999754e+02
2.359010000000000105e+02 4.463410000000000082e+02
2.346999999999999886e+02 4.138940000000000055e+02
2.330970000000000084e+02 4.227069999999999936e+02
2.278899999999999864e+02 4.335219999999999914e+02
2.250860000000000127e+02 4.431360000000000241e+02
2.250860000000000127e+02 4.134929999999999950e+02
2.186759999999999877e+02 4.227069999999999936e+02
2.142700000000000102e+02 4.279139999999999873e+02
2.098629999999999995e+02 4.339230000000000018e+02
