2.523439999999999941e+02 2.267100000000000080e+02
2.637210000000000036e+02 2.223350000000000080e+02
2.803489999999999895e+02 2.131459999999999866e+02
2.943509999999999991e+02 2.100829999999999984e+02
3.083539999999999850e+02 2.092069999999999936e+02
2.672210000000000036e+02 1.908290000000000077e+02
2.755350000000000250e+02 1.711380000000000052e+02
2.877869999999999777e+02 1.667620000000000005e+02
2.969769999999999754e+02 1.676380000000000052e+02
2.641580000000000155e+02 1.890790000000000077e+02
2.768480000000000132e+02 1.707009999999999934e+02
2.904130000000000109e+02 1.676380000000000052e+02
2.991639999999999873e+02 1.680749999999999886e+02
2.624080000000000155e+02 1.908290000000000077e+02
2.759730000000000132e+02 1.724509999999999934e+02
2.882250000000000227e+02 1.689499999999999886e+02
2.978519999999999754e+02 1.702630000000000052e+02
2.624080000000000155e+02 1.934550000000000125e+02
2.724719999999999800e+02 1.803269999999999982e+02
2.803489999999999895e+02 1.750759999999999934e+02
2.877869999999999777e+02 1.720130000000000052e+02
