2.194540000000000077e+02 4.004169999999999732e+02
2.300240000000000009e+02 4.012629999999999768e+02
2.401709999999999923e+02 4.042230000000000132e+02
2.456680000000000064e+02 4.105649999999999977e+02
2.465130000000000052e+02 4.228260000000000218e+02
2.173400000000000034e+02 4.173290000000000077e+02
1.978919999999999959e+02 4.177520000000000095e+02
1.881670000000000016e+02 4.245169999999999959e+02
1.852079999999999984e+02 4.257850000000000250e+02
2.088839999999999861e+02 4.211349999999999909e+02
1.961999999999999886e+02 4.266309999999999718e+02
1.881670000000000016e+02 4.287450000000000045e+02
1.818249999999999886e+02 4.321270000000000095e+02
2.084619999999999891e+02 4.274769999999999754e+02
1.987369999999999948e+02 4.321270000000000095e+02
1.919720000000000084e+02 4.363550000000000182e+02
1.860529999999999973e+02 4.376240000000000236e+02
2.118439999999999941e+02 4.329730000000000132e+02
2.046560000000000059e+02 4.380459999999999923e+02
1.957779999999999916e+02 4.410059999999999718e+02
2.012740000000000009e+02 4.388919999999999959e+02
