2.594209999999999923e+02 2.723890000000000100e+02
2.721650000000000205e+02 2.619209999999999923e+02
2.853639999999999759e+02 2.469019999999999868e+02
2.917350000000000136e+02 2.300620000000000118e+02
3.003829999999999814e+02 2.182290000000000134e+02
2.689789999999999850e+02 2.286970000000000027e+02
2.712549999999999955e+02 2.073060000000000116e+02
2.721650000000000205e+02 1.950169999999999959e+02
2.717099999999999795e+02 1.845490000000000066e+02
2.594209999999999923e+02 2.286970000000000027e+02
2.580559999999999832e+02 2.063950000000000102e+02
2.576009999999999991e+02 1.927410000000000139e+02
2.571460000000000150e+02 1.813629999999999995e+02
2.503189999999999884e+02 2.318830000000000098e+02
2.489530000000000030e+02 2.109470000000000027e+02
2.480430000000000064e+02 1.986579999999999870e+02
2.489530000000000030e+02 1.872800000000000011e+02
2.425809999999999889e+02 2.364339999999999975e+02
2.362100000000000080e+02 2.218700000000000045e+02
2.343890000000000100e+02 2.127669999999999959e+02
2.312030000000000030e+02 2.041200000000000045e+02
