2.360080000000000098e+02 3.986329999999999814e+02
2.488160000000000025e+02 4.021259999999999764e+02
2.604599999999999795e+02 4.083360000000000127e+02
2.627889999999999873e+02 4.188149999999999977e+02
2.643410000000000082e+02 4.308469999999999800e+02
2.398890000000000100e+02 4.157099999999999795e+02
2.398890000000000100e+02 4.300699999999999932e+02
2.387249999999999943e+02 4.401619999999999777e+02
2.340680000000000121e+02 4.475360000000000014e+02
2.294099999999999966e+02 4.160980000000000132e+02
2.270809999999999889e+02 4.292939999999999827e+02
2.235879999999999939e+02 4.401619999999999777e+02
2.173779999999999859e+02 4.483120000000000118e+02
2.204830000000000041e+02 4.149340000000000259e+02
2.177659999999999911e+02 4.269649999999999750e+02
2.134970000000000141e+02 4.366680000000000064e+02
2.092280000000000086e+02 4.455950000000000273e+02
2.119449999999999932e+02 4.145459999999999923e+02
2.053460000000000036e+02 4.242490000000000236e+02
2.006889999999999930e+02 4.304590000000000032e+02
1.956430000000000007e+02 4.358919999999999959e+02
