2.613109999999999786e+02 2.522709999999999866e+02
2.763539999999999850e+02 2.478470000000000084e+02
2.905120000000000005e+02 2.336889999999999930e+02
2.998029999999999973e+02 2.195310000000000059e+02
3.090950000000000273e+02 2.080269999999999868e+02
2.821059999999999945e+02 2.155490000000000066e+02
2.865299999999999727e+02 1.956390000000000100e+02
2.900699999999999932e+02 1.823650000000000091e+02
2.896270000000000095e+02 1.699770000000000039e+02
2.719289999999999736e+02 2.146639999999999873e+02
2.790079999999999814e+02 1.916570000000000107e+02
2.821059999999999945e+02 1.779410000000000025e+02
2.812210000000000036e+02 1.659950000000000045e+02
2.644080000000000155e+02 2.159910000000000139e+02
2.688319999999999936e+02 1.947539999999999907e+02
2.719289999999999736e+02 1.814799999999999898e+02
2.745840000000000032e+02 1.708619999999999948e+02
2.551169999999999902e+02 2.199730000000000132e+02
2.568860000000000241e+02 2.044879999999999995e+02
2.577710000000000150e+02 1.943110000000000070e+02
2.604259999999999877e+02 1.845780000000000030e+02
