2.652579999999999814e+02 2.565950000000000273e+02
2.758029999999999973e+02 2.488000000000000114e+02
2.904759999999999991e+02 2.345869999999999891e+02
3.023969999999999914e+02 2.254170000000000016e+02
3.166100000000000136e+02 2.226659999999999968e+02
2.941440000000000055e+02 2.235829999999999984e+02
3.056059999999999945e+02 2.185389999999999873e+02
3.138589999999999804e+02 2.148710000000000093e+02
3.202780000000000200e+02 2.102860000000000014e+02
2.941440000000000055e+02 2.222069999999999936e+02
3.056059999999999945e+02 2.171639999999999873e+02
3.138589999999999804e+02 2.134960000000000093e+02
3.230289999999999964e+02 2.112030000000000030e+02
2.936850000000000023e+02 2.217489999999999952e+02
3.046890000000000214e+02 2.162470000000000141e+02
3.124839999999999804e+02 2.139540000000000077e+02
3.216539999999999964e+02 2.116620000000000061e+02
2.730520000000000209e+02 2.199149999999999920e+02
3.019379999999999882e+02 2.171639999999999873e+02
3.088159999999999741e+02 2.134960000000000093e+02
3.170690000000000168e+02 2.199149999999999920e+02
