2.220610000000000070e+02 3.966460000000000150e+02
2.348410000000000082e+02 4.018380000000000223e+02
2.444259999999999877e+02 4.138190000000000168e+02
2.388340000000000032e+02 4.234039999999999964e+02
2.348410000000000082e+02 4.345869999999999891e+02
2.236579999999999870e+02 4.146179999999999950e+02
2.208629999999999995e+02 4.305930000000000177e+02
2.160699999999999932e+02 4.401779999999999973e+02
2.092810000000000059e+02 4.473670000000000186e+02
2.128750000000000000e+02 4.142180000000000177e+02
2.092810000000000059e+02 4.297939999999999827e+02
2.028909999999999911e+02 4.405769999999999982e+02
1.969000000000000057e+02 4.469669999999999845e+02
2.032899999999999920e+02 4.138190000000000168e+02
1.996959999999999980e+02 4.269979999999999905e+02
1.961009999999999991e+02 4.369830000000000041e+02
1.901109999999999900e+02 4.449700000000000273e+02
1.953029999999999973e+02 4.134200000000000159e+02
1.901109999999999900e+02 4.258000000000000114e+02
1.861169999999999902e+02 4.325899999999999750e+02
1.813240000000000123e+02 4.369830000000000041e+02
