2.435020000000000095e+02 3.013210000000000264e+02
2.479830000000000041e+02 2.869800000000000182e+02
2.677010000000000218e+02 2.798100000000000023e+02
2.856259999999999764e+02 2.829470000000000027e+02
2.999660000000000082e+02 2.838430000000000177e+02
2.762149999999999750e+02 2.995280000000000200e+02
2.936920000000000073e+02 3.062500000000000000e+02
3.044479999999999791e+02 2.986320000000000050e+02
3.075849999999999795e+02 2.883249999999999886e+02
2.775600000000000023e+02 3.058020000000000209e+02
2.941410000000000196e+02 3.196940000000000168e+02
3.080330000000000155e+02 3.210380000000000109e+02
3.205799999999999841e+02 3.170049999999999955e+02
2.793519999999999754e+02 3.075939999999999941e+02
2.932440000000000282e+02 3.196940000000000168e+02
3.053439999999999941e+02 3.201419999999999959e+02
3.196840000000000259e+02 3.331379999999999768e+02
2.798000000000000114e+02 3.058020000000000209e+02
2.936920000000000073e+02 3.058020000000000209e+02
3.017590000000000146e+02 2.999759999999999991e+02
3.008629999999999995e+02 2.945989999999999895e+02
