2.759859999999999900e+02 2.608340000000000032e+02
2.742180000000000177e+02 2.484540000000000077e+02
2.742180000000000177e+02 2.338629999999999995e+02
2.724490000000000123e+02 2.245780000000000030e+02
2.671429999999999723e+02 2.192729999999999961e+02
2.724490000000000123e+02 2.228100000000000023e+02
2.751019999999999754e+02 2.055660000000000025e+02
2.777549999999999955e+02 1.936279999999999859e+02
2.812919999999999732e+02 1.847860000000000014e+02
2.781970000000000027e+02 2.267889999999999873e+02
2.812919999999999732e+02 2.055660000000000025e+02
2.817339999999999804e+02 1.905329999999999870e+02
2.795230000000000246e+02 1.768269999999999982e+02
2.848290000000000077e+02 2.307680000000000007e+02
2.852710000000000150e+02 2.099879999999999995e+02
2.852710000000000150e+02 1.971659999999999968e+02
2.848290000000000077e+02 1.861119999999999948e+02
2.919030000000000200e+02 2.351899999999999977e+02
2.914610000000000127e+02 2.201570000000000107e+02
2.905769999999999982e+02 2.117560000000000002e+02
2.888079999999999927e+02 2.042400000000000091e+02
