2.511490000000000009e+02 2.773600000000000136e+02
2.506879999999999882e+02 2.662959999999999923e+02
2.571419999999999959e+02 2.520049999999999955e+02
2.649800000000000182e+02 2.381750000000000114e+02
2.672850000000000250e+02 2.257270000000000039e+02
2.622139999999999986e+02 2.787429999999999950e+02
2.871080000000000041e+02 2.893469999999999800e+02
2.954060000000000059e+02 2.967230000000000132e+02
3.023210000000000264e+02 3.013330000000000268e+02
2.746610000000000014e+02 2.810480000000000018e+02
2.898740000000000236e+02 2.907300000000000182e+02
2.990939999999999941e+02 2.999499999999999886e+02
3.055480000000000018e+02 3.073260000000000218e+02
2.769660000000000082e+02 2.787429999999999950e+02
2.889519999999999982e+02 2.888860000000000241e+02
2.990939999999999941e+02 2.967230000000000132e+02
3.046259999999999764e+02 3.045600000000000023e+02
2.783489999999999895e+02 2.755160000000000196e+02
2.898740000000000236e+02 2.851970000000000027e+02
2.949449999999999932e+02 2.911909999999999741e+02
3.013990000000000009e+02 2.976449999999999818e+02
