2.348899999999999864e+02 4.048109999999999786e+02
2.487189999999999941e+02 4.088790000000000191e+02
2.613269999999999982e+02 4.157930000000000064e+02
2.605140000000000100e+02 4.312490000000000236e+02
2.617339999999999804e+02 4.438580000000000041e+02
2.479050000000000011e+02 4.153860000000000241e+02
2.491250000000000000e+02 4.235210000000000150e+02
2.515660000000000025e+02 4.434510000000000218e+02
2.515660000000000025e+02 4.503659999999999854e+02
2.377369999999999948e+02 4.178269999999999982e+02
2.385500000000000114e+02 4.255550000000000068e+02
2.409910000000000139e+02 4.336890000000000214e+02
2.434310000000000116e+02 4.406039999999999850e+02
2.287889999999999873e+02 4.190470000000000255e+02
2.283820000000000050e+02 4.247409999999999854e+02
2.300089999999999861e+02 4.328759999999999764e+02
2.324490000000000123e+02 4.369429999999999836e+02
2.218739999999999952e+02 4.218940000000000055e+02
2.202470000000000141e+02 4.271820000000000164e+02
2.230939999999999941e+02 4.324689999999999941e+02
2.235010000000000048e+02 4.349100000000000250e+02
