2.386670000000000016e+02 4.103999999999999773e+02
2.536999999999999886e+02 4.148690000000000282e+02
2.654830000000000041e+02 4.197440000000000282e+02
2.618260000000000218e+02 4.355899999999999750e+02
2.642640000000000100e+02 4.477789999999999964e+02
2.492309999999999945e+02 4.189320000000000164e+02
2.480120000000000005e+02 4.286829999999999927e+02
2.508559999999999945e+02 4.453410000000000082e+02
2.500440000000000111e+02 4.559039999999999964e+02
2.370420000000000016e+02 4.221820000000000164e+02
2.366359999999999957e+02 4.262450000000000045e+02
2.394799999999999898e+02 4.485910000000000082e+02
2.394799999999999898e+02 4.664680000000000177e+02
2.272909999999999968e+02 4.250260000000000105e+02
2.272909999999999968e+02 4.315269999999999868e+02
2.281040000000000134e+02 4.494039999999999964e+02
2.301349999999999909e+02 4.628109999999999786e+02
2.183530000000000086e+02 4.282769999999999868e+02
2.187589999999999861e+02 4.376209999999999809e+02
2.183530000000000086e+02 4.477789999999999964e+02
2.179470000000000027e+02 4.546859999999999786e+02
