2.495639999999999930e+02 2.456299999999999955e+02
2.599420000000000073e+02 2.319509999999999934e+02
2.689039999999999964e+02 2.144979999999999905e+02
2.726779999999999973e+02 1.984600000000000080e+02
2.797529999999999859e+02 1.861959999999999980e+02
2.538100000000000023e+02 2.050639999999999930e+02
2.566399999999999864e+02 1.861959999999999980e+02
2.580550000000000068e+02 1.720449999999999875e+02
2.580550000000000068e+02 1.602520000000000095e+02
2.439039999999999964e+02 2.055349999999999966e+02
2.439039999999999964e+02 1.847810000000000059e+02
2.453189999999999884e+02 1.696860000000000070e+02
2.439039999999999964e+02 1.564780000000000086e+02
2.382429999999999950e+02 2.083660000000000139e+02
2.368280000000000030e+02 1.885540000000000020e+02
2.368280000000000030e+02 1.744029999999999916e+02
2.354130000000000109e+02 1.602520000000000095e+02
2.321109999999999900e+02 2.126109999999999900e+02
2.302249999999999943e+02 1.961009999999999991e+02
2.278660000000000139e+02 1.861959999999999980e+02
2.278660000000000139e+02 1.753470000000000084e+02
