2.140790000000000077e+02 3.952819999999999823e+02
2.320629999999999882e+02 4.032280000000000086e+02
2.471189999999999998e+02 4.099200000000000159e+02
2.621759999999999877e+02 4.153570000000000277e+02
2.763949999999999818e+02 4.145210000000000150e+02
1.944219999999999970e+02 4.124300000000000068e+02
1.860569999999999879e+02 4.216309999999999718e+02
1.806200000000000045e+02 4.287409999999999854e+02
1.756020000000000039e+02 4.358500000000000227e+02
2.023689999999999998e+02 4.182850000000000250e+02
1.919130000000000109e+02 4.283220000000000027e+02
1.848029999999999973e+02 4.366870000000000118e+02
1.781109999999999900e+02 4.437970000000000255e+02
2.086419999999999959e+02 4.224669999999999845e+02
1.990229999999999961e+02 4.316680000000000064e+02
1.898220000000000027e+02 4.396150000000000091e+02
1.839660000000000082e+02 4.454700000000000273e+02
2.153340000000000032e+02 4.283220000000000027e+02
2.061330000000000098e+02 4.366870000000000118e+02
2.019499999999999886e+02 4.417060000000000173e+02
1.956769999999999925e+02 4.450520000000000209e+02
