2.519679999999999893e+02 3.901800000000000068e+02
2.642590000000000146e+02 3.942769999999999868e+02
2.757300000000000182e+02 4.020609999999999786e+02
2.822860000000000014e+02 4.159909999999999854e+02
2.908899999999999864e+02 4.241859999999999786e+02
2.658980000000000246e+02 4.073879999999999768e+02
2.650779999999999745e+02 4.213179999999999836e+02
2.654879999999999995e+02 4.303310000000000173e+02
2.654879999999999995e+02 4.393450000000000273e+02
2.536059999999999945e+02 4.086170000000000186e+02
2.527870000000000061e+02 4.221370000000000005e+02
2.503290000000000077e+02 4.323799999999999955e+02
2.495089999999999861e+02 4.422130000000000223e+02
2.437729999999999961e+02 4.098460000000000036e+02
2.413149999999999977e+02 4.213179999999999836e+02
2.392669999999999959e+02 4.295120000000000005e+02
2.388569999999999993e+02 4.393450000000000273e+02
2.359890000000000043e+02 4.114850000000000136e+02
2.269749999999999943e+02 4.192690000000000055e+02
2.200099999999999909e+02 4.241859999999999786e+02
2.142750000000000057e+02 4.291019999999999754e+02
