2.504190000000000111e+02 2.966779999999999973e+02
2.520740000000000123e+02 2.888170000000000073e+02
2.574519999999999982e+02 2.780600000000000023e+02
2.615899999999999750e+02 2.673020000000000209e+02
2.611759999999999877e+02 2.548899999999999864e+02
2.715199999999999818e+02 2.987470000000000141e+02
2.839320000000000164e+02 3.231580000000000155e+02
2.843460000000000036e+02 3.335020000000000095e+02
2.851730000000000018e+02 3.413629999999999995e+02
2.764850000000000136e+02 3.090910000000000082e+02
2.831050000000000182e+02 3.231580000000000155e+02
2.843460000000000036e+02 3.343290000000000077e+02
2.843460000000000036e+02 3.438450000000000273e+02
2.740020000000000095e+02 3.053670000000000186e+02
2.810360000000000014e+02 3.206759999999999877e+02
2.810360000000000014e+02 3.330880000000000223e+02
2.797950000000000159e+02 3.434320000000000164e+02
2.698650000000000091e+02 3.032980000000000018e+02
2.748299999999999841e+02 3.136419999999999959e+02
2.768980000000000246e+02 3.235720000000000027e+02
2.756569999999999823e+02 3.330880000000000223e+02
