2.740099999999999909e+02 2.653489999999999895e+02
2.876019999999999754e+02 2.548269999999999982e+02
3.016320000000000050e+02 2.399199999999999875e+02
3.099619999999999891e+02 2.254519999999999982e+02
3.200459999999999923e+02 2.158069999999999879e+02
2.849710000000000036e+02 2.228220000000000027e+02
2.858480000000000132e+02 2.022150000000000034e+02
2.867250000000000227e+02 1.881860000000000070e+02
2.845330000000000155e+02 1.772249999999999943e+02
2.748870000000000005e+02 2.236980000000000075e+02
2.731340000000000146e+02 2.022150000000000034e+02
2.709409999999999741e+02 1.859939999999999998e+02
2.683109999999999786e+02 1.745939999999999941e+02
2.674340000000000259e+02 2.276440000000000055e+02
2.626109999999999900e+02 2.087920000000000016e+02
2.586650000000000205e+02 1.952009999999999934e+02
2.560350000000000250e+02 1.824859999999999900e+02
2.599809999999999945e+02 2.342210000000000036e+02
2.520889999999999986e+02 2.201910000000000025e+02
2.477050000000000125e+02 2.118609999999999900e+02
2.428820000000000050e+02 2.030920000000000130e+02
