2.570679999999999836e+02 2.790570000000000164e+02
2.713480000000000132e+02 2.620149999999999864e+02
2.856270000000000095e+02 2.463540000000000134e+02
2.934569999999999936e+02 2.302319999999999993e+02
3.026700000000000159e+02 2.182560000000000002e+02
2.681229999999999905e+02 2.283899999999999864e+02
2.708870000000000005e+02 2.067400000000000091e+02
2.713480000000000132e+02 1.943040000000000020e+02
2.690439999999999827e+02 1.837100000000000080e+02
2.579900000000000091e+02 2.288499999999999943e+02
2.575289999999999964e+02 2.062800000000000011e+02
2.570679999999999836e+02 1.920010000000000048e+02
2.566080000000000041e+02 1.804850000000000136e+02
2.496990000000000123e+02 2.320740000000000123e+02
2.483170000000000073e+02 2.108859999999999957e+02
2.464739999999999895e+02 1.984490000000000123e+02
2.469350000000000023e+02 1.873950000000000102e+02
2.423290000000000077e+02 2.366810000000000116e+02
2.358799999999999955e+02 2.214799999999999898e+02
2.335769999999999982e+02 2.131889999999999930e+02
2.308129999999999882e+02 2.048979999999999961e+02
