2.360149999999999864e+02 3.964689999999999941e+02
2.487290000000000134e+02 4.008389999999999986e+02
2.602500000000000000e+02 4.079909999999999854e+02
2.610450000000000159e+02 4.195120000000000005e+02
2.642230000000000132e+02 4.314309999999999832e+02
2.415769999999999982e+02 4.167309999999999945e+02
2.403849999999999909e+02 4.306370000000000005e+02
2.383990000000000009e+02 4.405690000000000168e+02
2.328369999999999891e+02 4.477200000000000273e+02
2.304530000000000030e+02 4.159370000000000118e+02
2.272750000000000057e+02 4.290470000000000255e+02
2.233019999999999925e+02 4.409660000000000082e+02
2.177400000000000091e+02 4.481170000000000186e+02
2.217129999999999939e+02 4.143469999999999800e+02
2.181370000000000005e+02 4.258690000000000282e+02
2.141639999999999873e+02 4.354039999999999964e+02
2.101910000000000025e+02 4.449390000000000214e+02
2.121769999999999925e+02 4.135529999999999973e+02
2.070130000000000052e+02 4.234850000000000136e+02
2.018480000000000132e+02 4.298419999999999845e+02
1.974780000000000086e+02 4.354039999999999964e+02
