2.364099999999999966e+02 3.969730000000000132e+02
2.491500000000000057e+02 4.013519999999999754e+02
2.595009999999999764e+02 4.081200000000000045e+02
2.614920000000000186e+02 4.192679999999999723e+02
2.646770000000000209e+02 4.316100000000000136e+02
2.431779999999999973e+02 4.160830000000000268e+02
2.403909999999999911e+02 4.308140000000000214e+02
2.380020000000000095e+02 4.411650000000000205e+02
2.332249999999999943e+02 4.475350000000000250e+02
2.308360000000000127e+02 4.156850000000000023e+02
2.276510000000000105e+02 4.288229999999999791e+02
2.236699999999999875e+02 4.411650000000000205e+02
2.169010000000000105e+02 4.479329999999999927e+02
2.224749999999999943e+02 4.144900000000000091e+02
2.173000000000000114e+02 4.260360000000000014e+02
2.141150000000000091e+02 4.375819999999999936e+02
2.089389999999999930e+02 4.451460000000000150e+02
2.137160000000000082e+02 4.140919999999999845e+02
2.053559999999999945e+02 4.248419999999999845e+02
2.009759999999999991e+02 4.312119999999999891e+02
1.958009999999999877e+02 4.355910000000000082e+02
