2.430509999999999877e+02 4.141840000000000259e+02
2.581990000000000123e+02 4.205620000000000118e+02
2.705570000000000164e+02 4.293319999999999936e+02
2.789279999999999973e+02 4.396960000000000264e+02
2.861039999999999850e+02 4.484660000000000082e+02
2.506250000000000000e+02 4.388990000000000009e+02
2.486320000000000050e+02 4.440810000000000173e+02
2.458420000000000130e+02 4.444800000000000182e+02
2.426529999999999916e+02 4.452769999999999868e+02
2.358760000000000048e+02 4.385009999999999764e+02
2.346800000000000068e+02 4.464730000000000132e+02
2.318899999999999864e+02 4.588310000000000173e+02
2.271059999999999945e+02 4.703910000000000196e+02
2.255120000000000005e+02 4.385009999999999764e+02
2.219240000000000066e+02 4.448790000000000191e+02
2.159439999999999884e+02 4.572359999999999900e+02
2.099650000000000034e+02 4.668039999999999736e+02
2.135529999999999973e+02 4.369060000000000059e+02
2.063770000000000095e+02 4.436829999999999927e+02
1.995999999999999943e+02 4.480679999999999836e+02
1.936210000000000093e+02 4.540470000000000255e+02
