2.479060000000000059e+02 2.358640000000000043e+02
2.595430000000000064e+02 2.287030000000000030e+02
2.734180000000000064e+02 2.188559999999999945e+02
2.872930000000000064e+02 2.143799999999999955e+02
3.016159999999999854e+02 2.121419999999999959e+02
2.613340000000000032e+02 1.960289999999999964e+02
2.716279999999999859e+02 1.821539999999999964e+02
2.832649999999999864e+02 1.790209999999999866e+02
2.913220000000000027e+02 1.812589999999999861e+02
2.577529999999999859e+02 1.964770000000000039e+02
2.725230000000000246e+02 1.803640000000000043e+02
2.863980000000000246e+02 1.799159999999999968e+02
2.975880000000000223e+02 1.821539999999999964e+02
2.577529999999999859e+02 2.005049999999999955e+02
2.725230000000000246e+02 1.843919999999999959e+02
2.846080000000000041e+02 1.821539999999999964e+02
2.944549999999999841e+02 1.834970000000000141e+02
2.599909999999999854e+02 2.072189999999999941e+02
2.693899999999999864e+02 1.933439999999999941e+02
2.778940000000000055e+02 1.888679999999999950e+02
2.868460000000000036e+02 1.861819999999999879e+02
