2.752350000000000136e+02 2.639130000000000109e+02
2.863190000000000168e+02 2.541589999999999918e+02
2.991759999999999877e+02 2.390850000000000080e+02
3.067130000000000223e+02 2.231239999999999952e+02
3.146940000000000168e+02 2.120399999999999920e+02
2.823290000000000077e+02 2.217940000000000111e+02
2.858750000000000000e+02 2.014000000000000057e+02
2.894220000000000255e+02 1.885430000000000064e+02
2.898659999999999854e+02 1.774590000000000032e+02
2.721309999999999718e+02 2.235680000000000121e+02
2.752350000000000136e+02 2.027299999999999898e+02
2.778949999999999818e+02 1.889859999999999900e+02
2.787819999999999823e+02 1.783449999999999989e+02
2.654809999999999945e+02 2.284449999999999932e+02
2.663679999999999950e+02 2.084939999999999998e+02
2.681410000000000196e+02 1.965229999999999961e+02
2.699150000000000205e+02 1.858820000000000050e+02
2.610470000000000255e+02 2.355380000000000109e+02
2.570570000000000164e+02 2.213509999999999991e+02
2.566139999999999759e+02 2.120399999999999920e+02
2.548400000000000034e+02 2.036169999999999902e+02
