2.564449999999999932e+02 2.420250000000000057e+02
2.487290000000000134e+02 2.279550000000000125e+02
2.437369999999999948e+02 2.093460000000000036e+02
2.419209999999999923e+02 1.916450000000000102e+02
2.378360000000000127e+02 1.775749999999999886e+02
2.596220000000000141e+02 1.979989999999999952e+02
2.637069999999999936e+02 1.766680000000000064e+02
2.659759999999999991e+02 1.625980000000000132e+02
2.650690000000000168e+02 1.530670000000000073e+02
2.700609999999999786e+02 2.020840000000000032e+02
2.777769999999999868e+02 1.802990000000000066e+02
2.827690000000000055e+02 1.662290000000000134e+02
2.863999999999999773e+02 1.562439999999999998e+02
2.782309999999999945e+02 2.070769999999999982e+02
2.895769999999999982e+02 1.889219999999999970e+02
2.963849999999999909e+02 1.789370000000000118e+02
3.009239999999999782e+02 1.694060000000000059e+02
2.850389999999999873e+02 2.134310000000000116e+02
2.986549999999999727e+02 2.066229999999999905e+02
3.068240000000000123e+02 2.029919999999999902e+02
3.145400000000000205e+02 1.989070000000000107e+02
