2.541299999999999955e+02 2.810790000000000077e+02
2.656259999999999764e+02 2.705029999999999859e+02
2.775810000000000173e+02 2.585480000000000018e+02
2.881569999999999823e+02 2.511899999999999977e+02
2.996519999999999868e+02 2.470519999999999925e+02
2.614870000000000232e+02 2.373959999999999866e+02
2.601080000000000041e+02 2.171639999999999873e+02
2.578090000000000259e+02 2.033689999999999998e+02
2.559689999999999941e+02 1.918739999999999952e+02
2.532100000000000080e+02 2.392350000000000136e+02
2.509110000000000014e+02 2.171639999999999873e+02
2.536699999999999875e+02 2.033689999999999998e+02
2.550500000000000114e+02 1.914139999999999873e+02
2.467729999999999961e+02 2.433739999999999952e+02
2.407949999999999875e+02 2.240610000000000070e+02
2.361970000000000027e+02 2.107259999999999991e+02
2.329780000000000086e+02 1.987709999999999866e+02
2.421750000000000114e+02 2.502709999999999866e+02
2.325190000000000055e+02 2.369360000000000070e+02
2.270010000000000048e+02 2.291189999999999998e+02
2.210229999999999961e+02 2.213019999999999925e+02
