2.710640000000000214e+02 2.717699999999999818e+02
2.806739999999999782e+02 2.585000000000000000e+02
2.843349999999999795e+02 2.379079999999999870e+02
2.843349999999999795e+02 2.196040000000000134e+02
2.847919999999999732e+02 2.054180000000000064e+02
2.646580000000000155e+02 2.241800000000000068e+02
2.765559999999999832e+02 2.150279999999999916e+02
2.838770000000000095e+02 2.173160000000000025e+02
2.829619999999999891e+02 2.246370000000000005e+02
2.577939999999999827e+02 2.269250000000000114e+02
2.760980000000000132e+02 2.200610000000000070e+02
2.811320000000000050e+02 2.287560000000000002e+02
2.793009999999999877e+02 2.365349999999999966e+02
2.541330000000000098e+02 2.315010000000000048e+02
2.719800000000000182e+02 2.264679999999999893e+02
2.756399999999999864e+02 2.356200000000000045e+02
2.724370000000000118e+02 2.411109999999999900e+02
2.532179999999999893e+02 2.379079999999999870e+02
2.664879999999999995e+02 2.328739999999999952e+02
2.692339999999999804e+02 2.401959999999999980e+02
2.674039999999999964e+02 2.452290000000000134e+02
