2.509410000000000025e+02 2.847749999999999773e+02
2.629139999999999873e+02 2.675339999999999918e+02
2.724929999999999950e+02 2.469399999999999977e+02
2.768029999999999973e+02 2.287400000000000091e+02
2.815919999999999845e+02 2.167669999999999959e+02
2.552510000000000048e+02 2.330509999999999877e+02
2.538139999999999930e+02 2.124569999999999936e+02
2.518990000000000009e+02 1.976100000000000136e+02
2.504619999999999891e+02 1.861160000000000139e+02
2.471090000000000089e+02 2.364029999999999916e+02
2.423199999999999932e+02 2.129360000000000070e+02
2.389679999999999893e+02 1.980889999999999986e+02
2.356150000000000091e+02 1.861160000000000139e+02
2.399250000000000114e+02 2.407139999999999986e+02
2.327410000000000139e+02 2.205989999999999895e+02
2.293890000000000100e+02 2.062309999999999945e+02
2.269939999999999998e+02 1.947359999999999900e+02
2.346570000000000107e+02 2.478969999999999914e+02
2.241210000000000093e+02 2.344869999999999948e+02
2.193309999999999889e+02 2.253880000000000052e+02
2.126260000000000048e+02 2.172460000000000093e+02
