2.550999999999999943e+02 2.383919999999999959e+02
2.466959999999999980e+02 2.248530000000000086e+02
2.401599999999999966e+02 2.075790000000000077e+02
2.401599999999999966e+02 1.917050000000000125e+02
2.392259999999999991e+02 1.767649999999999864e+02
2.508979999999999961e+02 1.991750000000000114e+02
2.555670000000000073e+02 1.776990000000000123e+02
2.588349999999999795e+02 1.646260000000000048e+02
2.621030000000000086e+02 1.538880000000000052e+02
2.611689999999999827e+02 2.024430000000000121e+02
2.658380000000000223e+02 1.776990000000000123e+02
2.691059999999999945e+02 1.636920000000000073e+02
2.705070000000000050e+02 1.510869999999999891e+02
2.700400000000000205e+02 2.057110000000000127e+02
2.737749999999999773e+02 1.828340000000000032e+02
2.751759999999999877e+02 1.688280000000000030e+02
2.770430000000000064e+02 1.576229999999999905e+02
2.775099999999999909e+02 2.085120000000000005e+02
2.807780000000000200e+02 1.907709999999999866e+02
2.812450000000000045e+02 1.809670000000000130e+02
2.817119999999999891e+02 1.730300000000000011e+02
