2.363959999999999866e+02 3.980140000000000100e+02
2.491349999999999909e+02 4.015969999999999800e+02
2.602819999999999823e+02 4.075679999999999836e+02
2.618740000000000236e+02 4.187149999999999750e+02
2.642629999999999768e+02 4.310559999999999832e+02
2.415709999999999980e+02 4.151320000000000050e+02
2.399790000000000134e+02 4.302599999999999909e+02
2.375900000000000034e+02 4.410090000000000146e+02
2.332110000000000127e+02 4.481739999999999782e+02
2.296279999999999859e+02 4.147339999999999804e+02
2.272400000000000091e+02 4.290659999999999741e+02
2.236570000000000107e+02 4.406100000000000136e+02
2.176850000000000023e+02 4.485720000000000027e+02
2.204720000000000084e+02 4.139379999999999882e+02
2.172870000000000061e+02 4.266770000000000209e+02
2.137040000000000077e+02 4.366290000000000191e+02
2.089269999999999925e+02 4.457860000000000014e+02
2.117139999999999986e+02 4.139379999999999882e+02
2.053439999999999941e+02 4.246870000000000118e+02
2.009650000000000034e+02 4.302599999999999909e+02
1.953919999999999959e+02 4.362309999999999945e+02
