2.662149999999999750e+02 3.003700000000000045e+02
2.826469999999999914e+02 2.916970000000000027e+02
2.954279999999999973e+02 2.748079999999999927e+02
2.986229999999999905e+02 2.638530000000000086e+02
2.981669999999999732e+02 2.602010000000000218e+02
2.771700000000000159e+02 2.547239999999999895e+02
2.913199999999999932e+02 2.565500000000000114e+02
2.931460000000000150e+02 2.633969999999999914e+02
2.913199999999999932e+02 2.670480000000000018e+02
2.684970000000000141e+02 2.560930000000000177e+02
2.872119999999999891e+02 2.624839999999999804e+02
2.867549999999999955e+02 2.693310000000000173e+02
2.835600000000000023e+02 2.725260000000000105e+02
2.616499999999999773e+02 2.606580000000000155e+02
2.789959999999999809e+02 2.679610000000000127e+02
2.794519999999999982e+02 2.752649999999999864e+02
2.758000000000000114e+02 2.784599999999999795e+02
2.552599999999999909e+02 2.684180000000000064e+02
2.684970000000000141e+02 2.716129999999999995e+02
2.694100000000000250e+02 2.798290000000000077e+02
2.675840000000000032e+02 2.839370000000000118e+02
