2.410440000000000111e+02 4.136259999999999764e+02
2.554180000000000064e+02 4.176179999999999950e+02
2.661990000000000123e+02 4.232090000000000032e+02
2.705910000000000082e+02 4.367839999999999918e+02
2.753820000000000050e+02 4.495609999999999786e+02
2.502270000000000039e+02 4.367839999999999918e+02
2.486299999999999955e+02 4.487629999999999768e+02
2.470329999999999870e+02 4.587450000000000045e+02
2.434389999999999930e+02 4.683279999999999745e+02
2.374499999999999886e+02 4.319929999999999950e+02
2.346550000000000011e+02 4.475649999999999977e+02
2.310610000000000070e+02 4.591440000000000055e+02
2.270689999999999884e+02 4.695260000000000105e+02
2.278669999999999902e+02 4.303960000000000150e+02
2.242740000000000009e+02 4.443709999999999809e+02
2.230759999999999934e+02 4.551510000000000105e+02
2.182839999999999918e+02 4.651340000000000146e+02
2.178849999999999909e+02 4.303960000000000150e+02
2.146910000000000025e+02 4.419750000000000227e+02
2.114960000000000093e+02 4.491619999999999777e+02
2.083019999999999925e+02 4.559499999999999886e+02
