2.217160000000000082e+02 3.928890000000000100e+02
2.347599999999999909e+02 3.965579999999999927e+02
2.465809999999999889e+02 4.022640000000000100e+02
2.482110000000000127e+02 4.124540000000000077e+02
2.449499999999999886e+02 4.259060000000000059e+02
2.282379999999999995e+02 4.047099999999999795e+02
2.306839999999999975e+02 4.222370000000000232e+02
2.290540000000000020e+02 4.324279999999999973e+02
2.253849999999999909e+02 4.413949999999999818e+02
2.184559999999999889e+02 4.075629999999999882e+02
2.180480000000000018e+02 4.222370000000000232e+02
2.160099999999999909e+02 4.320199999999999818e+02
2.139720000000000084e+02 4.418029999999999973e+02
2.086730000000000018e+02 4.087860000000000014e+02
2.074499999999999886e+02 4.218299999999999841e+02
2.054120000000000061e+02 4.312049999999999841e+02
2.029660000000000082e+02 4.413949999999999818e+02
2.001129999999999995e+02 4.116390000000000100e+02
1.968520000000000039e+02 4.222370000000000232e+02
1.944060000000000059e+02 4.283509999999999991e+02
1.915529999999999973e+02 4.336499999999999773e+02
