2.742479999999999905e+02 2.591039999999999850e+02
2.875000000000000000e+02 2.498269999999999982e+02
2.985430000000000064e+02 2.352500000000000000e+02
3.056109999999999900e+02 2.202309999999999945e+02
3.131200000000000045e+02 2.087460000000000093e+02
2.848489999999999895e+02 2.197889999999999873e+02
2.879409999999999741e+02 2.021200000000000045e+02
2.892669999999999959e+02 2.007949999999999875e+02
2.905919999999999845e+02 2.087460000000000093e+02
2.764560000000000173e+02 2.202309999999999945e+02
2.733639999999999759e+02 1.981440000000000055e+02
2.804320000000000164e+02 1.999110000000000014e+02
2.835240000000000009e+02 2.047700000000000102e+02
2.680629999999999882e+02 2.228810000000000002e+02
2.658550000000000182e+02 2.007949999999999875e+02
2.702719999999999914e+02 2.030029999999999859e+02
2.755729999999999791e+02 2.087460000000000093e+02
2.618790000000000191e+02 2.259739999999999895e+02
2.561370000000000005e+02 2.091879999999999882e+02
2.627629999999999768e+02 2.091879999999999882e+02
2.667379999999999995e+02 2.158139999999999930e+02
