2.560899999999999750e+02 3.697529999999999859e+02
2.678199999999999932e+02 3.632819999999999823e+02
2.900649999999999977e+02 3.604510000000000218e+02
3.009850000000000136e+02 3.665179999999999723e+02
3.110960000000000036e+02 3.701580000000000155e+02
2.823799999999999955e+02 3.539800000000000182e+02
3.001759999999999877e+02 3.632819999999999823e+02
3.070520000000000209e+02 3.701580000000000155e+02
3.143319999999999936e+02 3.814830000000000041e+02
2.746949999999999932e+02 3.584289999999999736e+02
2.876379999999999768e+02 3.632819999999999823e+02
2.977490000000000236e+02 3.717760000000000105e+02
3.038159999999999741e+02 3.770339999999999918e+02
2.670110000000000241e+02 3.665179999999999723e+02
2.751000000000000227e+02 3.653039999999999736e+02
2.827850000000000250e+02 3.701580000000000155e+02
2.880419999999999732e+02 3.733940000000000055e+02
2.621569999999999823e+02 3.750110000000000241e+02
2.564950000000000045e+02 3.746070000000000277e+02
2.585169999999999959e+02 3.750110000000000241e+02
2.609440000000000168e+02 3.750110000000000241e+02
