2.351100000000000136e+02 4.118509999999999991e+02
2.509660000000000082e+02 4.144940000000000282e+02
2.646209999999999809e+02 4.219820000000000277e+02
2.690249999999999773e+02 4.356360000000000241e+02
2.787149999999999750e+02 4.440049999999999955e+02
2.496450000000000102e+02 4.356360000000000241e+02
2.505260000000000105e+02 4.426840000000000259e+02
2.544900000000000091e+02 4.523740000000000236e+02
2.540500000000000114e+02 4.603020000000000209e+02
2.355500000000000114e+02 4.356360000000000241e+02
2.342290000000000134e+02 4.457669999999999959e+02
2.342290000000000134e+02 4.585400000000000205e+02
2.302649999999999864e+02 4.669089999999999918e+02
2.258600000000000136e+02 4.382789999999999964e+02
2.201339999999999861e+02 4.470880000000000223e+02
2.161699999999999875e+02 4.567780000000000200e+02
2.126459999999999866e+02 4.673489999999999895e+02
2.161699999999999875e+02 4.396000000000000227e+02
2.055989999999999895e+02 4.426840000000000259e+02
1.967889999999999873e+02 4.466480000000000246e+02
1.875399999999999920e+02 4.523740000000000236e+02
