2.614150000000000205e+02 2.561870000000000118e+02
2.734220000000000255e+02 2.478750000000000000e+02
2.854279999999999973e+02 2.344830000000000041e+02
2.960489999999999782e+02 2.270949999999999989e+02
3.043609999999999900e+02 2.238619999999999948e+02
2.803480000000000132e+02 2.160120000000000005e+02
2.798870000000000005e+02 1.966169999999999902e+02
2.775779999999999745e+02 1.827630000000000052e+02
2.752690000000000055e+02 1.712189999999999941e+02
2.752690000000000055e+02 2.155500000000000114e+02
2.738829999999999814e+02 1.961550000000000011e+02
2.729599999999999795e+02 1.795310000000000059e+02
2.683419999999999845e+02 1.675240000000000009e+02
2.724979999999999905e+02 2.197059999999999889e+02
2.701890000000000214e+02 2.003110000000000070e+02
2.692660000000000196e+02 1.859960000000000093e+02
2.655710000000000264e+02 1.749130000000000109e+02
2.706510000000000105e+02 2.261709999999999923e+02
2.669569999999999936e+02 2.100089999999999861e+02
2.655710000000000264e+02 2.007729999999999961e+02
2.637239999999999895e+02 1.906140000000000043e+02
