2.441839999999999975e+02 2.472189999999999941e+02
2.506699999999999875e+02 2.351730000000000018e+02
2.673500000000000227e+02 2.175670000000000073e+02
2.761530000000000200e+02 2.087640000000000100e+02
2.868090000000000259e+02 2.008880000000000052e+02
2.576200000000000045e+02 2.212729999999999961e+02
2.705930000000000177e+02 2.212729999999999961e+02
2.844920000000000186e+02 2.226630000000000109e+02
2.960749999999999886e+02 2.221999999999999886e+02
2.557669999999999959e+02 2.319290000000000020e+02
2.733729999999999905e+02 2.323930000000000007e+02
2.881990000000000123e+02 2.319290000000000020e+02
3.007080000000000268e+02 2.314660000000000082e+02
2.571569999999999823e+02 2.430490000000000066e+02
2.733729999999999905e+02 2.421220000000000141e+02
2.877350000000000136e+02 2.402690000000000055e+02
2.997810000000000059e+02 2.393420000000000130e+02
2.599370000000000118e+02 2.527779999999999916e+02
2.733729999999999905e+02 2.513880000000000052e+02
2.821759999999999877e+02 2.509250000000000114e+02
2.914420000000000073e+02 2.504619999999999891e+02
