2.356970000000000027e+02 3.966410000000000196e+02
2.486359999999999957e+02 4.009540000000000077e+02
2.600070000000000050e+02 4.076200000000000045e+02
2.623600000000000136e+02 4.185989999999999895e+02
2.643199999999999932e+02 4.315380000000000109e+02
2.400099999999999909e+02 4.154619999999999891e+02
2.400099999999999909e+02 4.303620000000000232e+02
2.384420000000000073e+02 4.413410000000000082e+02
2.329519999999999982e+02 4.476139999999999759e+02
2.290310000000000059e+02 4.142860000000000014e+02
2.274629999999999939e+02 4.287939999999999827e+02
2.235420000000000016e+02 4.405570000000000164e+02
2.172680000000000007e+02 4.480070000000000050e+02
2.204050000000000011e+02 4.142860000000000014e+02
2.176599999999999966e+02 4.268330000000000268e+02
2.137390000000000043e+02 4.370280000000000200e+02
2.090339999999999918e+02 4.448700000000000045e+02
2.129550000000000125e+02 4.146779999999999973e+02
2.047210000000000036e+02 4.252649999999999864e+02
2.008000000000000114e+02 4.299700000000000273e+02
1.957030000000000030e+02 4.354590000000000032e+02
