2.491899999999999977e+02 3.018369999999999891e+02
2.587149999999999750e+02 2.990590000000000259e+02
2.722090000000000032e+02 3.030269999999999868e+02
2.861000000000000227e+02 3.081870000000000118e+02
2.999909999999999854e+02 3.069959999999999809e+02
2.654619999999999891e+02 3.268399999999999750e+02
2.916569999999999823e+02 3.181089999999999804e+02
2.995939999999999941e+02 3.141399999999999864e+02
3.087230000000000132e+02 3.113620000000000232e+02
2.761779999999999973e+02 3.256499999999999773e+02
2.916569999999999823e+02 3.208870000000000005e+02
3.011820000000000164e+02 3.121560000000000059e+02
3.079289999999999736e+02 3.073929999999999723e+02
2.761779999999999973e+02 3.220779999999999745e+02
2.900690000000000168e+02 3.196960000000000264e+02
2.988000000000000114e+02 3.117590000000000146e+02
3.047540000000000191e+02 3.065989999999999895e+02
2.781630000000000109e+02 3.173149999999999977e+02
2.900690000000000168e+02 3.145369999999999777e+02
2.956250000000000000e+02 3.093770000000000095e+02
2.988000000000000114e+02 3.050120000000000005e+02
