2.711990000000000123e+02 2.702559999999999718e+02
2.825000000000000000e+02 2.616669999999999732e+02
2.938009999999999877e+02 2.462980000000000018e+02
2.996779999999999973e+02 2.291200000000000045e+02
3.046499999999999773e+02 2.169149999999999920e+02
2.852119999999999891e+02 2.286680000000000064e+02
2.892810000000000059e+02 2.092299999999999898e+02
2.915409999999999968e+02 1.952170000000000130e+02
2.928969999999999914e+02 1.830109999999999957e+02
2.761709999999999923e+02 2.291200000000000045e+02
2.784320000000000164e+02 2.074219999999999970e+02
2.811440000000000055e+02 1.934079999999999870e+02
2.825000000000000000e+02 1.816550000000000011e+02
2.693910000000000196e+02 2.327359999999999900e+02
2.711990000000000123e+02 2.114900000000000091e+02
2.716510000000000105e+02 1.992849999999999966e+02
2.748149999999999977e+02 1.884360000000000070e+02
2.626100000000000136e+02 2.381610000000000014e+02
2.594460000000000264e+02 2.223389999999999986e+02
2.571859999999999786e+02 2.123940000000000055e+02
2.562810000000000059e+02 2.033530000000000086e+02
