2.635439999999999827e+02 2.677520000000000095e+02
2.704200000000000159e+02 2.530829999999999984e+02
2.763790000000000191e+02 2.347460000000000093e+02
2.630849999999999795e+02 2.090759999999999934e+02
2.630849999999999795e+02 1.976160000000000139e+02
2.516250000000000000e+02 2.196189999999999998e+02
2.617099999999999795e+02 2.099929999999999950e+02
2.699610000000000127e+02 2.113679999999999950e+02
2.750040000000000191e+02 2.136599999999999966e+02
2.452069999999999936e+02 2.274120000000000061e+02
2.589599999999999795e+02 2.132009999999999934e+02
2.736290000000000191e+02 2.196189999999999998e+02
2.846299999999999955e+02 2.260370000000000061e+02
2.429149999999999920e+02 2.347460000000000093e+02
2.516250000000000000e+02 2.209939999999999998e+02
2.644599999999999795e+02 2.255780000000000030e+02
2.740869999999999891e+02 2.310790000000000077e+02
2.447489999999999952e+02 2.434559999999999889e+02
2.543760000000000048e+02 2.338300000000000125e+02
2.640020000000000095e+02 2.347460000000000093e+02
2.736290000000000191e+02 2.374970000000000141e+02
