2.364470000000000027e+02 3.975790000000000077e+02
2.492570000000000050e+02 4.026259999999999764e+02
2.609030000000000200e+02 4.092250000000000227e+02
2.612909999999999968e+02 4.193170000000000073e+02
2.640079999999999814e+02 4.313509999999999991e+02
2.376119999999999948e+02 4.185409999999999968e+02
2.395529999999999973e+02 4.309630000000000223e+02
2.383880000000000052e+02 4.402789999999999964e+02
2.341179999999999950e+02 4.472660000000000196e+02
2.282959999999999923e+02 4.162119999999999891e+02
2.275190000000000055e+02 4.286340000000000146e+02
2.236370000000000005e+02 4.406669999999999732e+02
2.174259999999999877e+02 4.476549999999999727e+02
2.205320000000000107e+02 4.154359999999999786e+02
2.178149999999999977e+02 4.270810000000000173e+02
2.135449999999999875e+02 4.367860000000000014e+02
2.084979999999999905e+02 4.453260000000000218e+02
2.116040000000000134e+02 4.146589999999999918e+02
2.053930000000000007e+02 4.247520000000000095e+02
2.003470000000000084e+02 4.297980000000000018e+02
1.956879999999999882e+02 4.352330000000000041e+02
