2.420670000000000073e+02 3.915199999999999818e+02
2.541819999999999879e+02 3.958190000000000168e+02
2.655149999999999864e+02 4.005079999999999814e+02
2.694230000000000018e+02 4.083240000000000123e+02
2.698140000000000214e+02 4.220020000000000095e+02
2.510550000000000068e+02 4.130140000000000100e+02
2.514459999999999980e+02 4.196569999999999823e+02
2.487110000000000127e+02 4.278639999999999759e+02
2.444120000000000061e+02 4.325539999999999736e+02
2.416759999999999877e+02 4.114510000000000218e+02
2.381589999999999918e+02 4.188759999999999764e+02
2.350329999999999870e+02 4.298179999999999836e+02
2.307340000000000089e+02 4.321630000000000109e+02
2.322969999999999970e+02 4.118410000000000082e+02
2.291709999999999923e+02 4.196569999999999823e+02
2.256529999999999916e+02 4.259100000000000250e+02
2.225269999999999868e+02 4.317719999999999914e+02
2.221359999999999957e+02 4.126229999999999905e+02
2.170560000000000116e+02 4.169220000000000255e+02
2.127570000000000050e+02 4.196569999999999823e+02
2.072860000000000014e+02 4.239560000000000173e+02
