2.678890000000000100e+02 2.559890000000000043e+02
2.790070000000000050e+02 2.499660000000000082e+02
2.910509999999999877e+02 2.365320000000000107e+02
3.035590000000000259e+02 2.277299999999999898e+02
3.169929999999999950e+02 2.258770000000000095e+02
2.757640000000000100e+02 2.152230000000000132e+02
2.915140000000000100e+02 2.142959999999999923e+02
3.021689999999999827e+02 2.203180000000000121e+02
3.081909999999999741e+02 2.189290000000000020e+02
2.720579999999999927e+02 2.161490000000000009e+02
2.929039999999999964e+02 2.138329999999999984e+02
2.970729999999999791e+02 2.156860000000000070e+02
3.091179999999999950e+02 2.180020000000000095e+02
2.715950000000000273e+02 2.212450000000000045e+02
2.891979999999999791e+02 2.180020000000000095e+02
2.966100000000000136e+02 2.184650000000000034e+02
3.058750000000000000e+02 2.175389999999999873e+02
2.743740000000000236e+02 2.286570000000000107e+02
2.868820000000000050e+02 2.226349999999999909e+02
2.882719999999999914e+02 2.249509999999999934e+02
2.882719999999999914e+02 2.254139999999999873e+02
