2.731960000000000264e+02 2.652370000000000232e+02
2.870779999999999745e+02 2.530900000000000034e+02
3.013940000000000055e+02 2.370389999999999873e+02
3.100699999999999932e+02 2.227230000000000132e+02
3.191809999999999832e+02 2.123110000000000070e+02
2.840409999999999968e+02 2.192520000000000095e+02
2.844750000000000227e+02 1.984290000000000020e+02
2.883790000000000191e+02 1.862820000000000107e+02
2.914159999999999968e+02 1.758700000000000045e+02
2.740629999999999882e+02 2.214209999999999923e+02
2.736299999999999955e+02 1.979950000000000045e+02
2.757989999999999782e+02 1.836790000000000020e+02
2.753650000000000091e+02 1.728329999999999984e+02
2.666879999999999882e+02 2.235900000000000034e+02
2.632180000000000177e+02 2.040680000000000121e+02
2.619159999999999968e+02 1.906200000000000045e+02
2.610489999999999782e+02 1.776049999999999898e+02
2.601809999999999832e+02 2.296639999999999873e+02
2.532400000000000091e+02 2.153480000000000132e+02
2.497700000000000102e+02 2.062369999999999948e+02
2.462990000000000066e+02 1.979950000000000045e+02
