2.690090000000000146e+02 2.690400000000000205e+02
2.808949999999999818e+02 2.576120000000000232e+02
2.904950000000000045e+02 2.393259999999999934e+02
2.927799999999999727e+02 2.251550000000000011e+02
2.877520000000000095e+02 2.150980000000000132e+02
2.740380000000000109e+02 2.237839999999999918e+02
2.795230000000000246e+02 2.192119999999999891e+02
2.836379999999999768e+02 2.196690000000000111e+02
2.863799999999999955e+02 2.214979999999999905e+02
2.648949999999999818e+02 2.256119999999999948e+02
2.731229999999999905e+02 2.219550000000000125e+02
2.795230000000000246e+02 2.256119999999999948e+02
2.758659999999999854e+02 2.402410000000000139e+02
2.566659999999999968e+02 2.292690000000000055e+02
2.644379999999999882e+02 2.260689999999999884e+02
2.685520000000000209e+02 2.379550000000000125e+02
2.717520000000000095e+02 2.448120000000000118e+02
2.498089999999999975e+02 2.361260000000000048e+02
2.566659999999999968e+02 2.310980000000000132e+02
2.607810000000000059e+02 2.388689999999999998e+02
2.612379999999999995e+02 2.448120000000000118e+02
