2.145370000000000061e+02 3.958039999999999736e+02
2.325209999999999866e+02 4.045869999999999891e+02
2.488309999999999889e+02 4.108600000000000136e+02
2.622149999999999750e+02 4.154610000000000127e+02
2.768519999999999754e+02 4.146240000000000236e+02
1.936260000000000048e+02 4.121150000000000091e+02
1.860980000000000132e+02 4.213159999999999741e+02
1.814979999999999905e+02 4.284259999999999877e+02
1.752239999999999895e+02 4.359540000000000077e+02
2.032450000000000045e+02 4.167149999999999750e+02
1.927899999999999920e+02 4.275889999999999986e+02
1.856800000000000068e+02 4.355350000000000250e+02
1.777340000000000089e+02 4.438999999999999773e+02
2.090999999999999943e+02 4.217339999999999804e+02
1.994809999999999945e+02 4.309350000000000023e+02
1.906980000000000075e+02 4.392989999999999782e+02
1.831699999999999875e+02 4.451539999999999964e+02
2.153739999999999952e+02 4.284259999999999877e+02
2.070089999999999861e+02 4.359540000000000077e+02
2.019900000000000091e+02 4.418090000000000259e+02
1.957170000000000130e+02 4.451539999999999964e+02
