2.513679999999999950e+02 2.431049999999999898e+02
2.611680000000000064e+02 2.305039999999999907e+02
2.663009999999999877e+02 2.127700000000000102e+02
2.649010000000000105e+02 1.969029999999999916e+02
2.663009999999999877e+02 1.824360000000000070e+02
2.588349999999999795e+02 2.001699999999999875e+02
2.593009999999999877e+02 1.824360000000000070e+02
2.625679999999999836e+02 1.707690000000000055e+02
2.630350000000000250e+02 1.591009999999999991e+02
2.527680000000000007e+02 2.025029999999999859e+02
2.555680000000000121e+02 1.824360000000000070e+02
2.583679999999999950e+02 1.679679999999999893e+02
2.588349999999999795e+02 1.563009999999999877e+02
2.481009999999999991e+02 2.057700000000000102e+02
2.513679999999999950e+02 1.861690000000000111e+02
2.518340000000000032e+02 1.726349999999999909e+02
2.527680000000000007e+02 1.609679999999999893e+02
2.439010000000000105e+02 2.113700000000000045e+02
2.457669999999999959e+02 1.959699999999999989e+02
2.462340000000000089e+02 1.857030000000000030e+02
2.471670000000000016e+02 1.749689999999999941e+02
