2.507839999999999918e+02 3.894590000000000032e+02
2.637479999999999905e+02 3.935099999999999909e+02
2.750919999999999845e+02 4.016129999999999995e+02
2.823840000000000146e+02 4.149820000000000277e+02
2.900810000000000173e+02 4.243000000000000114e+02
2.645579999999999927e+02 4.141720000000000255e+02
2.645579999999999927e+02 4.251100000000000136e+02
2.645579999999999927e+02 4.344279999999999973e+02
2.653690000000000282e+02 4.409100000000000250e+02
2.528100000000000023e+02 4.117409999999999854e+02
2.524039999999999964e+02 4.218690000000000282e+02
2.511889999999999930e+02 4.324019999999999868e+02
2.499739999999999895e+02 4.425310000000000059e+02
2.434919999999999902e+02 4.117409999999999854e+02
2.410610000000000070e+02 4.218690000000000282e+02
2.386299999999999955e+02 4.307819999999999823e+02
2.382249999999999943e+02 4.401000000000000227e+02
2.341740000000000066e+02 4.125509999999999877e+02
2.268810000000000002e+02 4.194379999999999882e+02
2.203990000000000009e+02 4.243000000000000114e+02
2.151330000000000098e+02 4.287559999999999718e+02
