2.546879999999999882e+02 2.837839999999999918e+02
2.670860000000000127e+02 2.732230000000000132e+02
2.794850000000000136e+02 2.589879999999999995e+02
2.895869999999999891e+02 2.520999999999999943e+02
2.983120000000000118e+02 2.461299999999999955e+02
2.620350000000000250e+02 2.392419999999999902e+02
2.735149999999999864e+02 2.323549999999999898e+02
2.859130000000000109e+02 2.369459999999999980e+02
2.941789999999999736e+02 2.410790000000000077e+02
2.560659999999999741e+02 2.397019999999999982e+02
2.537700000000000102e+02 2.176599999999999966e+02
2.569839999999999804e+02 2.057210000000000036e+02
2.624940000000000282e+02 1.956189999999999998e+02
2.500960000000000036e+02 2.438340000000000032e+02
2.468820000000000050e+02 2.245480000000000018e+02
2.455039999999999907e+02 2.107719999999999914e+02
2.455039999999999907e+02 1.997520000000000095e+02
2.450449999999999875e+02 2.511819999999999879e+02
2.367800000000000011e+02 2.369459999999999980e+02
2.326469999999999914e+02 2.286810000000000116e+02
2.280550000000000068e+02 2.190380000000000109e+02
