2.427529999999999859e+02 3.983050000000000068e+02
2.558460000000000036e+02 4.026689999999999827e+02
2.681449999999999818e+02 4.098100000000000023e+02
2.677479999999999905e+02 4.193319999999999936e+02
2.697320000000000277e+02 4.300439999999999827e+02
2.510850000000000080e+02 4.149680000000000177e+02
2.491009999999999991e+02 4.288539999999999850e+02
2.487040000000000077e+02 4.387730000000000246e+02
2.443400000000000034e+02 4.463109999999999786e+02
2.391819999999999879e+02 4.165550000000000068e+02
2.364050000000000011e+02 4.284580000000000268e+02
2.336279999999999859e+02 4.391700000000000159e+02
2.304540000000000077e+02 4.478980000000000246e+02
2.292630000000000052e+02 4.149680000000000177e+02
2.264859999999999900e+02 4.264739999999999895e+02
2.241059999999999945e+02 4.355989999999999895e+02
2.217249999999999943e+02 4.439309999999999832e+02
2.193449999999999989e+02 4.141750000000000114e+02
2.137899999999999920e+02 4.256800000000000068e+02
2.098230000000000075e+02 4.316320000000000050e+02
2.050620000000000118e+02 4.359959999999999809e+02
