2.752440000000000282e+02 2.572579999999999814e+02
2.862730000000000246e+02 2.471109999999999900e+02
2.968609999999999900e+02 2.321119999999999948e+02
3.030380000000000109e+02 2.171119999999999948e+02
3.083319999999999936e+02 2.047589999999999861e+02
2.831850000000000023e+02 2.171119999999999948e+02
2.875969999999999800e+02 2.029950000000000045e+02
2.862730000000000246e+02 1.999070000000000107e+02
2.898029999999999973e+02 2.043180000000000121e+02
2.748029999999999973e+02 2.179939999999999998e+02
2.739209999999999923e+02 1.954950000000000045e+02
2.792149999999999750e+02 2.025540000000000020e+02
2.809789999999999850e+02 2.074060000000000059e+02
2.673029999999999973e+02 2.206409999999999911e+02
2.655389999999999873e+02 1.999070000000000107e+02
2.712740000000000009e+02 2.069650000000000034e+02
2.743620000000000232e+02 2.118180000000000121e+02
2.606859999999999786e+02 2.241709999999999923e+02
2.571560000000000059e+02 2.074060000000000059e+02
2.642149999999999750e+02 2.104939999999999998e+02
2.659800000000000182e+02 2.166709999999999923e+02
