2.594019999999999868e+02 2.527750000000000057e+02
2.700049999999999955e+02 2.417100000000000080e+02
2.773820000000000050e+02 2.264970000000000141e+02
2.889069999999999823e+02 2.158940000000000055e+02
3.031979999999999791e+02 2.122059999999999889e+02
2.649340000000000259e+02 2.117450000000000045e+02
2.801480000000000246e+02 1.983750000000000000e+02
2.889069999999999823e+02 1.909989999999999952e+02
2.958220000000000027e+02 1.831620000000000061e+02
2.594019999999999868e+02 2.117450000000000045e+02
2.759990000000000236e+02 1.983750000000000000e+02
2.833750000000000000e+02 1.905380000000000109e+02
2.870629999999999882e+02 1.817789999999999964e+02
2.543309999999999889e+02 2.145109999999999957e+02
2.700049999999999955e+02 2.034459999999999980e+02
2.746159999999999854e+02 1.960699999999999932e+02
2.778430000000000177e+02 1.905380000000000109e+02
2.520260000000000105e+02 2.209650000000000034e+02
2.630899999999999750e+02 2.108230000000000075e+02
2.700049999999999955e+02 2.029850000000000136e+02
2.759990000000000236e+02 1.946870000000000118e+02
