2.668519999999999754e+02 2.703070000000000164e+02
2.810090000000000146e+02 2.561490000000000009e+02
2.915129999999999768e+02 2.383379999999999939e+02
2.919700000000000273e+02 2.255509999999999877e+02
2.874030000000000200e+02 2.159600000000000080e+02
2.718750000000000000e+02 2.209840000000000089e+02
2.791820000000000164e+02 2.200699999999999932e+02
2.832930000000000064e+02 2.196140000000000043e+02
2.864889999999999759e+02 2.168739999999999952e+02
2.631979999999999791e+02 2.241810000000000116e+02
2.737019999999999982e+02 2.255509999999999877e+02
2.764420000000000073e+02 2.342280000000000086e+02
2.741589999999999918e+02 2.415349999999999966e+02
2.554339999999999975e+02 2.301179999999999950e+02
2.622850000000000250e+02 2.305740000000000123e+02
2.663949999999999818e+02 2.397079999999999984e+02
2.691349999999999909e+02 2.451889999999999930e+02
2.485840000000000032e+02 2.374250000000000114e+02
2.508669999999999902e+02 2.342280000000000086e+02
2.577180000000000177e+02 2.415349999999999966e+02
2.600009999999999764e+02 2.456450000000000102e+02
