2.513019999999999925e+02 2.953389999999999986e+02
2.631510000000000105e+02 2.929689999999999941e+02
2.750000000000000000e+02 2.839639999999999986e+02
2.783170000000000073e+02 2.730629999999999882e+02
2.854270000000000209e+02 2.612149999999999750e+02
2.617289999999999850e+02 2.735369999999999777e+02
2.598330000000000268e+02 2.578969999999999914e+02
2.593589999999999804e+02 2.498400000000000034e+02
2.584110000000000014e+02 2.432050000000000125e+02
2.513019999999999925e+02 2.744850000000000136e+02
2.489319999999999879e+02 2.593190000000000168e+02
2.479840000000000089e+02 2.503139999999999930e+02
2.475099999999999909e+02 2.422570000000000050e+02
2.413489999999999895e+02 2.778029999999999973e+02
2.394530000000000030e+02 2.654800000000000182e+02
2.380310000000000059e+02 2.564750000000000227e+02
2.385049999999999955e+02 2.488919999999999959e+02
2.328180000000000121e+02 2.844379999999999882e+02
2.257090000000000032e+02 2.744850000000000136e+02
2.223909999999999911e+02 2.697459999999999809e+02
2.204950000000000045e+02 2.645319999999999823e+02
