2.414809999999999945e+02 4.119209999999999923e+02
2.574259999999999877e+02 4.178999999999999773e+02
2.697830000000000155e+02 4.274669999999999845e+02
2.713770000000000095e+02 4.390269999999999868e+02
2.765590000000000259e+02 4.497900000000000205e+02
2.510480000000000018e+02 4.330480000000000018e+02
2.486560000000000059e+02 4.493910000000000196e+02
2.482570000000000050e+02 4.597549999999999955e+02
2.450680000000000121e+02 4.689230000000000018e+02
2.378930000000000007e+02 4.338450000000000273e+02
2.355010000000000048e+02 4.466009999999999991e+02
2.319139999999999873e+02 4.601539999999999964e+02
2.267319999999999993e+02 4.709169999999999732e+02
2.283259999999999934e+02 4.314529999999999745e+02
2.247390000000000043e+02 4.446080000000000041e+02
2.231440000000000055e+02 4.561680000000000064e+02
2.187589999999999861e+02 4.657339999999999804e+02
2.167659999999999911e+02 4.306560000000000059e+02
2.139759999999999991e+02 4.434119999999999777e+02
2.115840000000000032e+02 4.501879999999999882e+02
2.083950000000000102e+02 4.569649999999999750e+02
