2.480639999999999930e+02 2.794540000000000077e+02
2.457980000000000018e+02 2.717479999999999905e+02
2.444379999999999882e+02 2.617749999999999773e+02
2.480639999999999930e+02 2.527100000000000080e+02
2.507839999999999918e+02 2.418309999999999889e+02
2.666490000000000009e+02 2.808140000000000214e+02
2.788879999999999768e+02 2.894259999999999877e+02
2.861399999999999864e+02 2.962250000000000227e+02
2.920330000000000155e+02 3.034780000000000086e+02
2.775280000000000200e+02 2.853460000000000036e+02
2.915799999999999841e+02 2.962250000000000227e+02
3.001920000000000073e+02 3.043840000000000146e+02
3.110710000000000264e+02 3.075570000000000164e+02
2.820609999999999786e+02 2.848929999999999723e+02
2.929399999999999977e+02 2.930520000000000209e+02
3.038179999999999836e+02 3.003050000000000068e+02
3.110710000000000264e+02 3.066510000000000105e+02
2.852339999999999804e+02 2.826270000000000095e+02
2.947529999999999859e+02 2.889730000000000132e+02
3.038179999999999836e+02 2.935059999999999718e+02
3.106179999999999950e+02 2.984920000000000186e+02
