3.724990000000000236e+02 3.911229999999999905e+02
3.569510000000000218e+02 3.954420000000000073e+02
3.431299999999999955e+02 4.023519999999999754e+02
3.401070000000000277e+02 4.122860000000000014e+02
3.362200000000000273e+02 4.243790000000000191e+02
3.556549999999999727e+02 4.101259999999999764e+02
3.569510000000000218e+02 4.235149999999999864e+02
3.586789999999999736e+02 4.338809999999999718e+02
3.625659999999999741e+02 4.420869999999999891e+02
3.677479999999999905e+02 4.105579999999999927e+02
3.686120000000000232e+02 4.239470000000000027e+02
3.703399999999999750e+02 4.356089999999999804e+02
3.733629999999999995e+02 4.433829999999999814e+02
3.781139999999999759e+02 4.109900000000000091e+02
3.781139999999999759e+02 4.217880000000000109e+02
3.785459999999999923e+02 4.330169999999999959e+02
3.807060000000000173e+02 4.425190000000000055e+02
3.876159999999999854e+02 4.135819999999999936e+02
3.884800000000000182e+02 4.226519999999999868e+02
3.902069999999999936e+02 4.291299999999999955e+02
3.910710000000000264e+02 4.351770000000000209e+02
