3.741829999999999927e+02 3.934200000000000159e+02
3.579789999999999850e+02 3.981109999999999900e+02
3.409230000000000018e+02 4.049329999999999927e+02
3.251460000000000150e+02 4.117559999999999718e+02
3.110740000000000123e+02 4.147409999999999854e+02
3.554209999999999923e+02 4.130350000000000250e+02
3.481720000000000255e+02 4.258269999999999982e+02
3.413489999999999895e+02 4.369139999999999873e+02
3.409230000000000018e+02 4.394719999999999800e+02
3.643750000000000000e+02 4.121820000000000164e+02
3.566999999999999886e+02 4.254010000000000105e+02
3.554209999999999923e+02 4.356349999999999909e+02
3.520090000000000146e+02 4.424569999999999936e+02
3.724769999999999754e+02 4.121820000000000164e+02
3.639490000000000123e+02 4.249739999999999895e+02
3.588319999999999936e+02 4.377669999999999959e+02
3.549940000000000282e+02 4.424569999999999936e+02
3.793000000000000114e+02 4.177250000000000227e+02
3.784470000000000027e+02 4.262540000000000191e+02
3.754619999999999891e+02 4.343550000000000182e+02
3.694920000000000186e+02 4.416039999999999850e+02
