4.257339999999999804e+02 3.332330000000000041e+02
3.815989999999999895e+02 2.900570000000000164e+02
3.758419999999999845e+02 2.785439999999999827e+02
3.638489999999999895e+02 2.742259999999999991e+02
3.523349999999999795e+02 2.727869999999999777e+02
3.724839999999999804e+02 3.001320000000000050e+02
3.528149999999999977e+02 2.977330000000000041e+02
3.489769999999999754e+02 2.866990000000000123e+02
3.523349999999999795e+02 2.780640000000000214e+02
3.667269999999999754e+02 3.097259999999999991e+02
3.465790000000000077e+02 3.135640000000000214e+02
3.345849999999999795e+02 3.087669999999999959e+02
3.259499999999999886e+02 3.044490000000000123e+02
3.595310000000000059e+02 3.135640000000000214e+02
3.408220000000000027e+02 3.174019999999999868e+02
3.264300000000000068e+02 3.174019999999999868e+02
3.177950000000000159e+02 3.212400000000000091e+02
3.528149999999999977e+02 3.145240000000000009e+02
3.350649999999999977e+02 3.183609999999999900e+02
3.254700000000000273e+02 3.183609999999999900e+02
3.177950000000000159e+02 3.221990000000000123e+02
