3.724639999999999986e+02 3.903310000000000173e+02
3.583629999999999995e+02 3.950310000000000059e+02
3.442620000000000005e+02 4.035769999999999982e+02
3.408439999999999941e+02 4.134049999999999727e+02
3.369979999999999905e+02 4.240869999999999891e+02
3.553720000000000141e+02 4.087049999999999841e+02
3.583629999999999995e+02 4.236600000000000250e+02
3.583629999999999995e+02 4.339150000000000205e+02
3.617819999999999823e+02 4.411789999999999736e+02
3.681909999999999741e+02 4.108410000000000082e+02
3.686179999999999950e+02 4.245149999999999864e+02
3.698999999999999773e+02 4.351970000000000027e+02
3.728910000000000196e+02 4.437429999999999950e+02
3.788740000000000236e+02 4.112679999999999723e+02
3.771639999999999873e+02 4.236600000000000250e+02
3.784460000000000264e+02 4.339150000000000205e+02
3.797280000000000086e+02 4.416070000000000277e+02
3.869920000000000186e+02 4.134049999999999727e+02
3.882740000000000009e+02 4.232330000000000041e+02
3.895559999999999832e+02 4.287880000000000109e+02
3.912649999999999864e+02 4.347699999999999818e+02
