3.617099999999999795e+02 2.456069999999999993e+02
3.500649999999999977e+02 2.381539999999999964e+02
3.440099999999999909e+02 2.227829999999999870e+02
3.440099999999999909e+02 2.083429999999999893e+02
3.435439999999999827e+02 1.971639999999999873e+02
3.551890000000000214e+02 2.078770000000000095e+02
3.561209999999999809e+02 1.929720000000000084e+02
3.579839999999999804e+02 1.897110000000000127e+02
3.589159999999999968e+02 1.892450000000000045e+02
3.635740000000000123e+02 2.088089999999999975e+02
3.677660000000000196e+02 1.906430000000000007e+02
3.668340000000000032e+02 1.897110000000000127e+02
3.635740000000000123e+02 1.925060000000000002e+02
3.728899999999999864e+02 2.116040000000000134e+02
3.780129999999999768e+02 1.934370000000000118e+02
3.752189999999999941e+02 1.943689999999999998e+02
3.705609999999999786e+02 1.994929999999999950e+02
3.784789999999999850e+02 2.153300000000000125e+02
3.845350000000000250e+02 2.018220000000000027e+02
3.812740000000000009e+02 2.008899999999999864e+02
3.766159999999999854e+02 2.060140000000000100e+02
