3.619379999999999882e+02 2.503590000000000089e+02
3.721549999999999727e+02 2.378189999999999884e+02
3.823720000000000141e+02 2.238870000000000005e+02
3.879449999999999932e+02 2.085610000000000070e+02
3.958399999999999750e+02 1.974149999999999920e+02
3.744769999999999754e+02 2.173849999999999909e+02
3.735480000000000018e+02 2.006659999999999968e+02
3.702980000000000018e+02 1.932350000000000136e+02
3.675110000000000241e+02 1.904490000000000123e+02
3.642599999999999909e+02 2.201719999999999970e+02
3.610090000000000146e+02 2.020589999999999975e+02
3.591519999999999868e+02 1.964859999999999900e+02
3.577579999999999814e+02 1.941639999999999873e+02
3.559010000000000105e+02 2.243509999999999991e+02
3.517210000000000036e+02 2.080970000000000084e+02
3.489340000000000259e+02 2.034530000000000030e+02
3.475409999999999968e+02 2.002019999999999982e+02
3.470769999999999982e+02 2.289950000000000045e+02
3.433609999999999900e+02 2.183139999999999930e+02
3.415040000000000191e+02 2.145989999999999895e+02
3.410389999999999873e+02 2.118120000000000118e+02
