3.731320000000000050e+02 3.968100000000000023e+02
3.586320000000000050e+02 4.005380000000000109e+02
3.437180000000000177e+02 4.088240000000000123e+02
3.370899999999999750e+02 4.191809999999999832e+02
3.296329999999999814e+02 4.287090000000000032e+02
3.582180000000000177e+02 4.137950000000000159e+02
3.561469999999999914e+02 4.278809999999999718e+02
3.528319999999999936e+02 4.369950000000000045e+02
3.524180000000000064e+02 4.465230000000000246e+02
3.702320000000000277e+02 4.162810000000000059e+02
3.698179999999999836e+02 4.295380000000000109e+02
3.673319999999999936e+02 4.390659999999999741e+02
3.669180000000000064e+02 4.490090000000000146e+02
3.797599999999999909e+02 4.187669999999999959e+02
3.822459999999999809e+02 4.332660000000000196e+02
3.822459999999999809e+02 4.398949999999999818e+02
3.818319999999999936e+02 4.481800000000000068e+02
3.897029999999999745e+02 4.195950000000000273e+02
3.942599999999999909e+02 4.287090000000000032e+02
3.988170000000000073e+02 4.340950000000000273e+02
4.013029999999999973e+02 4.390659999999999741e+02
