3.917869999999999777e+02 3.870289999999999964e+02
3.747180000000000177e+02 3.922810000000000059e+02
3.554599999999999795e+02 4.010339999999999918e+02
3.366399999999999864e+02 4.045360000000000014e+02
3.213220000000000027e+02 4.040980000000000132e+02
3.598369999999999891e+02 4.032230000000000132e+02
3.488949999999999818e+02 4.224800000000000182e+02
3.423299999999999841e+02 4.294830000000000041e+02
3.362019999999999982e+02 4.364859999999999900e+02
3.690280000000000200e+02 4.111009999999999991e+02
3.528340000000000032e+02 4.237930000000000064e+02
3.453940000000000055e+02 4.299209999999999923e+02
3.388279999999999745e+02 4.360480000000000018e+02
3.773439999999999941e+02 4.154780000000000086e+02
3.664019999999999868e+02 4.286080000000000041e+02
3.593990000000000009e+02 4.364859999999999900e+02
3.528340000000000032e+02 4.430509999999999877e+02
3.869719999999999800e+02 4.185409999999999968e+02
3.799700000000000273e+02 4.286080000000000041e+02
3.755930000000000177e+02 4.364859999999999900e+02
3.690280000000000200e+02 4.430509999999999877e+02
