3.775699999999999932e+02 3.983879999999999768e+02
3.620289999999999964e+02 4.059590000000000032e+02
3.436979999999999791e+02 4.159209999999999923e+02
3.277579999999999814e+02 4.199060000000000059e+02
3.138100000000000023e+02 4.191089999999999804e+02
3.684049999999999727e+02 4.226960000000000264e+02
3.592389999999999759e+02 4.326580000000000155e+02
3.548559999999999945e+02 4.394329999999999927e+02
3.548559999999999945e+02 4.485980000000000132e+02
3.771709999999999923e+02 4.262819999999999823e+02
4.126379999999999768e+02 4.290720000000000027e+02
4.269839999999999804e+02 4.326580000000000155e+02
4.381419999999999959e+02 4.350489999999999782e+02
3.871340000000000146e+02 4.270790000000000077e+02
4.142320000000000277e+02 4.286730000000000018e+02
4.281789999999999736e+02 4.326580000000000155e+02
4.385400000000000205e+02 4.350489999999999782e+02
3.927130000000000223e+02 4.282749999999999773e+02
4.034719999999999800e+02 4.358460000000000036e+02
4.158260000000000218e+02 4.294700000000000273e+02
4.222019999999999982e+02 4.306659999999999968e+02
