3.694499999999999886e+02 3.949580000000000268e+02
3.555939999999999941e+02 3.997210000000000036e+02
3.421709999999999923e+02 4.075149999999999864e+02
3.352429999999999950e+02 4.187730000000000246e+02
3.283149999999999977e+02 4.274329999999999927e+02
3.577590000000000146e+02 4.170409999999999968e+02
3.590579999999999927e+02 4.287320000000000277e+02
3.594909999999999854e+02 4.382579999999999814e+02
3.629549999999999841e+02 4.456190000000000282e+02
3.694499999999999886e+02 4.183399999999999750e+02
3.724809999999999945e+02 4.295980000000000132e+02
3.737799999999999727e+02 4.417219999999999800e+02
3.798419999999999845e+02 4.482169999999999845e+02
3.798419999999999845e+02 4.174739999999999895e+02
3.802749999999999773e+02 4.282989999999999782e+02
3.863369999999999891e+02 4.373919999999999959e+02
3.898009999999999877e+02 4.451859999999999786e+02
3.898009999999999877e+02 4.161750000000000114e+02
3.941309999999999718e+02 4.265670000000000073e+02
3.997599999999999909e+02 4.313299999999999841e+02
4.045230000000000246e+02 4.360930000000000177e+02
