3.722280000000000086e+02 2.438100000000000023e+02
3.604429999999999836e+02 2.353240000000000123e+02
3.496000000000000227e+02 2.197669999999999959e+02
3.429990000000000236e+02 2.032669999999999959e+02
3.340419999999999732e+02 1.928950000000000102e+02
3.651569999999999823e+02 2.042100000000000080e+02
3.628000000000000114e+02 1.829950000000000045e+02
3.613849999999999909e+02 1.688520000000000039e+02
3.613849999999999909e+02 1.570660000000000025e+02
3.760000000000000000e+02 2.051529999999999916e+02
3.793000000000000114e+02 1.806380000000000052e+02
3.797710000000000150e+02 1.650809999999999889e+02
3.811859999999999786e+02 1.528240000000000123e+02
3.840140000000000100e+02 2.070380000000000109e+02
3.910860000000000127e+02 1.862949999999999875e+02
3.948570000000000277e+02 1.716810000000000116e+02
3.976859999999999786e+02 1.603660000000000139e+02
3.920289999999999964e+02 2.122239999999999895e+02
3.991000000000000227e+02 1.961949999999999932e+02
4.028709999999999809e+02 1.867669999999999959e+02
4.066429999999999723e+02 1.782810000000000059e+02
