3.656449999999999818e+02 2.877309999999999945e+02
3.500799999999999841e+02 2.806560000000000059e+02
3.387599999999999909e+02 2.627330000000000041e+02
3.316850000000000023e+02 2.481109999999999900e+02
3.260249999999999773e+02 2.363199999999999932e+02
3.505520000000000209e+02 2.471680000000000064e+02
3.500799999999999841e+02 2.283019999999999925e+02
3.510230000000000246e+02 2.155670000000000073e+02
3.538530000000000086e+02 2.042470000000000141e+02
3.613999999999999773e+02 2.476399999999999864e+02
3.590409999999999968e+02 2.259430000000000121e+02
3.585699999999999932e+02 2.122649999999999864e+02
3.609279999999999973e+02 1.990589999999999975e+02
3.684750000000000227e+02 2.504699999999999989e+02
3.675310000000000059e+02 2.292450000000000045e+02
3.661159999999999854e+02 2.165099999999999909e+02
3.656449999999999818e+02 2.051899999999999977e+02
3.755500000000000114e+02 2.551860000000000070e+02
3.755500000000000114e+02 2.391500000000000057e+02
3.764929999999999950e+02 2.287729999999999961e+02
3.769649999999999750e+02 2.198120000000000118e+02
