3.782359999999999900e+02 2.958310000000000173e+02
3.686349999999999909e+02 2.857500000000000000e+02
3.609540000000000077e+02 2.727880000000000109e+02
3.585529999999999973e+02 2.631859999999999786e+02
3.580729999999999791e+02 2.555049999999999955e+02
3.763159999999999741e+02 2.521450000000000102e+02
3.796770000000000209e+02 2.315020000000000095e+02
3.815969999999999800e+02 2.185399999999999920e+02
3.839970000000000141e+02 2.074979999999999905e+02
3.844769999999999754e+02 2.550250000000000057e+02
3.911979999999999791e+02 2.319819999999999993e+02
3.945590000000000259e+02 2.180600000000000023e+02
3.955190000000000055e+02 2.050980000000000132e+02
3.907180000000000177e+02 2.622259999999999991e+02
3.993589999999999804e+02 2.401430000000000007e+02
3.945590000000000259e+02 2.324619999999999891e+02
3.830369999999999777e+02 2.315020000000000095e+02
3.945590000000000259e+02 2.694270000000000209e+02
4.003199999999999932e+02 2.588659999999999854e+02
3.955190000000000055e+02 2.526250000000000000e+02
3.883179999999999836e+02 2.507050000000000125e+02
