3.829320000000000164e+02 3.952690000000000055e+02
3.668879999999999768e+02 3.984780000000000086e+02
3.492389999999999759e+02 4.052970000000000255e+02
3.331949999999999932e+02 4.113129999999999882e+02
3.195579999999999927e+02 4.125169999999999959e+02
3.572610000000000241e+02 4.065000000000000000e+02
3.496399999999999864e+02 4.241480000000000246e+02
3.452280000000000086e+02 4.277579999999999814e+02
4.170260000000000105e+02 4.369839999999999804e+02
3.676899999999999977e+02 4.109119999999999777e+02
3.552559999999999718e+02 4.249510000000000218e+02
3.464320000000000164e+02 4.305659999999999741e+02
3.400140000000000100e+02 4.369839999999999804e+02
3.761129999999999995e+02 4.145219999999999914e+02
3.652830000000000155e+02 4.293629999999999995e+02
3.584649999999999750e+02 4.381870000000000118e+02
3.516460000000000150e+02 4.434010000000000105e+02
3.845360000000000014e+02 4.185330000000000155e+02
3.797230000000000132e+02 4.265550000000000068e+02
3.753109999999999786e+02 4.369839999999999804e+02
3.684920000000000186e+02 4.421979999999999791e+02
