3.764409999999999741e+02 4.003530000000000086e+02
3.621779999999999973e+02 4.066920000000000073e+02
3.487080000000000268e+02 4.138229999999999791e+02
3.415769999999999982e+02 4.237280000000000086e+02
3.348410000000000082e+02 4.320480000000000018e+02
3.689139999999999873e+02 4.300670000000000073e+02
3.657440000000000282e+02 4.478960000000000150e+02
3.661399999999999864e+02 4.478960000000000150e+02
3.681209999999999809e+02 4.510649999999999977e+02
3.819879999999999995e+02 4.292749999999999773e+02
3.843650000000000091e+02 4.439340000000000259e+02
3.855539999999999736e+02 4.490840000000000032e+02
3.899119999999999777e+02 4.538380000000000223e+02
3.914959999999999809e+02 4.257090000000000032e+02
3.966469999999999914e+02 4.360099999999999909e+02
4.014010000000000105e+02 4.447259999999999991e+02
4.049669999999999845e+02 4.510649999999999977e+02
4.006089999999999804e+02 4.197660000000000196e+02
4.081360000000000241e+02 4.312559999999999718e+02
4.136829999999999927e+02 4.356139999999999759e+02
4.200219999999999914e+02 4.415570000000000164e+02
