3.981820000000000164e+02 2.630590000000000259e+02
3.874940000000000282e+02 2.577149999999999750e+02
3.734069999999999823e+02 2.518859999999999957e+02
3.578620000000000232e+02 2.480000000000000000e+02
3.437740000000000009e+02 2.465420000000000016e+02
3.782649999999999864e+02 2.820040000000000191e+02
3.588330000000000268e+02 2.907490000000000236e+02
3.466890000000000214e+02 2.868620000000000232e+02
3.374590000000000032e+02 2.820040000000000191e+02
3.787500000000000000e+02 2.883199999999999932e+02
3.578620000000000232e+02 2.960919999999999845e+02
3.432880000000000109e+02 2.897769999999999868e+02
3.350299999999999727e+02 2.820040000000000191e+02
3.777789999999999964e+02 2.907490000000000236e+02
3.598050000000000068e+02 2.970640000000000214e+02
3.466890000000000214e+02 2.917200000000000273e+02
3.384300000000000068e+02 2.863770000000000095e+02
3.768070000000000164e+02 2.907490000000000236e+02
3.617479999999999905e+02 2.946349999999999909e+02
3.515459999999999923e+02 2.931779999999999973e+02
3.447450000000000045e+02 2.892909999999999968e+02
