3.654350000000000023e+02 3.927559999999999718e+02
3.507400000000000091e+02 3.961150000000000091e+02
3.373050000000000068e+02 4.032520000000000095e+02
3.310079999999999814e+02 4.150070000000000050e+02
3.226109999999999900e+02 4.229839999999999804e+02
3.511600000000000250e+02 4.154270000000000209e+02
3.494809999999999945e+02 4.255029999999999859e+02
3.478009999999999877e+02 4.334800000000000182e+02
3.482210000000000036e+02 4.410380000000000109e+02
3.629150000000000205e+02 4.162669999999999959e+02
3.645950000000000273e+02 4.259230000000000018e+02
3.645950000000000273e+02 4.351600000000000250e+02
3.662740000000000009e+02 4.427169999999999845e+02
3.729920000000000186e+02 4.166870000000000118e+02
3.750910000000000082e+02 4.255029999999999859e+02
3.784499999999999886e+02 4.330609999999999786e+02
3.801290000000000191e+02 4.418770000000000095e+02
3.830679999999999836e+02 4.166870000000000118e+02
3.893650000000000091e+02 4.238240000000000123e+02
3.939839999999999804e+02 4.288620000000000232e+02
3.981820000000000164e+02 4.330609999999999786e+02
