3.949010000000000105e+02 2.718720000000000141e+02
3.834830000000000041e+02 2.709200000000000159e+02
3.701619999999999777e+02 2.699689999999999941e+02
3.539870000000000232e+02 2.694929999999999950e+02
3.411419999999999959e+02 2.694929999999999950e+02
3.782500000000000000e+02 2.999409999999999741e+02
3.601720000000000255e+02 3.089800000000000182e+02
3.482780000000000200e+02 3.061259999999999764e+02
3.387629999999999768e+02 3.032710000000000150e+02
3.792019999999999982e+02 3.051739999999999782e+02
3.582690000000000055e+02 3.104080000000000155e+02
3.454230000000000018e+02 3.051739999999999782e+02
3.368600000000000136e+02 3.008929999999999723e+02
3.768229999999999791e+02 3.046990000000000123e+02
3.596960000000000264e+02 3.089800000000000182e+02
3.463750000000000000e+02 3.032710000000000150e+02
3.378109999999999786e+02 2.975620000000000118e+02
3.744440000000000168e+02 3.027959999999999923e+02
3.601720000000000255e+02 3.051739999999999782e+02
3.516080000000000041e+02 3.013679999999999950e+02
3.439959999999999809e+02 2.980380000000000109e+02
