3.645280000000000200e+02 3.936469999999999914e+02
3.508229999999999791e+02 3.965550000000000068e+02
3.375339999999999918e+02 4.036150000000000091e+02
3.308890000000000100e+02 4.156580000000000155e+02
3.225830000000000268e+02 4.231329999999999814e+02
3.504080000000000155e+02 4.127509999999999764e+02
3.491619999999999777e+02 4.252099999999999795e+02
3.475009999999999764e+02 4.335160000000000196e+02
3.479159999999999968e+02 4.414060000000000059e+02
3.628670000000000186e+02 4.164889999999999759e+02
3.641129999999999995e+02 4.256250000000000000e+02
3.645280000000000200e+02 4.347620000000000005e+02
3.670199999999999818e+02 4.434830000000000041e+02
3.732490000000000236e+02 4.169039999999999964e+02
3.774019999999999868e+02 4.289470000000000027e+02
3.790629999999999882e+02 4.355919999999999845e+02
3.807250000000000227e+02 4.422370000000000232e+02
3.836320000000000050e+02 4.169039999999999964e+02
3.898609999999999900e+02 4.243790000000000191e+02
3.940140000000000100e+02 4.285319999999999823e+02
3.977520000000000095e+02 4.331000000000000227e+02
