3.744460000000000264e+02 3.948249999999999886e+02
3.597440000000000282e+02 3.989089999999999918e+02
3.450409999999999968e+02 4.070769999999999982e+02
3.376899999999999977e+02 4.189200000000000159e+02
3.303389999999999986e+02 4.279049999999999727e+02
3.568849999999999909e+02 4.115690000000000168e+02
3.564759999999999991e+02 4.270880000000000223e+02
3.528009999999999877e+02 4.372980000000000018e+02
3.523929999999999723e+02 4.462830000000000155e+02
3.699529999999999745e+02 4.172869999999999777e+02
3.695450000000000159e+02 4.303550000000000182e+02
3.670950000000000273e+02 4.393399999999999750e+02
3.666859999999999786e+02 4.491410000000000196e+02
3.801630000000000109e+02 4.176949999999999932e+02
3.817970000000000255e+02 4.311720000000000255e+02
3.822049999999999841e+02 4.405649999999999977e+02
3.813879999999999768e+02 4.479159999999999968e+02
3.899639999999999986e+02 4.181039999999999850e+02
3.948650000000000091e+02 4.283129999999999882e+02
3.985409999999999968e+02 4.340310000000000059e+02
4.013990000000000009e+02 4.393399999999999750e+02
