3.636539999999999964e+02 3.967549999999999955e+02
3.507490000000000236e+02 4.005009999999999764e+02
3.382599999999999909e+02 4.075779999999999745e+02
3.340969999999999800e+02 4.200670000000000073e+02
3.274370000000000118e+02 4.300579999999999927e+02
3.507490000000000236e+02 4.159039999999999964e+02
3.536630000000000109e+02 4.304739999999999895e+02
3.578260000000000218e+02 4.404649999999999750e+02
3.619889999999999759e+02 4.471250000000000000e+02
3.636539999999999964e+02 4.150720000000000027e+02
3.649030000000000200e+02 4.304739999999999895e+02
3.682330000000000041e+02 4.404649999999999750e+02
3.711469999999999914e+02 4.487909999999999968e+02
3.744769999999999754e+02 4.138229999999999791e+02
3.744769999999999754e+02 4.292250000000000227e+02
3.757259999999999991e+02 4.396320000000000050e+02
3.790559999999999832e+02 4.475419999999999732e+02
3.828029999999999973e+02 4.171530000000000200e+02
3.832189999999999941e+02 4.271440000000000055e+02
3.848840000000000146e+02 4.346370000000000005e+02
3.857169999999999845e+02 4.404649999999999750e+02
