3.708129999999999882e+02 3.770860000000000127e+02
3.580480000000000018e+02 3.799680000000000177e+02
3.465179999999999723e+02 3.865570000000000164e+02
3.407529999999999859e+02 3.919100000000000250e+02
3.341650000000000205e+02 4.022040000000000077e+02
3.592839999999999918e+02 4.013809999999999718e+02
3.617540000000000191e+02 4.079689999999999941e+02
3.625779999999999745e+02 4.083809999999999718e+02
3.654599999999999795e+02 4.092049999999999841e+02
3.691659999999999968e+02 4.017930000000000064e+02
3.720489999999999782e+02 4.071460000000000150e+02
3.753430000000000177e+02 4.071460000000000150e+02
3.757549999999999955e+02 4.059100000000000250e+02
3.786370000000000005e+02 3.980869999999999891e+02
3.811080000000000041e+02 4.059100000000000250e+02
3.827549999999999955e+02 4.059100000000000250e+02
3.844019999999999868e+02 4.054990000000000236e+02
3.876970000000000027e+02 3.939689999999999941e+02
3.893439999999999941e+02 4.030280000000000200e+02
3.918149999999999977e+02 4.034399999999999977e+02
3.922259999999999991e+02 4.034399999999999977e+02
