3.779630000000000223e+02 2.577389999999999759e+02
3.903120000000000118e+02 2.462719999999999914e+02
4.044259999999999877e+02 2.339219999999999970e+02
4.158940000000000055e+02 2.242189999999999941e+02
4.286840000000000259e+02 2.220130000000000052e+02
3.801680000000000064e+02 2.145149999999999864e+02
3.832549999999999955e+02 1.951090000000000089e+02
3.867839999999999918e+02 1.823180000000000121e+02
3.872250000000000227e+02 1.712920000000000016e+02
3.678179999999999836e+02 2.171620000000000061e+02
3.616429999999999723e+02 1.937860000000000014e+02
3.576739999999999782e+02 1.823180000000000121e+02
3.537040000000000077e+02 1.726150000000000091e+02
3.585559999999999832e+02 2.220130000000000052e+02
3.444420000000000073e+02 2.061349999999999909e+02
3.360620000000000118e+02 1.964319999999999879e+02
3.290049999999999955e+02 1.889339999999999975e+02
3.510579999999999927e+02 2.290699999999999932e+02
3.369440000000000168e+02 2.237779999999999916e+02
3.290049999999999955e+02 2.211310000000000002e+02
3.197429999999999950e+02 2.180440000000000111e+02
