3.701580000000000155e+02 3.947090000000000032e+02
3.560020000000000095e+02 4.001220000000000141e+02
3.435120000000000005e+02 4.096970000000000027e+02
3.455939999999999941e+02 4.188570000000000277e+02
3.497570000000000050e+02 4.300980000000000132e+02
3.609979999999999905e+02 4.171909999999999741e+02
3.585000000000000000e+02 4.317629999999999768e+02
3.568349999999999795e+02 4.413389999999999986e+02
3.597490000000000236e+02 4.480009999999999764e+02
3.722389999999999759e+02 4.159420000000000073e+02
3.722389999999999759e+02 4.325960000000000036e+02
3.739049999999999727e+02 4.442540000000000191e+02
3.793170000000000073e+02 4.488330000000000268e+02
3.818149999999999977e+02 4.159420000000000073e+02
3.822320000000000277e+02 4.305140000000000100e+02
3.834809999999999945e+02 4.388410000000000082e+02
3.868109999999999786e+02 4.459189999999999827e+02
3.897259999999999991e+02 4.176080000000000041e+02
3.913910000000000196e+02 4.284329999999999927e+02
3.938890000000000100e+02 4.350939999999999941e+02
3.963870000000000005e+02 4.400899999999999750e+02
