3.655670000000000073e+02 2.484329999999999927e+02
3.684289999999999736e+02 2.355560000000000116e+02
3.755830000000000268e+02 2.179089999999999918e+02
3.836909999999999741e+02 2.016930000000000121e+02
3.903679999999999950e+02 1.921539999999999964e+02
3.870299999999999727e+02 2.131390000000000100e+02
3.894139999999999873e+02 1.959699999999999989e+02
3.793980000000000246e+02 1.897690000000000055e+02
3.793980000000000246e+02 1.902460000000000093e+02
3.836909999999999741e+02 2.169550000000000125e+02
3.808290000000000077e+02 1.935850000000000080e+02
3.708140000000000214e+02 1.883389999999999986e+02
3.612749999999999773e+02 1.897690000000000055e+02
3.793980000000000246e+02 2.207709999999999866e+02
3.755830000000000268e+02 1.978770000000000095e+02
3.636589999999999918e+02 1.978770000000000095e+02
3.588899999999999864e+02 2.012160000000000082e+02
3.708140000000000214e+02 2.245860000000000127e+02
3.636589999999999918e+02 2.098009999999999877e+02
3.569820000000000277e+02 2.093240000000000123e+02
3.531669999999999732e+02 2.098009999999999877e+02
