3.650079999999999814e+02 3.931129999999999995e+02
3.511469999999999914e+02 3.960529999999999973e+02
3.377069999999999936e+02 4.036139999999999759e+02
3.309859999999999900e+02 4.145339999999999918e+02
3.234259999999999877e+02 4.233550000000000182e+02
3.498870000000000005e+02 4.128539999999999850e+02
3.494669999999999845e+02 4.250350000000000250e+02
3.473670000000000186e+02 4.342760000000000105e+02
3.477869999999999777e+02 4.409959999999999809e+02
3.624879999999999995e+02 4.157939999999999827e+02
3.641680000000000064e+02 4.262950000000000159e+02
3.641680000000000064e+02 4.359560000000000173e+02
3.671080000000000041e+02 4.439359999999999786e+02
3.729889999999999759e+02 4.166340000000000146e+02
3.767690000000000055e+02 4.271349999999999909e+02
3.788690000000000282e+02 4.338550000000000182e+02
3.805489999999999782e+02 4.422559999999999718e+02
3.834900000000000091e+02 4.153740000000000236e+02
3.881100000000000136e+02 4.233550000000000182e+02
3.939900000000000091e+02 4.279750000000000227e+02
3.981899999999999977e+02 4.338550000000000182e+02
