3.640849999999999795e+02 2.446939999999999884e+02
3.528969999999999914e+02 2.381680000000000064e+02
3.449730000000000132e+02 2.232510000000000048e+02
3.440400000000000205e+02 2.092669999999999959e+02
3.417099999999999795e+02 1.985449999999999875e+02
3.570919999999999845e+02 2.069360000000000070e+02
3.575590000000000259e+02 1.896879999999999882e+02
3.561600000000000250e+02 1.896879999999999882e+02
3.533629999999999995e+02 1.938839999999999861e+02
3.668820000000000050e+02 2.074019999999999868e+02
3.682799999999999727e+02 1.873580000000000041e+02
3.678140000000000214e+02 1.868919999999999959e+02
3.645509999999999877e+02 1.938839999999999861e+02
3.752719999999999914e+02 2.092669999999999959e+02
3.799340000000000259e+02 1.929519999999999982e+02
3.766709999999999923e+02 1.906210000000000093e+02
3.752719999999999914e+02 2.004099999999999966e+02
3.831970000000000027e+02 2.129960000000000093e+02
3.892570000000000050e+02 2.022740000000000009e+02
3.869259999999999877e+02 1.990109999999999957e+02
3.859940000000000282e+02 2.036730000000000018e+02
