3.807090000000000032e+02 3.919680000000000177e+02
3.681490000000000009e+02 3.965729999999999791e+02
3.560079999999999814e+02 4.045280000000000200e+02
3.539139999999999873e+02 4.145760000000000218e+02
3.555889999999999986e+02 4.279730000000000132e+02
3.698240000000000123e+02 4.162509999999999764e+02
3.727540000000000191e+02 4.267169999999999845e+02
3.731730000000000018e+02 4.363469999999999800e+02
3.765219999999999914e+02 4.443009999999999877e+02
3.823840000000000146e+02 4.158319999999999936e+02
3.844769999999999754e+02 4.267169999999999845e+02
3.874080000000000155e+02 4.388589999999999804e+02
3.928500000000000227e+02 4.459759999999999991e+02
3.928500000000000227e+02 4.154130000000000109e+02
3.936879999999999882e+02 4.233679999999999950e+02
3.978740000000000236e+02 4.350910000000000082e+02
4.016419999999999959e+02 4.443009999999999877e+02
4.024800000000000182e+02 4.141569999999999823e+02
4.066659999999999968e+02 4.250430000000000064e+02
4.108530000000000086e+02 4.296480000000000246e+02
4.154580000000000268e+02 4.359279999999999973e+02
