3.690550000000000068e+02 2.414459999999999980e+02
3.783960000000000150e+02 2.302369999999999948e+02
3.886720000000000255e+02 2.162249999999999943e+02
3.933419999999999845e+02 2.012789999999999964e+02
4.003480000000000132e+02 1.896030000000000086e+02
3.783960000000000150e+02 2.040819999999999936e+02
3.755939999999999941e+02 1.886690000000000111e+02
3.741929999999999836e+02 1.839979999999999905e+02
3.737259999999999991e+02 1.816630000000000109e+02
3.681209999999999809e+02 2.050159999999999911e+02
3.653190000000000168e+02 1.886690000000000111e+02
3.634510000000000218e+02 1.839979999999999905e+02
3.629830000000000041e+02 1.830639999999999930e+02
3.597139999999999986e+02 2.082849999999999966e+02
3.559780000000000086e+02 1.928720000000000141e+02
3.555110000000000241e+02 1.900699999999999932e+02
3.555110000000000241e+02 1.891359999999999957e+02
3.522409999999999854e+02 2.129559999999999889e+02
3.489719999999999800e+02 2.026810000000000116e+02
3.480380000000000109e+02 1.994110000000000014e+02
3.475710000000000264e+02 1.970759999999999934e+02
