3.715450000000000159e+02 3.929189999999999827e+02
3.570160000000000196e+02 3.967649999999999864e+02
3.429139999999999873e+02 4.031739999999999782e+02
3.407780000000000200e+02 4.130029999999999859e+02
3.369320000000000164e+02 4.241129999999999995e+02
3.553070000000000164e+02 4.100120000000000005e+02
3.578709999999999809e+02 4.232590000000000146e+02
3.582980000000000018e+02 4.335140000000000100e+02
3.617169999999999845e+02 4.412060000000000173e+02
3.681259999999999764e+02 4.108659999999999854e+02
3.685539999999999736e+02 4.241129999999999995e+02
3.698360000000000127e+02 4.347959999999999923e+02
3.723999999999999773e+02 4.437699999999999818e+02
3.788090000000000259e+02 4.108659999999999854e+02
3.771000000000000227e+02 4.236859999999999786e+02
3.788090000000000259e+02 4.339420000000000073e+02
3.800910000000000082e+02 4.424879999999999995e+02
3.873559999999999945e+02 4.134300000000000068e+02
3.886379999999999768e+02 4.232590000000000146e+02
3.894920000000000186e+02 4.283860000000000241e+02
3.912019999999999982e+02 4.347959999999999923e+02
