3.698799999999999955e+02 3.938319999999999936e+02
3.561759999999999877e+02 3.976859999999999786e+02
3.437559999999999718e+02 4.062509999999999764e+02
3.364759999999999991e+02 4.178140000000000214e+02
3.283389999999999986e+02 4.276639999999999873e+02
3.574610000000000127e+02 4.173860000000000241e+02
3.583170000000000073e+02 4.289490000000000123e+02
3.591739999999999782e+02 4.387980000000000018e+02
3.626000000000000227e+02 4.452219999999999800e+02
3.694519999999999982e+02 4.178140000000000214e+02
3.715930000000000177e+02 4.280919999999999845e+02
3.737339999999999804e+02 4.413679999999999950e+02
3.788729999999999905e+02 4.477919999999999732e+02
3.788729999999999905e+02 4.165289999999999964e+02
3.818709999999999809e+02 4.272359999999999900e+02
3.857250000000000227e+02 4.362289999999999850e+02
3.891510000000000105e+02 4.452219999999999800e+02
3.887230000000000132e+02 4.152450000000000045e+02
3.942900000000000205e+02 4.255230000000000246e+02
3.994300000000000068e+02 4.310899999999999750e+02
4.045690000000000168e+02 4.358009999999999877e+02
