3.635330000000000155e+02 2.755179999999999723e+02
3.520760000000000218e+02 2.664479999999999791e+02
3.382309999999999945e+02 2.530809999999999889e+02
3.253419999999999845e+02 2.454430000000000121e+02
3.134069999999999823e+02 2.401910000000000025e+02
3.587590000000000146e+02 2.330310000000000059e+02
3.554169999999999732e+02 2.144120000000000061e+02
3.496890000000000214e+02 2.039099999999999966e+02
3.473020000000000209e+02 1.943619999999999948e+02
3.644879999999999995e+02 2.358950000000000102e+02
3.592359999999999900e+02 2.167990000000000066e+02
3.525529999999999973e+02 2.048640000000000043e+02
3.482559999999999718e+02 1.943619999999999948e+02
3.678290000000000077e+02 2.406690000000000111e+02
3.644879999999999995e+02 2.258700000000000045e+02
3.630559999999999832e+02 2.172769999999999868e+02
3.616229999999999905e+02 2.086839999999999975e+02
3.711709999999999923e+02 2.468750000000000000e+02
3.678290000000000077e+02 2.363720000000000141e+02
3.678290000000000077e+02 2.315980000000000132e+02
3.706940000000000168e+02 2.258700000000000045e+02
