3.603009999999999877e+02 2.460480000000000018e+02
3.481899999999999977e+02 2.381299999999999955e+02
3.412029999999999745e+02 2.227589999999999861e+02
3.421349999999999909e+02 2.083199999999999932e+02
3.407379999999999995e+02 1.966750000000000114e+02
3.523820000000000050e+02 2.073880000000000052e+02
3.561089999999999804e+02 1.934149999999999920e+02
3.584370000000000118e+02 1.892230000000000132e+02
3.598349999999999795e+02 1.878249999999999886e+02
3.621639999999999873e+02 2.083199999999999932e+02
3.663559999999999945e+02 1.924830000000000041e+02
3.710140000000000100e+02 1.873600000000000136e+02
3.747400000000000091e+02 1.864279999999999973e+02
3.700819999999999936e+02 2.115800000000000125e+02
3.747400000000000091e+02 1.966750000000000114e+02
3.775350000000000250e+02 1.929490000000000123e+02
3.807950000000000159e+02 1.910860000000000127e+02
3.775350000000000250e+02 2.157719999999999914e+02
3.821920000000000073e+02 2.041279999999999859e+02
3.817269999999999754e+02 2.004010000000000105e+02
3.798639999999999759e+02 2.017990000000000066e+02
