3.724850000000000136e+02 3.898779999999999859e+02
3.583809999999999718e+02 3.945790000000000077e+02
3.442769999999999868e+02 4.035550000000000068e+02
3.412850000000000250e+02 4.138120000000000118e+02
3.374390000000000214e+02 4.244970000000000141e+02
3.553890000000000100e+02 4.091109999999999900e+02
3.579540000000000077e+02 4.232149999999999750e+02
3.588090000000000259e+02 4.330450000000000159e+02
3.618000000000000114e+02 4.420199999999999818e+02
3.682110000000000127e+02 4.116750000000000114e+02
3.686390000000000100e+02 4.253519999999999754e+02
3.694929999999999950e+02 4.360369999999999777e+02
3.724850000000000136e+02 4.433029999999999973e+02
3.784689999999999941e+02 4.116750000000000114e+02
3.771870000000000118e+02 4.236419999999999959e+02
3.784689999999999941e+02 4.334719999999999800e+02
3.801779999999999973e+02 4.424479999999999791e+02
3.865889999999999986e+02 4.129569999999999936e+02
3.882989999999999782e+02 4.227869999999999777e+02
3.895810000000000173e+02 4.291979999999999791e+02
3.912909999999999968e+02 4.351820000000000164e+02
