3.722869999999999777e+02 3.913360000000000127e+02
3.572400000000000091e+02 3.959340000000000259e+02
3.434470000000000027e+02 4.038759999999999764e+02
3.405210000000000150e+02 4.139069999999999823e+02
3.367590000000000146e+02 4.243570000000000277e+02
3.555679999999999836e+02 4.101449999999999818e+02
3.572400000000000091e+02 4.239390000000000214e+02
3.580760000000000218e+02 4.339700000000000273e+02
3.626739999999999782e+02 4.410760000000000218e+02
3.672719999999999914e+02 4.101449999999999818e+02
3.685260000000000105e+02 4.243570000000000277e+02
3.701979999999999791e+02 4.352239999999999895e+02
3.731229999999999905e+02 4.440020000000000095e+02
3.777210000000000036e+02 4.105629999999999882e+02
3.773029999999999973e+02 4.218489999999999895e+02
3.777210000000000036e+02 4.331340000000000146e+02
3.802289999999999850e+02 4.419119999999999777e+02
3.873349999999999795e+02 4.126530000000000200e+02
3.885889999999999986e+02 4.235210000000000150e+02
3.902610000000000241e+02 4.281179999999999950e+02
3.910969999999999800e+02 4.348059999999999832e+02
