3.729089999999999918e+02 3.952130000000000223e+02
3.557169999999999845e+02 3.998249999999999886e+02
3.402019999999999982e+02 4.052760000000000105e+02
3.255269999999999868e+02 4.111469999999999914e+02
3.116890000000000214e+02 4.140819999999999936e+02
3.573940000000000055e+02 4.124049999999999727e+02
3.506850000000000023e+02 4.241449999999999818e+02
3.439759999999999991e+02 4.316929999999999836e+02
3.402019999999999982e+02 4.392409999999999854e+02
3.687160000000000082e+02 4.111469999999999914e+02
3.657799999999999727e+02 4.237259999999999991e+02
3.636840000000000259e+02 4.337900000000000205e+02
3.573940000000000055e+02 4.404990000000000236e+02
3.808759999999999764e+02 4.136630000000000109e+02
3.884230000000000018e+02 4.254030000000000200e+02
3.976480000000000246e+02 4.333700000000000045e+02
4.152590000000000146e+02 4.333700000000000045e+02
3.905199999999999818e+02 4.161789999999999736e+02
3.989060000000000059e+02 4.224680000000000177e+02
4.077110000000000127e+02 4.275000000000000000e+02
4.148399999999999750e+02 4.329510000000000218e+02
