3.675919999999999845e+02 3.949100000000000250e+02
3.537429999999999950e+02 3.978469999999999800e+02
3.390539999999999736e+02 4.062409999999999854e+02
3.373750000000000000e+02 4.167330000000000041e+02
3.352769999999999868e+02 4.305819999999999936e+02
3.520640000000000214e+02 4.054019999999999868e+02
3.520640000000000214e+02 4.188310000000000173e+02
3.512250000000000227e+02 4.314220000000000255e+02
3.503860000000000241e+02 4.448509999999999991e+02
3.629759999999999991e+02 4.091789999999999736e+02
3.633960000000000150e+02 4.255459999999999923e+02
3.638149999999999977e+02 4.377169999999999845e+02
3.663330000000000268e+02 4.477889999999999873e+02
3.734680000000000177e+02 4.129560000000000173e+02
3.722090000000000032e+02 4.247069999999999936e+02
3.751469999999999914e+02 4.377169999999999845e+02
3.772450000000000045e+02 4.461109999999999900e+02
3.839599999999999795e+02 4.167330000000000041e+02
3.856390000000000100e+02 4.263860000000000241e+02
3.889959999999999809e+02 4.318410000000000082e+02
3.923530000000000086e+02 4.381370000000000005e+02
