3.926320000000000050e+02 2.684300000000000068e+02
3.807570000000000050e+02 2.670040000000000191e+02
3.655570000000000164e+02 2.665289999999999964e+02
3.498809999999999718e+02 2.646290000000000191e+02
3.356309999999999718e+02 2.646290000000000191e+02
3.688820000000000050e+02 2.959800000000000182e+02
3.522559999999999718e+02 3.054800000000000182e+02
3.408559999999999945e+02 3.016800000000000068e+02
3.318310000000000173e+02 2.978799999999999955e+02
3.698319999999999936e+02 3.002549999999999955e+02
3.513059999999999832e+02 3.059560000000000173e+02
3.384809999999999945e+02 2.993050000000000068e+02
3.308809999999999718e+02 2.940799999999999841e+02
3.703070000000000164e+02 2.983550000000000182e+02
3.536809999999999832e+02 3.045299999999999727e+02
3.413310000000000173e+02 2.983550000000000182e+02
3.337309999999999945e+02 2.921800000000000068e+02
3.693570000000000277e+02 2.969300000000000068e+02
3.551059999999999945e+02 3.012049999999999841e+02
3.465559999999999832e+02 2.974049999999999727e+02
3.389560000000000173e+02 2.936050000000000182e+02
