3.719820000000000277e+02 2.449550000000000125e+02
3.830360000000000014e+02 2.343619999999999948e+02
3.936290000000000191e+02 2.228480000000000132e+02
4.009979999999999905e+02 2.099519999999999982e+02
4.097490000000000236e+02 1.998199999999999932e+02
3.798120000000000118e+02 2.076490000000000009e+02
3.825749999999999886e+02 1.883050000000000068e+02
3.821150000000000091e+02 1.740279999999999916e+02
3.798120000000000118e+02 1.629739999999999895e+02
3.696789999999999736e+02 2.090310000000000059e+02
3.706009999999999991e+02 1.860020000000000095e+02
3.706009999999999991e+02 1.712640000000000100e+02
3.687579999999999814e+02 1.592889999999999873e+02
3.609289999999999736e+02 2.117940000000000111e+02
3.609289999999999736e+02 1.906080000000000041e+02
3.609289999999999736e+02 1.767909999999999968e+02
3.609289999999999736e+02 1.661980000000000075e+02
3.535590000000000259e+02 2.154790000000000134e+02
3.526379999999999768e+02 1.965960000000000036e+02
3.530989999999999895e+02 1.878449999999999989e+02
3.535590000000000259e+02 1.786330000000000098e+02
