3.740230000000000246e+02 3.940409999999999968e+02
3.597429999999999950e+02 3.982409999999999854e+02
3.454619999999999891e+02 4.062210000000000036e+02
3.412620000000000005e+02 4.184019999999999868e+02
3.349619999999999891e+02 4.289019999999999868e+02
3.584830000000000041e+02 4.142019999999999982e+02
3.610029999999999859e+02 4.297420000000000186e+02
3.618430000000000177e+02 4.406630000000000109e+02
3.664630000000000223e+02 4.482230000000000132e+02
3.710830000000000268e+02 4.154619999999999891e+02
3.731829999999999927e+02 4.322629999999999768e+02
3.769639999999999986e+02 4.431829999999999927e+02
3.824239999999999782e+02 4.499030000000000200e+02
3.815840000000000032e+02 4.154619999999999891e+02
3.820040000000000191e+02 4.305830000000000268e+02
3.870439999999999827e+02 4.402429999999999950e+02
3.912440000000000282e+02 4.482230000000000132e+02
3.912440000000000282e+02 4.171419999999999959e+02
3.946039999999999850e+02 4.280620000000000118e+02
3.983849999999999909e+02 4.335230000000000246e+02
4.017450000000000045e+02 4.385629999999999882e+02
