3.604580000000000268e+02 2.443410000000000082e+02
3.492710000000000150e+02 2.364170000000000016e+02
3.422799999999999727e+02 2.215020000000000095e+02
3.422799999999999727e+02 2.070529999999999973e+02
3.413469999999999800e+02 1.954000000000000057e+02
3.543980000000000246e+02 2.061210000000000093e+02
3.571949999999999932e+02 1.912050000000000125e+02
3.571949999999999932e+02 1.874770000000000039e+02
3.576610000000000014e+02 1.879430000000000121e+02
3.646530000000000200e+02 2.079850000000000136e+02
3.688480000000000132e+02 1.898069999999999879e+02
3.660509999999999877e+02 1.879430000000000121e+02
3.641870000000000118e+02 1.912050000000000125e+02
3.721100000000000136e+02 2.112479999999999905e+02
3.791019999999999754e+02 1.926040000000000134e+02
3.744409999999999741e+02 1.935360000000000014e+02
3.688480000000000132e+02 1.954000000000000057e+02
3.777040000000000077e+02 2.159089999999999918e+02
3.832970000000000255e+02 2.023919999999999959e+02
3.795679999999999836e+02 2.005269999999999868e+02
3.749069999999999823e+02 2.056550000000000011e+02
