3.724279999999999973e+02 2.504480000000000075e+02
3.825509999999999877e+02 2.375649999999999977e+02
3.871519999999999868e+02 2.210010000000000048e+02
3.830110000000000241e+02 2.044360000000000070e+02
3.788700000000000045e+02 1.910929999999999893e+02
3.751890000000000214e+02 2.090380000000000109e+02
3.682869999999999777e+02 1.887930000000000064e+02
3.641460000000000150e+02 1.772899999999999920e+02
3.595450000000000159e+02 1.667069999999999936e+02
3.641460000000000150e+02 2.122580000000000098e+02
3.572440000000000282e+02 1.901730000000000018e+02
3.535640000000000214e+02 1.768300000000000125e+02
3.498829999999999814e+02 1.634859999999999900e+02
3.535640000000000214e+02 2.173199999999999932e+02
3.494230000000000018e+02 1.961539999999999964e+02
3.485020000000000095e+02 1.814310000000000116e+02
3.457420000000000186e+02 1.703880000000000052e+02
3.466619999999999777e+02 2.219209999999999923e+02
3.425210000000000150e+02 2.035159999999999911e+02
3.425210000000000150e+02 1.929339999999999975e+02
3.425210000000000150e+02 1.846519999999999868e+02
