4.280880000000000223e+02 3.328870000000000005e+02
4.257010000000000218e+02 3.199940000000000282e+02
3.793840000000000146e+02 2.774979999999999905e+02
3.746089999999999804e+02 2.631730000000000018e+02
3.755640000000000214e+02 2.502810000000000059e+02
4.085110000000000241e+02 3.161739999999999782e+02
3.956190000000000282e+02 3.061469999999999914e+02
3.569420000000000073e+02 2.956419999999999959e+02
3.469139999999999873e+02 2.956419999999999959e+02
4.003929999999999723e+02 3.195169999999999959e+02
3.497789999999999964e+02 3.047149999999999750e+02
3.373650000000000091e+02 3.037599999999999909e+02
3.268600000000000136e+02 3.047149999999999750e+02
3.980059999999999718e+02 3.233369999999999891e+02
3.407069999999999936e+02 3.113999999999999773e+02
3.287699999999999818e+02 3.133090000000000259e+02
3.187420000000000186e+02 3.171290000000000191e+02
3.980059999999999718e+02 3.271569999999999823e+02
3.354549999999999841e+02 3.156970000000000027e+02
3.268600000000000136e+02 3.190389999999999873e+02
3.206519999999999868e+02 3.233369999999999891e+02
