3.615190000000000055e+02 4.122440000000000282e+02
3.457479999999999905e+02 4.180140000000000100e+02
3.315160000000000196e+02 4.253220000000000027e+02
3.249769999999999754e+02 4.364769999999999754e+02
3.195919999999999845e+02 4.460939999999999941e+02
3.499789999999999850e+02 4.395539999999999736e+02
3.495950000000000273e+02 4.491709999999999923e+02
3.488249999999999886e+02 4.584019999999999868e+02
3.484409999999999741e+02 4.657110000000000127e+02
3.634420000000000073e+02 4.395539999999999736e+02
3.653650000000000091e+02 4.534019999999999868e+02
3.661349999999999909e+02 4.637869999999999777e+02
3.707500000000000000e+02 4.687880000000000109e+02
3.742119999999999891e+02 4.372470000000000141e+02
3.788279999999999745e+02 4.449399999999999977e+02
3.838279999999999745e+02 4.580179999999999723e+02
3.857520000000000095e+02 4.657110000000000127e+02
3.842130000000000223e+02 4.318609999999999900e+02
3.922909999999999968e+02 4.422470000000000141e+02
3.995989999999999895e+02 4.487860000000000014e+02
4.057540000000000191e+02 4.545559999999999832e+02
