3.658310000000000173e+02 3.923210000000000264e+02
3.515480000000000018e+02 3.965219999999999914e+02
3.372640000000000100e+02 4.040840000000000032e+02
3.309619999999999891e+02 4.141659999999999968e+02
3.225600000000000023e+02 4.234089999999999918e+02
3.519680000000000177e+02 4.171070000000000277e+02
3.494470000000000027e+02 4.263500000000000227e+02
3.469259999999999877e+02 4.343319999999999936e+02
3.481870000000000118e+02 4.406329999999999814e+02
3.633109999999999786e+02 4.171070000000000277e+02
3.645710000000000264e+02 4.255090000000000146e+02
3.641510000000000105e+02 4.351720000000000255e+02
3.662509999999999764e+02 4.439940000000000282e+02
3.733929999999999723e+02 4.166870000000000118e+02
3.763340000000000032e+02 4.246689999999999827e+02
3.784350000000000023e+02 4.334920000000000186e+02
3.796949999999999932e+02 4.414739999999999895e+02
3.830559999999999832e+02 4.145869999999999891e+02
3.893580000000000041e+02 4.238290000000000077e+02
3.935590000000000259e+02 4.280299999999999727e+02
3.986000000000000227e+02 4.339119999999999777e+02
