3.609309999999999832e+02 4.125480000000000018e+02
3.453580000000000041e+02 4.178659999999999854e+02
3.313039999999999736e+02 4.262219999999999800e+02
3.259859999999999900e+02 4.368580000000000041e+02
3.195289999999999964e+02 4.459739999999999895e+02
3.502959999999999923e+02 4.387570000000000050e+02
3.495360000000000014e+02 4.486329999999999814e+02
3.483969999999999914e+02 4.581290000000000191e+02
3.483969999999999914e+02 4.664850000000000136e+02
3.635899999999999750e+02 4.395160000000000196e+02
3.654889999999999759e+02 4.539499999999999886e+02
3.670090000000000146e+02 4.634460000000000264e+02
3.704270000000000209e+02 4.691440000000000055e+02
3.742259999999999991e+02 4.372370000000000232e+02
3.768849999999999909e+02 4.455939999999999941e+02
3.841019999999999754e+02 4.573690000000000282e+02
3.860009999999999764e+02 4.661050000000000182e+02
3.848609999999999900e+02 4.341990000000000123e+02
3.916979999999999791e+02 4.421750000000000114e+02
3.996750000000000114e+02 4.486329999999999814e+02
4.061320000000000050e+02 4.547099999999999795e+02
