3.679540000000000077e+02 2.448240000000000123e+02
3.791429999999999723e+02 2.336349999999999909e+02
3.898650000000000091e+02 2.215140000000000100e+02
3.977900000000000205e+02 2.070629999999999882e+02
4.080459999999999923e+02 1.968060000000000116e+02
3.796089999999999804e+02 2.075289999999999964e+02
3.791429999999999723e+02 1.879490000000000123e+02
3.754130000000000109e+02 1.739629999999999939e+02
3.716840000000000259e+02 1.627750000000000057e+02
3.698190000000000168e+02 2.089269999999999925e+02
3.684200000000000159e+02 1.860840000000000032e+02
3.660899999999999750e+02 1.711659999999999968e+02
3.642250000000000227e+02 1.590449999999999875e+02
3.609610000000000127e+02 2.117239999999999895e+02
3.604950000000000045e+02 1.912119999999999891e+02
3.590969999999999800e+02 1.762940000000000111e+02
3.576979999999999791e+02 1.646399999999999864e+02
3.530360000000000014e+02 2.149879999999999995e+02
3.511720000000000255e+02 1.986709999999999923e+02
3.502389999999999759e+02 1.884149999999999920e+02
3.497730000000000246e+02 1.804900000000000091e+02
