3.732440000000000282e+02 3.904239999999999782e+02
3.580280000000000200e+02 3.942280000000000086e+02
3.436580000000000155e+02 4.039490000000000123e+02
3.406990000000000123e+02 4.140930000000000177e+02
3.364730000000000132e+02 4.242359999999999900e+02
3.550690000000000168e+02 4.090210000000000150e+02
3.571829999999999927e+02 4.238140000000000214e+02
3.580280000000000200e+02 4.343799999999999955e+02
3.622549999999999955e+02 4.411429999999999723e+02
3.669039999999999964e+02 4.094440000000000168e+02
3.685939999999999941e+02 4.242359999999999900e+02
3.702850000000000250e+02 4.356480000000000246e+02
3.736659999999999968e+02 4.441009999999999991e+02
3.778929999999999723e+02 4.102889999999999873e+02
3.774700000000000273e+02 4.212780000000000200e+02
3.783149999999999977e+02 4.331120000000000232e+02
3.808509999999999991e+02 4.424110000000000014e+02
3.876139999999999759e+02 4.128249999999999886e+02
3.884590000000000032e+02 4.229689999999999941e+02
3.901499999999999773e+02 4.280400000000000205e+02
3.909950000000000045e+02 4.348029999999999973e+02
