3.831410000000000196e+02 3.909289999999999736e+02
3.688779999999999859e+02 3.984800000000000182e+02
3.487420000000000186e+02 4.068700000000000045e+02
3.323820000000000050e+02 4.110649999999999977e+02
3.176990000000000123e+02 4.106460000000000150e+02
3.663609999999999900e+02 4.156800000000000068e+02
3.529370000000000118e+02 4.261669999999999732e+02
3.462250000000000227e+02 4.316200000000000045e+02
3.395129999999999768e+02 4.358149999999999977e+02
3.785260000000000105e+02 4.190360000000000014e+02
3.827210000000000036e+02 4.303620000000000232e+02
3.885939999999999941e+02 4.395910000000000082e+02
3.957259999999999991e+02 4.450439999999999827e+02
3.894329999999999927e+02 4.207139999999999986e+02
3.936279999999999859e+02 4.295230000000000246e+02
4.007599999999999909e+02 4.383319999999999936e+02
4.070520000000000209e+02 4.442049999999999841e+02
3.999209999999999923e+02 4.207139999999999986e+02
4.091499999999999773e+02 4.286840000000000259e+02
4.137640000000000100e+02 4.332980000000000018e+02
4.192180000000000177e+02 4.370740000000000123e+02
