3.731019999999999754e+02 3.906730000000000018e+02
3.616080000000000041e+02 3.964200000000000159e+02
3.488820000000000050e+02 4.038090000000000259e+02
3.529870000000000232e+02 4.144820000000000277e+02
3.562710000000000150e+02 4.263870000000000005e+02
3.726909999999999741e+02 4.202289999999999850e+02
3.772069999999999936e+02 4.276179999999999950e+02
3.837749999999999773e+02 4.345969999999999800e+02
3.903430000000000177e+02 4.399329999999999927e+02
3.829540000000000077e+02 4.169449999999999932e+02
3.887010000000000218e+02 4.267970000000000255e+02
3.956789999999999736e+02 4.337760000000000105e+02
4.022470000000000141e+02 4.387019999999999982e+02
3.895219999999999914e+02 4.132509999999999764e+02
3.960899999999999750e+02 4.226920000000000073e+02
4.014259999999999877e+02 4.304920000000000186e+02
4.067629999999999768e+02 4.366490000000000009e+02
3.973210000000000264e+02 4.095559999999999832e+02
4.034789999999999850e+02 4.198190000000000168e+02
4.084049999999999727e+02 4.263870000000000005e+02
4.125099999999999909e+02 4.304920000000000186e+02
