3.768399999999999750e+02 4.006170000000000186e+02
3.620009999999999764e+02 4.086379999999999768e+02
3.447549999999999955e+02 4.162579999999999814e+02
3.283120000000000118e+02 4.202690000000000055e+02
3.146759999999999877e+02 4.198679999999999950e+02
3.624019999999999868e+02 4.234769999999999754e+02
3.844599999999999795e+02 4.375140000000000100e+02
3.872669999999999959e+02 4.447330000000000041e+02
3.920799999999999841e+02 4.511499999999999773e+02
3.736309999999999718e+02 4.226750000000000114e+02
3.736309999999999718e+02 4.318999999999999773e+02
3.656100000000000136e+02 4.351080000000000041e+02
3.628029999999999973e+02 4.363109999999999786e+02
3.824540000000000077e+02 4.258840000000000146e+02
4.033090000000000259e+02 4.331030000000000086e+02
4.121320000000000050e+02 4.387169999999999845e+02
4.205550000000000068e+02 4.459359999999999786e+02
3.848609999999999900e+02 4.314979999999999905e+02
4.157420000000000186e+02 4.302950000000000159e+02
4.237629999999999768e+02 4.335040000000000191e+02
4.349929999999999950e+02 4.379150000000000205e+02
