3.852939999999999827e+02 3.121340000000000146e+02
3.711600000000000250e+02 3.017690000000000055e+02
3.541990000000000123e+02 2.909329999999999927e+02
3.400649999999999977e+02 2.866929999999999836e+02
3.287579999999999814e+02 2.800969999999999800e+02
3.631510000000000105e+02 2.975289999999999964e+02
3.523149999999999977e+02 3.031820000000000164e+02
3.457189999999999941e+02 3.064800000000000182e+02
3.405360000000000014e+02 3.116630000000000109e+02
3.716309999999999718e+02 3.060090000000000146e+02
3.650360000000000014e+02 3.097780000000000200e+02
3.565550000000000068e+02 3.144900000000000091e+02
3.527860000000000014e+02 3.163740000000000236e+02
3.786979999999999791e+02 3.144900000000000091e+02
3.749289999999999736e+02 3.173159999999999741e+02
3.673910000000000196e+02 3.224990000000000236e+02
3.636220000000000141e+02 3.248550000000000182e+02
3.834100000000000250e+02 3.239119999999999777e+02
3.786979999999999791e+02 3.276809999999999832e+02
3.763430000000000177e+02 3.314499999999999886e+02
3.753999999999999773e+02 3.352200000000000273e+02
