3.707119999999999891e+02 2.468470000000000084e+02
3.588969999999999914e+02 2.383400000000000034e+02
3.527529999999999859e+02 2.208540000000000134e+02
3.541709999999999923e+02 2.047849999999999966e+02
3.551159999999999854e+02 1.901349999999999909e+02
3.617330000000000041e+02 2.057309999999999945e+02
3.626779999999999973e+02 1.863540000000000134e+02
3.640960000000000036e+02 1.740660000000000025e+02
3.655129999999999768e+02 1.627239999999999895e+02
3.707119999999999891e+02 2.080939999999999941e+02
3.721299999999999955e+02 1.858810000000000002e+02
3.716569999999999823e+02 1.707580000000000098e+02
3.730749999999999886e+02 1.584699999999999989e+02
3.792189999999999941e+02 2.095109999999999957e+02
3.782740000000000009e+02 1.891889999999999930e+02
3.782740000000000009e+02 1.750109999999999957e+02
3.796920000000000073e+02 1.627239999999999895e+02
3.877259999999999991e+02 2.142369999999999948e+02
3.858349999999999795e+02 1.976959999999999980e+02
3.858349999999999795e+02 1.872990000000000066e+02
3.858349999999999795e+02 1.783199999999999932e+02
