3.645810000000000173e+02 2.478129999999999882e+02
3.711789999999999736e+02 2.360320000000000107e+02
3.806050000000000182e+02 2.233069999999999879e+02
3.872029999999999745e+02 2.101109999999999900e+02
3.942719999999999914e+02 2.020999999999999943e+02
3.806050000000000182e+02 2.105829999999999984e+02
3.839039999999999964e+02 1.907889999999999873e+02
3.839039999999999964e+02 1.766510000000000105e+02
3.834320000000000164e+02 1.648689999999999998e+02
3.749490000000000123e+02 2.129389999999999930e+02
3.768349999999999795e+02 1.889039999999999964e+02
3.754209999999999923e+02 1.747659999999999911e+02
3.735360000000000014e+02 1.615699999999999932e+02
3.683519999999999754e+02 2.157669999999999959e+02
3.697649999999999864e+02 1.950300000000000011e+02
3.697649999999999864e+02 1.799499999999999886e+02
3.692939999999999827e+02 1.681680000000000064e+02
3.612819999999999823e+02 2.204790000000000134e+02
3.608109999999999786e+02 2.049269999999999925e+02
3.603399999999999750e+02 1.950300000000000011e+02
3.603399999999999750e+02 1.870190000000000055e+02
