3.706999999999999886e+02 3.943609999999999900e+02
3.568059999999999832e+02 4.007119999999999891e+02
3.441030000000000086e+02 4.114300000000000068e+02
3.464850000000000136e+02 4.229420000000000073e+02
3.476759999999999877e+02 4.348509999999999991e+02
3.603790000000000191e+02 4.245299999999999727e+02
3.572029999999999745e+02 4.336600000000000250e+02
3.568059999999999832e+02 4.431879999999999882e+02
3.576000000000000227e+02 4.507300000000000182e+02
3.714940000000000282e+02 4.225450000000000159e+02
3.742730000000000246e+02 4.336600000000000250e+02
3.782420000000000186e+02 4.427909999999999968e+02
3.841970000000000027e+02 4.491419999999999959e+02
3.822119999999999891e+02 4.193700000000000045e+02
3.845939999999999941e+02 4.300880000000000223e+02
3.857850000000000250e+02 4.396150000000000091e+02
3.917389999999999759e+02 4.483480000000000132e+02
3.913419999999999845e+02 4.181789999999999736e+02
3.933269999999999982e+02 4.288969999999999914e+02
3.957090000000000032e+02 4.352479999999999905e+02
3.992819999999999823e+02 4.416000000000000227e+02
