3.675310000000000059e+02 3.933770000000000095e+02
3.534710000000000036e+02 3.979259999999999877e+02
3.389979999999999905e+02 4.057830000000000155e+02
3.356890000000000214e+02 4.161209999999999809e+02
3.348620000000000232e+02 4.293539999999999850e+02
3.526440000000000055e+02 4.119859999999999900e+02
3.514030000000000200e+02 4.272860000000000014e+02
3.485090000000000146e+02 4.367970000000000255e+02
3.505760000000000218e+02 4.458949999999999818e+02
3.642230000000000132e+02 4.136399999999999864e+02
3.642230000000000132e+02 4.281129999999999995e+02
3.642230000000000132e+02 4.380380000000000109e+02
3.650500000000000114e+02 4.471360000000000241e+02
3.745609999999999786e+02 4.161209999999999809e+02
3.741469999999999914e+02 4.272860000000000014e+02
3.749739999999999895e+02 4.367970000000000255e+02
3.762149999999999750e+02 4.458949999999999818e+02
3.844850000000000136e+02 4.169479999999999791e+02
3.857259999999999991e+02 4.268729999999999905e+02
3.886209999999999809e+02 4.330760000000000218e+02
3.915149999999999864e+02 4.388650000000000091e+02
