3.871700000000000159e+02 2.943700000000000045e+02
3.866949999999999932e+02 2.858140000000000214e+02
3.790899999999999750e+02 2.753559999999999945e+02
3.657799999999999727e+02 2.786840000000000259e+02
3.534220000000000255e+02 2.796340000000000146e+02
3.795649999999999977e+02 3.014990000000000236e+02
3.748120000000000118e+02 3.095799999999999841e+02
3.676820000000000164e+02 3.138580000000000041e+02
3.624529999999999745e+02 3.200369999999999777e+02
3.733860000000000241e+02 3.091050000000000182e+02
3.629289999999999736e+02 3.171850000000000023e+02
3.534220000000000255e+02 3.162350000000000136e+02
3.443910000000000196e+02 3.162350000000000136e+02
3.676820000000000164e+02 3.114809999999999945e+02
3.576999999999999886e+02 3.167099999999999795e+02
3.491440000000000055e+02 3.143330000000000268e+02
3.434399999999999977e+02 3.062529999999999859e+02
3.634039999999999964e+02 3.095799999999999841e+02
3.529470000000000027e+02 3.086290000000000191e+02
3.462919999999999732e+02 3.081539999999999964e+02
3.448659999999999854e+02 3.038759999999999764e+02
