3.610880000000000223e+02 2.457290000000000134e+02
3.492019999999999982e+02 2.385970000000000084e+02
3.420699999999999932e+02 2.229070000000000107e+02
3.415950000000000273e+02 2.105449999999999875e+02
3.396929999999999836e+02 1.986589999999999918e+02
3.539560000000000173e+02 2.072170000000000130e+02
3.563340000000000032e+02 1.886740000000000066e+02
3.572850000000000250e+02 1.767880000000000109e+02
3.601370000000000005e+02 1.658520000000000039e+02
3.639409999999999741e+02 2.076920000000000073e+02
3.648919999999999959e+02 1.872479999999999905e+02
3.658430000000000177e+02 1.734600000000000080e+02
3.682200000000000273e+02 1.620490000000000066e+02
3.715480000000000018e+02 2.100689999999999884e+02
3.724990000000000236e+02 1.910509999999999877e+02
3.729739999999999895e+02 1.777390000000000043e+02
3.748759999999999764e+02 1.677539999999999907e+02
3.791549999999999727e+02 2.148240000000000123e+02
3.829590000000000032e+02 2.000850000000000080e+02
3.843849999999999909e+02 1.915269999999999868e+02
3.872379999999999995e+02 1.824929999999999950e+02
