3.730099999999999909e+02 3.898670000000000186e+02
3.577139999999999986e+02 3.944139999999999873e+02
3.436589999999999918e+02 4.030950000000000273e+02
3.403519999999999754e+02 4.134300000000000068e+02
3.370450000000000159e+02 4.250040000000000191e+02
3.548210000000000264e+02 4.076419999999999959e+02
3.573009999999999877e+02 4.225240000000000009e+02
3.585409999999999968e+02 4.328589999999999804e+02
3.626750000000000114e+02 4.419529999999999745e+02
3.672219999999999800e+02 4.084689999999999941e+02
3.684619999999999891e+02 4.241779999999999973e+02
3.701159999999999854e+02 4.353389999999999986e+02
3.730099999999999909e+02 4.436070000000000277e+02
3.783840000000000146e+02 4.092959999999999923e+02
3.771429999999999723e+02 4.221109999999999900e+02
3.779700000000000273e+02 4.332719999999999914e+02
3.804510000000000218e+02 4.423670000000000186e+02
3.870649999999999977e+02 4.126030000000000086e+02
3.883050000000000068e+02 4.225240000000000009e+02
3.899580000000000268e+02 4.287250000000000227e+02
3.907850000000000250e+02 4.349259999999999877e+02
