3.708399999999999750e+02 3.938469999999999800e+02
3.543070000000000164e+02 4.019119999999999777e+02
3.357590000000000146e+02 4.107830000000000155e+02
3.204370000000000118e+02 4.148149999999999977e+02
3.067280000000000086e+02 4.123949999999999818e+02
3.514850000000000136e+02 4.140079999999999814e+02
3.494689999999999941e+02 4.293310000000000173e+02
3.446299999999999955e+02 4.353790000000000191e+02
3.381789999999999736e+02 4.410240000000000009e+02
3.639850000000000136e+02 4.160240000000000009e+02
3.615649999999999977e+02 4.289270000000000209e+02
3.547110000000000127e+02 4.309429999999999836e+02
3.514850000000000136e+02 4.309429999999999836e+02
3.732590000000000146e+02 4.188469999999999800e+02
3.704359999999999786e+02 4.309429999999999836e+02
3.700330000000000155e+02 4.257019999999999982e+02
3.756779999999999973e+02 4.482819999999999823e+02
3.780969999999999800e+02 4.224759999999999991e+02
3.821299999999999955e+02 4.273140000000000214e+02
3.752749999999999773e+02 4.261050000000000182e+02
3.797099999999999795e+02 4.482819999999999823e+02
