3.666990000000000123e+02 3.939239999999999782e+02
3.539159999999999968e+02 3.980470000000000255e+02
3.411320000000000050e+02 4.025840000000000032e+02
3.361829999999999927e+02 4.124809999999999945e+02
3.345339999999999918e+02 4.277389999999999759e+02
3.530910000000000082e+02 4.108310000000000173e+02
3.522660000000000196e+02 4.260889999999999986e+02
3.502040000000000077e+02 4.355740000000000123e+02
3.514409999999999741e+02 4.434089999999999918e+02
3.646370000000000005e+02 4.124809999999999945e+02
3.646370000000000005e+02 4.265009999999999764e+02
3.642250000000000227e+02 4.355740000000000123e+02
3.654619999999999891e+02 4.450579999999999927e+02
3.749470000000000027e+02 4.137180000000000177e+02
3.749470000000000027e+02 4.256770000000000209e+02
3.770090000000000146e+02 4.355740000000000123e+02
3.774209999999999923e+02 4.446460000000000150e+02
3.848439999999999941e+02 4.149549999999999841e+02
3.877300000000000182e+02 4.252640000000000100e+02
3.906170000000000186e+02 4.314499999999999886e+02
3.930910000000000082e+02 4.368109999999999786e+02
