3.672930000000000064e+02 3.989610000000000127e+02
3.775869999999999891e+02 4.148310000000000173e+02
3.321220000000000141e+02 4.101129999999999995e+02
3.158229999999999791e+02 4.113990000000000009e+02
3.016689999999999827e+02 4.109700000000000273e+02
3.428450000000000273e+02 4.221220000000000141e+02
3.398419999999999845e+02 4.285559999999999832e+02
3.334089999999999918e+02 4.345609999999999786e+02
3.282620000000000005e+02 4.422810000000000059e+02
3.514230000000000018e+02 4.195489999999999782e+02
3.479920000000000186e+02 4.281270000000000095e+02
3.406999999999999886e+02 4.285559999999999832e+02
3.432740000000000009e+02 4.246960000000000264e+02
3.574279999999999973e+02 4.144019999999999868e+02
3.539970000000000141e+02 4.234089999999999918e+02
3.497080000000000268e+02 4.221220000000000141e+02
3.441320000000000050e+02 4.221220000000000141e+02
3.634329999999999927e+02 4.079680000000000177e+02
3.505649999999999977e+02 4.144019999999999868e+02
3.574279999999999973e+02 4.178330000000000268e+02
3.638620000000000232e+02 4.113990000000000009e+02
