3.813940000000000055e+02 2.533880000000000052e+02
3.671759999999999877e+02 2.510180000000000007e+02
3.496399999999999864e+02 2.410660000000000025e+02
3.401610000000000014e+02 2.287429999999999950e+02
3.292610000000000241e+02 2.202129999999999939e+02
3.600670000000000073e+02 2.206870000000000118e+02
3.515360000000000014e+02 2.040989999999999895e+02
3.439529999999999745e+02 1.950939999999999941e+02
3.373179999999999836e+02 1.884590000000000032e+02
3.704929999999999950e+02 2.168950000000000102e+02
3.629100000000000250e+02 1.979379999999999882e+02
3.553269999999999982e+02 1.889329999999999927e+02
3.482180000000000177e+02 1.822980000000000018e+02
3.785500000000000114e+02 2.159470000000000027e+02
3.747590000000000146e+02 1.979379999999999882e+02
3.676499999999999773e+02 1.875109999999999957e+02
3.619619999999999891e+02 1.808760000000000048e+02
3.870810000000000173e+02 2.168950000000000102e+02
3.870810000000000173e+02 2.031510000000000105e+02
3.842370000000000232e+02 1.941459999999999866e+02
3.785500000000000114e+02 1.884590000000000032e+02
