3.748639999999999759e+02 3.922459999999999809e+02
3.587529999999999859e+02 3.988559999999999945e+02
3.447069999999999936e+02 4.079440000000000168e+02
3.380980000000000132e+02 4.203369999999999891e+02
3.294220000000000255e+02 4.281859999999999786e+02
3.583399999999999750e+02 4.129010000000000105e+02
3.558609999999999900e+02 4.277730000000000246e+02
3.517300000000000182e+02 4.376879999999999882e+02
3.513170000000000073e+02 4.463629999999999995e+02
3.707330000000000041e+02 4.170319999999999823e+02
3.694940000000000282e+02 4.302520000000000095e+02
3.678410000000000082e+02 4.397529999999999859e+02
3.674279999999999973e+02 4.484279999999999973e+02
3.806469999999999914e+02 4.182719999999999914e+02
3.814739999999999895e+02 4.310779999999999745e+02
3.814739999999999895e+02 4.385140000000000100e+02
3.814739999999999895e+02 4.476019999999999754e+02
3.901490000000000009e+02 4.182719999999999914e+02
3.942799999999999727e+02 4.281859999999999786e+02
3.979979999999999905e+02 4.339700000000000273e+02
4.008899999999999864e+02 4.389270000000000209e+02
