3.705140000000000100e+02 2.523240000000000123e+02
3.598460000000000036e+02 2.440800000000000125e+02
3.545110000000000241e+02 2.290469999999999970e+02
3.588759999999999764e+02 2.178930000000000007e+02
3.642099999999999795e+02 2.086790000000000020e+02
3.637250000000000227e+02 2.169230000000000018e+02
3.642099999999999795e+02 2.091639999999999873e+02
3.632400000000000091e+02 2.135289999999999964e+02
3.617850000000000250e+02 2.208029999999999973e+02
3.743940000000000055e+02 2.217729999999999961e+02
3.719689999999999941e+02 2.096490000000000009e+02
3.680899999999999750e+02 2.188629999999999995e+02
3.671200000000000045e+02 2.256519999999999868e+02
3.831229999999999905e+02 2.237129999999999939e+02
3.797280000000000086e+02 2.135289999999999964e+02
3.753639999999999759e+02 2.241980000000000075e+02
3.719689999999999941e+02 2.319569999999999936e+02
3.913670000000000186e+02 2.290469999999999970e+02
3.865169999999999959e+02 2.217729999999999961e+02
3.821530000000000200e+02 2.271069999999999993e+02
3.787579999999999814e+02 2.334120000000000061e+02
