3.760509999999999877e+02 4.010179999999999723e+02
3.616200000000000045e+02 4.070310000000000059e+02
3.479900000000000091e+02 4.138450000000000273e+02
3.419769999999999754e+02 4.242679999999999723e+02
3.351619999999999777e+02 4.318849999999999909e+02
3.688349999999999795e+02 4.282769999999999868e+02
3.688349999999999795e+02 4.342900000000000205e+02
3.660289999999999964e+02 4.471179999999999950e+02
3.672320000000000277e+02 4.511270000000000095e+02
3.816630000000000109e+02 4.266730000000000018e+02
3.848700000000000045e+02 4.399019999999999868e+02
3.852710000000000150e+02 4.479200000000000159e+02
3.888790000000000191e+02 4.543340000000000032e+02
3.916850000000000023e+02 4.242679999999999723e+02
3.952930000000000064e+02 4.350919999999999845e+02
4.009049999999999727e+02 4.439110000000000014e+02
4.045129999999999768e+02 4.515269999999999868e+02
4.013059999999999832e+02 4.202590000000000146e+02
4.081209999999999809e+02 4.310830000000000268e+02
4.141340000000000146e+02 4.358929999999999723e+02
4.201469999999999914e+02 4.415059999999999718e+02
