3.967239999999999895e+02 2.755539999999999736e+02
3.870889999999999986e+02 2.726630000000000109e+02
3.736000000000000227e+02 2.712180000000000177e+02
3.601109999999999900e+02 2.702540000000000191e+02
3.466220000000000141e+02 2.688090000000000259e+02
3.837169999999999845e+02 3.001229999999999905e+02
3.644470000000000027e+02 3.107219999999999800e+02
3.514390000000000214e+02 3.078310000000000173e+02
3.408410000000000082e+02 3.039769999999999754e+02
3.817900000000000205e+02 3.073500000000000227e+02
3.605930000000000177e+02 3.150579999999999927e+02
3.475849999999999795e+02 3.068679999999999950e+02
3.379499999999999886e+02 3.006050000000000182e+02
3.788990000000000009e+02 3.073500000000000227e+02
3.601109999999999900e+02 3.136120000000000232e+02
3.490310000000000059e+02 3.068679999999999950e+02
3.403589999999999804e+02 2.977139999999999986e+02
3.755269999999999868e+02 3.068679999999999950e+02
3.610749999999999886e+02 3.092769999999999868e+02
3.533659999999999854e+02 3.059039999999999964e+02
3.480670000000000073e+02 2.996410000000000196e+02
