3.609440000000000168e+02 4.109320000000000164e+02
3.451920000000000073e+02 4.174630000000000223e+02
3.305919999999999845e+02 4.259159999999999968e+02
3.255980000000000132e+02 4.370579999999999927e+02
3.202189999999999941e+02 4.462780000000000200e+02
3.517230000000000132e+02 4.378260000000000218e+02
3.509549999999999841e+02 4.481990000000000123e+02
3.486499999999999773e+02 4.570360000000000014e+02
3.474970000000000141e+02 4.654889999999999759e+02
3.647860000000000014e+02 4.351370000000000005e+02
3.670910000000000082e+02 4.466630000000000109e+02
3.670910000000000082e+02 4.612620000000000005e+02
3.713179999999999836e+02 4.681779999999999973e+02
3.755439999999999827e+02 4.336000000000000227e+02
3.790020000000000095e+02 4.435889999999999986e+02
3.847649999999999864e+02 4.558829999999999814e+02
3.859169999999999732e+02 4.651039999999999850e+02
3.851490000000000009e+02 4.309100000000000250e+02
3.920649999999999977e+02 4.408999999999999773e+02
3.985960000000000036e+02 4.474309999999999832e+02
4.055120000000000005e+02 4.539619999999999891e+02
