3.704859999999999900e+02 3.948709999999999809e+02
3.562160000000000082e+02 4.005790000000000077e+02
3.435760000000000218e+02 4.091419999999999959e+02
3.415369999999999777e+02 4.197429999999999950e+02
3.350129999999999768e+02 4.283050000000000068e+02
3.590699999999999932e+02 4.181120000000000232e+02
3.602930000000000064e+02 4.303439999999999941e+02
3.627389999999999759e+02 4.409449999999999932e+02
3.668170000000000073e+02 4.478770000000000095e+02
3.713020000000000209e+02 4.168890000000000100e+02
3.733410000000000082e+02 4.319750000000000227e+02
3.770099999999999909e+02 4.425760000000000218e+02
3.835339999999999918e+02 4.478770000000000095e+02
3.814950000000000045e+02 4.152579999999999814e+02
3.827180000000000177e+02 4.295289999999999964e+02
3.863879999999999768e+02 4.389060000000000059e+02
3.900579999999999927e+02 4.458380000000000223e+02
3.904649999999999750e+02 4.156659999999999968e+02
3.929119999999999777e+02 4.283050000000000068e+02
3.961739999999999782e+02 4.336059999999999945e+02
3.990280000000000200e+02 4.384990000000000236e+02
