3.782189999999999941e+02 2.975559999999999832e+02
3.676370000000000005e+02 2.913029999999999973e+02
3.536890000000000214e+02 2.778360000000000127e+02
3.440690000000000168e+02 2.720640000000000214e+02
3.330059999999999718e+02 2.677350000000000136e+02
3.719660000000000082e+02 2.566720000000000255e+02
3.758140000000000214e+02 2.364710000000000036e+02
3.762950000000000159e+02 2.225219999999999914e+02
3.796619999999999777e+02 2.104979999999999905e+02
3.835099999999999909e+02 2.576340000000000146e+02
3.897629999999999768e+02 2.369519999999999982e+02
3.916870000000000118e+02 2.225219999999999914e+02
3.950539999999999736e+02 2.085740000000000123e+02
3.888009999999999877e+02 2.638870000000000005e+02
3.964970000000000141e+02 2.451289999999999907e+02
3.984209999999999923e+02 2.306990000000000123e+02
3.989019999999999868e+02 2.191550000000000011e+02
3.926490000000000009e+02 2.725450000000000159e+02
4.046730000000000018e+02 2.638870000000000005e+02
4.118879999999999768e+02 2.590769999999999982e+02
4.186220000000000141e+02 2.537860000000000014e+02
