3.734399999999999977e+02 2.499159999999999968e+02
3.590819999999999936e+02 2.448209999999999980e+02
3.437980000000000018e+02 2.323160000000000025e+02
3.308290000000000077e+02 2.258309999999999889e+02
3.183240000000000123e+02 2.225889999999999986e+02
3.618609999999999900e+02 2.128629999999999995e+02
3.567660000000000196e+02 1.938729999999999905e+02
3.521349999999999909e+02 1.804420000000000073e+02
3.507450000000000045e+02 1.684000000000000057e+02
3.734399999999999977e+02 2.133259999999999934e+02
3.766820000000000164e+02 1.897050000000000125e+02
3.776080000000000041e+02 1.748839999999999861e+02
3.808509999999999991e+02 1.633050000000000068e+02
3.840930000000000177e+02 2.165680000000000121e+02
3.919660000000000082e+02 1.948000000000000114e+02
3.961349999999999909e+02 1.827580000000000098e+02
3.998399999999999750e+02 1.711790000000000020e+02
3.924300000000000068e+02 2.230529999999999973e+02
4.072509999999999764e+02 2.119370000000000118e+02
4.146610000000000014e+02 2.049890000000000043e+02
4.216089999999999804e+02 1.989679999999999893e+02
