3.698140000000000214e+02 3.946739999999999782e+02
3.552540000000000191e+02 4.002409999999999854e+02
3.419789999999999850e+02 4.088059999999999832e+02
3.355550000000000068e+02 4.199399999999999977e+02
3.282749999999999773e+02 4.276480000000000246e+02
3.561100000000000136e+02 4.139440000000000168e+02
3.595360000000000014e+02 4.280760000000000218e+02
3.595360000000000014e+02 4.387819999999999823e+02
3.629619999999999891e+02 4.460620000000000118e+02
3.698140000000000214e+02 4.169420000000000073e+02
3.723829999999999814e+02 4.289320000000000164e+02
3.736680000000000064e+02 4.417789999999999964e+02
3.796630000000000109e+02 4.477749999999999773e+02
3.796630000000000109e+02 4.165140000000000100e+02
3.800910000000000082e+02 4.280760000000000218e+02
3.856580000000000155e+02 4.366410000000000196e+02
3.895120000000000005e+02 4.456329999999999814e+02
3.895120000000000005e+02 4.165140000000000100e+02
3.955079999999999814e+02 4.272189999999999941e+02
4.002180000000000177e+02 4.319300000000000068e+02
4.040720000000000027e+02 4.357839999999999918e+02
