3.618380000000000223e+02 2.445840000000000032e+02
3.500670000000000073e+02 2.370509999999999877e+02
3.425339999999999918e+02 2.215130000000000052e+02
3.420629999999999882e+02 2.088000000000000114e+02
3.401800000000000068e+02 1.979710000000000036e+02
3.552459999999999809e+02 2.055049999999999955e+02
3.604259999999999877e+02 1.899670000000000130e+02
3.576000000000000227e+02 1.829039999999999964e+02
3.514800000000000182e+02 1.814919999999999902e+02
3.656050000000000182e+02 2.059749999999999943e+02
3.703129999999999882e+02 1.880840000000000032e+02
3.693709999999999809e+02 1.791380000000000052e+02
3.627799999999999727e+02 1.720749999999999886e+02
3.731379999999999768e+02 2.078590000000000089e+02
3.773759999999999764e+02 1.932630000000000052e+02
3.740799999999999841e+02 1.833750000000000000e+02
3.703129999999999882e+02 1.758420000000000130e+02
3.787880000000000109e+02 2.135089999999999861e+02
3.849089999999999918e+02 2.026790000000000020e+02
3.853799999999999955e+02 1.951459999999999866e+02
3.830260000000000105e+02 1.913789999999999907e+02
