3.736879999999999882e+02 3.895470000000000255e+02
3.588899999999999864e+02 3.941970000000000027e+02
3.436689999999999827e+02 4.026539999999999964e+02
3.407090000000000032e+02 4.128009999999999877e+02
3.364809999999999945e+02 4.242169999999999845e+02
3.546619999999999777e+02 4.081499999999999773e+02
3.571990000000000123e+02 4.233709999999999809e+02
3.580450000000000159e+02 4.343639999999999759e+02
3.622730000000000246e+02 4.419750000000000227e+02
3.669239999999999782e+02 4.098410000000000082e+02
3.686150000000000091e+02 4.246399999999999864e+02
3.703059999999999832e+02 4.352099999999999795e+02
3.732660000000000196e+02 4.440889999999999986e+02
3.774940000000000282e+02 4.115330000000000155e+02
3.779169999999999732e+02 4.229479999999999791e+02
3.787620000000000005e+02 4.335190000000000055e+02
3.804529999999999745e+02 4.423980000000000246e+02
3.872180000000000177e+02 4.132239999999999895e+02
3.880640000000000214e+02 4.229479999999999791e+02
3.906009999999999991e+02 4.288679999999999950e+02
3.910240000000000009e+02 4.352099999999999795e+02
