3.746929999999999836e+02 3.947250000000000227e+02
3.599820000000000277e+02 4.026770000000000209e+02
3.464639999999999986e+02 4.106290000000000191e+02
3.496449999999999818e+02 4.225559999999999832e+02
3.528249999999999886e+02 4.352789999999999964e+02
3.659460000000000264e+02 4.122189999999999941e+02
3.647529999999999859e+02 4.317010000000000218e+02
3.643550000000000182e+02 4.416399999999999864e+02
3.651510000000000105e+02 4.511820000000000164e+02
3.770779999999999745e+02 4.142069999999999936e+02
3.774759999999999991e+02 4.301100000000000136e+02
3.806560000000000059e+02 4.440260000000000105e+02
3.850299999999999727e+02 4.515799999999999841e+02
3.874150000000000205e+02 4.157970000000000255e+02
3.886080000000000041e+02 4.269300000000000068e+02
3.917889999999999873e+02 4.384590000000000032e+02
3.957649999999999864e+02 4.483990000000000009e+02
3.969569999999999936e+02 4.169900000000000091e+02
3.989449999999999932e+02 4.293149999999999977e+02
4.025230000000000246e+02 4.356759999999999877e+02
4.061019999999999754e+02 4.416399999999999864e+02
