3.848639999999999759e+02 3.914420000000000073e+02
3.681859999999999786e+02 3.967300000000000182e+02
3.494739999999999895e+02 4.044590000000000032e+02
3.336100000000000136e+02 4.109669999999999845e+02
3.193729999999999905e+02 4.125939999999999941e+02
3.563890000000000100e+02 4.060860000000000127e+02
3.474399999999999977e+02 4.215430000000000064e+02
3.433729999999999905e+02 4.292719999999999914e+02
3.372710000000000150e+02 4.370009999999999764e+02
3.665590000000000259e+02 4.101539999999999964e+02
3.547620000000000005e+02 4.256109999999999900e+02
3.462200000000000273e+02 4.321200000000000045e+02
3.397119999999999891e+02 4.386279999999999859e+02
3.759150000000000205e+02 4.130009999999999764e+02
3.661519999999999868e+02 4.280520000000000209e+02
3.592370000000000232e+02 4.378140000000000214e+02
3.519150000000000205e+02 4.431019999999999754e+02
3.852699999999999818e+02 4.170690000000000168e+02
3.795760000000000218e+02 4.264250000000000114e+02
3.759150000000000205e+02 4.357799999999999727e+02
3.694060000000000059e+02 4.418820000000000050e+02
