3.897970000000000255e+02 2.920620000000000118e+02
3.874390000000000214e+02 2.816859999999999786e+02
3.794200000000000159e+02 2.713090000000000259e+02
3.671569999999999823e+02 2.736669999999999732e+02
3.530070000000000050e+02 2.755539999999999736e+02
3.921549999999999727e+02 2.868740000000000236e+02
3.874390000000000214e+02 2.972509999999999764e+02
3.813070000000000164e+02 2.972509999999999764e+02
3.737599999999999909e+02 2.977219999999999800e+02
3.883820000000000050e+02 3.000810000000000173e+02
3.789479999999999791e+02 3.114010000000000105e+02
3.709300000000000068e+02 3.123439999999999941e+02
3.600819999999999936e+02 3.014959999999999809e+02
3.822500000000000000e+02 3.047970000000000255e+02
3.751750000000000114e+02 3.142309999999999945e+02
3.666850000000000023e+02 3.151739999999999782e+02
3.600819999999999936e+02 3.132880000000000109e+02
3.742320000000000277e+02 3.080989999999999895e+02
3.647980000000000018e+02 3.109289999999999736e+02
3.596100000000000136e+02 3.066840000000000259e+02
3.539499999999999886e+02 2.986659999999999968e+02
