3.682130000000000223e+02 3.862200000000000273e+02
3.555579999999999927e+02 3.862200000000000273e+02
3.433109999999999786e+02 3.886700000000000159e+02
3.351469999999999914e+02 3.903020000000000209e+02
3.261659999999999968e+02 3.874449999999999932e+02
3.555579999999999927e+02 3.976510000000000105e+02
3.518840000000000146e+02 3.984669999999999845e+02
3.514759999999999991e+02 3.976510000000000105e+02
3.498430000000000177e+02 3.972420000000000186e+02
3.661720000000000255e+02 3.956089999999999804e+02
3.657629999999999768e+02 3.984669999999999845e+02
3.657629999999999768e+02 3.960179999999999723e+02
3.661720000000000255e+02 3.939759999999999991e+02
3.784180000000000064e+02 3.976510000000000105e+02
3.792350000000000136e+02 3.980590000000000259e+02
3.812760000000000105e+02 3.976510000000000105e+02
3.812760000000000105e+02 3.972420000000000186e+02
3.890319999999999823e+02 4.009159999999999968e+02
3.947479999999999905e+02 3.952010000000000218e+02
3.967889999999999873e+02 3.935679999999999836e+02
3.971970000000000027e+02 3.898940000000000055e+02
