3.623589999999999804e+02 2.447069999999999936e+02
3.502379999999999995e+02 2.377139999999999986e+02
3.437119999999999891e+02 2.227959999999999923e+02
3.437119999999999891e+02 2.088110000000000070e+02
3.413809999999999718e+02 1.980889999999999986e+02
3.562989999999999782e+02 2.078789999999999907e+02
3.623589999999999804e+02 1.910960000000000036e+02
3.600280000000000200e+02 1.803739999999999952e+02
3.553659999999999854e+02 1.719830000000000041e+02
3.660880000000000223e+02 2.078789999999999907e+02
3.702839999999999918e+02 1.892309999999999945e+02
3.679529999999999745e+02 1.775769999999999982e+02
3.632909999999999968e+02 1.682529999999999859e+02
3.730810000000000173e+02 2.097429999999999950e+02
3.772769999999999868e+02 1.910960000000000036e+02
3.772769999999999868e+02 1.785089999999999861e+02
3.758779999999999859e+02 1.673209999999999980e+02
3.805400000000000205e+02 2.144050000000000011e+02
3.852019999999999982e+02 2.004199999999999875e+02
3.879990000000000236e+02 1.896980000000000075e+02
3.889309999999999832e+02 1.813060000000000116e+02
