3.693319999999999936e+02 3.947710000000000150e+02
3.557760000000000105e+02 3.990070000000000050e+02
3.426440000000000055e+02 4.066320000000000050e+02
3.358659999999999854e+02 4.184929999999999950e+02
3.286650000000000205e+02 4.278129999999999882e+02
3.570470000000000255e+02 4.155280000000000200e+02
3.591650000000000205e+02 4.282359999999999900e+02
3.595889999999999986e+02 4.384030000000000200e+02
3.629780000000000086e+02 4.456050000000000182e+02
3.697549999999999955e+02 4.176460000000000150e+02
3.722970000000000255e+02 4.290840000000000032e+02
3.735679999999999836e+02 4.413679999999999950e+02
3.794990000000000236e+02 4.477230000000000132e+02
3.794990000000000236e+02 4.172219999999999800e+02
3.803460000000000036e+02 4.261179999999999950e+02
3.854289999999999736e+02 4.358609999999999900e+02
3.896650000000000205e+02 4.451809999999999832e+02
3.896650000000000205e+02 4.155280000000000200e+02
3.943249999999999886e+02 4.261179999999999950e+02
3.998319999999999936e+02 4.316250000000000000e+02
4.040679999999999836e+02 4.358609999999999900e+02
