3.718720000000000141e+02 3.941929999999999836e+02
3.560939999999999941e+02 3.987599999999999909e+02
3.428079999999999927e+02 4.054039999999999964e+02
3.386560000000000059e+02 4.161990000000000123e+02
3.328430000000000177e+02 4.249180000000000064e+02
3.627379999999999995e+02 4.191050000000000182e+02
3.631530000000000200e+02 4.253340000000000032e+02
3.631530000000000200e+02 4.352989999999999782e+02
3.664750000000000227e+02 4.427719999999999914e+02
3.751940000000000168e+02 4.174449999999999932e+02
3.768550000000000182e+02 4.265790000000000077e+02
3.793460000000000036e+02 4.382049999999999841e+02
3.847440000000000282e+02 4.436030000000000086e+02
3.839130000000000109e+02 4.153690000000000282e+02
3.864049999999999727e+02 4.249180000000000064e+02
3.918020000000000209e+02 4.328070000000000164e+02
3.947090000000000032e+02 4.419420000000000073e+02
3.930480000000000018e+02 4.124619999999999891e+02
3.988609999999999900e+02 4.224270000000000209e+02
4.046739999999999782e+02 4.282400000000000091e+02
4.092409999999999854e+02 4.323919999999999959e+02
