3.927540000000000191e+02 2.690049999999999955e+02
3.811309999999999718e+02 2.660989999999999895e+02
3.656349999999999909e+02 2.656150000000000091e+02
3.501379999999999768e+02 2.651309999999999718e+02
3.365779999999999745e+02 2.646460000000000150e+02
3.699929999999999950e+02 2.961240000000000236e+02
3.535280000000000200e+02 3.043570000000000277e+02
3.419049999999999727e+02 3.009669999999999845e+02
3.341569999999999823e+02 2.980609999999999786e+02
3.695090000000000146e+02 2.995140000000000100e+02
3.520749999999999886e+02 3.048410000000000082e+02
3.394839999999999804e+02 2.995140000000000100e+02
3.312509999999999764e+02 2.932189999999999941e+02
3.695090000000000146e+02 2.975769999999999982e+02
3.535280000000000200e+02 3.033879999999999768e+02
3.419049999999999727e+02 2.975769999999999982e+02
3.341569999999999823e+02 2.903129999999999882e+02
3.690249999999999773e+02 2.956399999999999864e+02
3.544959999999999809e+02 2.995140000000000100e+02
3.457789999999999964e+02 2.956399999999999864e+02
3.356100000000000136e+02 2.898290000000000077e+02
