3.815339999999999918e+02 3.923750000000000000e+02
3.685539999999999736e+02 3.965620000000000118e+02
3.564119999999999777e+02 4.036800000000000068e+02
3.543179999999999836e+02 4.141480000000000246e+02
3.555740000000000123e+02 4.279649999999999750e+02
3.698100000000000023e+02 4.154039999999999964e+02
3.727409999999999854e+02 4.271279999999999859e+02
3.731600000000000250e+02 4.367579999999999814e+02
3.765099999999999909e+02 4.442950000000000159e+02
3.823709999999999809e+02 4.158229999999999791e+02
3.844649999999999750e+02 4.271279999999999859e+02
3.873960000000000150e+02 4.380140000000000100e+02
3.924200000000000159e+02 4.447139999999999986e+02
3.928389999999999986e+02 4.149850000000000136e+02
3.945140000000000100e+02 4.233589999999999804e+02
3.991200000000000045e+02 4.342459999999999809e+02
4.024689999999999941e+02 4.442950000000000159e+02
4.024689999999999941e+02 4.141480000000000246e+02
4.074940000000000282e+02 4.246159999999999854e+02
4.116809999999999832e+02 4.308960000000000150e+02
4.154490000000000123e+02 4.350830000000000268e+02
