3.759540000000000077e+02 3.941990000000000123e+02
3.600629999999999882e+02 3.963469999999999800e+02
3.441730000000000018e+02 4.019300000000000068e+02
3.304289999999999736e+02 4.088020000000000209e+02
3.171150000000000091e+02 4.135260000000000105e+02
3.609220000000000255e+02 4.053659999999999854e+02
3.566279999999999859e+02 4.182500000000000000e+02
3.523330000000000268e+02 4.259809999999999945e+02
3.497559999999999718e+02 4.345699999999999932e+02
3.733770000000000095e+02 4.075129999999999768e+02
3.703709999999999809e+02 4.199680000000000177e+02
3.673650000000000091e+02 4.289870000000000232e+02
3.656469999999999914e+02 4.388650000000000091e+02
3.832549999999999955e+02 4.083720000000000141e+02
3.823960000000000150e+02 4.182500000000000000e+02
3.811080000000000041e+02 4.268399999999999750e+02
3.793899999999999864e+02 4.358589999999999804e+02
3.914159999999999968e+02 4.113779999999999859e+02
3.918450000000000273e+02 4.186800000000000068e+02
3.931340000000000146e+02 4.255509999999999877e+02
3.922749999999999773e+02 4.315640000000000214e+02
