3.660849999999999795e+02 3.970659999999999741e+02
3.517980000000000018e+02 4.019540000000000077e+02
3.393910000000000196e+02 4.094739999999999895e+02
3.337520000000000095e+02 4.188729999999999905e+02
3.284879999999999995e+02 4.275199999999999818e+02
3.566859999999999786e+02 4.162409999999999854e+02
3.596940000000000168e+02 4.275199999999999818e+02
3.608220000000000027e+02 4.372950000000000159e+02
3.627019999999999982e+02 4.455670000000000073e+02
3.702210000000000036e+02 4.158650000000000091e+02
3.736050000000000182e+02 4.278960000000000150e+02
3.751089999999999804e+02 4.410550000000000068e+02
3.799959999999999809e+02 4.478229999999999791e+02
3.799959999999999809e+02 4.154889999999999759e+02
3.822520000000000095e+02 4.271440000000000055e+02
3.867640000000000100e+02 4.361680000000000064e+02
3.893960000000000150e+02 4.444390000000000214e+02
3.890199999999999818e+02 4.154889999999999759e+02
3.950350000000000250e+02 4.252640000000000100e+02
3.995470000000000255e+02 4.309039999999999964e+02
4.040590000000000259e+02 4.361680000000000064e+02
