3.665550000000000068e+02 2.755960000000000036e+02
3.517239999999999895e+02 2.703330000000000268e+02
3.359359999999999786e+02 2.602860000000000014e+02
3.215830000000000268e+02 2.583729999999999905e+02
3.077090000000000032e+02 2.583729999999999905e+02
3.517239999999999895e+02 2.368439999999999941e+02
3.522019999999999982e+02 2.186639999999999873e+02
3.517239999999999895e+02 2.057460000000000093e+02
3.526809999999999832e+02 1.933069999999999879e+02
3.598570000000000277e+02 2.368439999999999941e+02
3.588999999999999773e+02 2.172280000000000086e+02
3.579429999999999836e+02 2.033540000000000134e+02
3.555509999999999877e+02 1.909149999999999920e+02
3.651200000000000045e+02 2.411490000000000009e+02
3.646410000000000196e+02 2.234480000000000075e+02
3.632060000000000173e+02 2.090949999999999989e+02
3.617710000000000150e+02 1.966560000000000059e+02
3.703820000000000050e+02 2.478470000000000084e+02
3.684689999999999941e+02 2.325380000000000109e+02
3.679900000000000091e+02 2.220120000000000005e+02
3.675120000000000005e+02 2.129219999999999970e+02
