3.658519999999999754e+02 3.951150000000000091e+02
3.518489999999999895e+02 3.992339999999999804e+02
3.386689999999999827e+02 4.058240000000000123e+02
3.361979999999999791e+02 4.173559999999999945e+02
3.337269999999999754e+02 4.288879999999999768e+02
3.514370000000000118e+02 4.148849999999999909e+02
3.522610000000000241e+02 4.276519999999999868e+02
3.493779999999999859e+02 4.367139999999999986e+02
3.497889999999999873e+02 4.449510000000000218e+02
3.629689999999999941e+02 4.152970000000000255e+02
3.650280000000000200e+02 4.280640000000000214e+02
3.642049999999999841e+02 4.379490000000000123e+02
3.658519999999999754e+02 4.474220000000000255e+02
3.732660000000000196e+02 4.169440000000000168e+02
3.757370000000000232e+02 4.297119999999999891e+02
3.761490000000000009e+02 4.375369999999999777e+02
3.765609999999999786e+02 4.449510000000000218e+02
3.847980000000000018e+02 4.173559999999999945e+02
3.860330000000000155e+02 4.255930000000000177e+02
3.893279999999999745e+02 4.313589999999999804e+02
3.922110000000000127e+02 4.379490000000000123e+02
