3.632389999999999759e+02 2.431610000000000014e+02
3.520559999999999832e+02 2.329099999999999966e+02
3.483290000000000077e+02 2.184650000000000034e+02
3.520559999999999832e+02 2.035540000000000020e+02
3.557839999999999918e+02 1.933029999999999973e+02
3.595120000000000005e+02 2.072820000000000107e+02
3.604440000000000168e+02 1.919050000000000011e+02
3.595120000000000005e+02 1.914389999999999930e+02
3.576480000000000246e+02 1.951670000000000016e+02
3.692970000000000255e+02 2.100780000000000030e+02
3.706949999999999932e+02 1.886440000000000055e+02
3.665009999999999764e+02 1.947009999999999934e+02
3.646370000000000005e+02 1.998269999999999982e+02
3.781499999999999773e+02 2.110099999999999909e+02
3.790819999999999936e+02 1.919050000000000011e+02
3.744220000000000255e+02 1.965649999999999977e+02
3.711610000000000014e+02 2.035540000000000020e+02
3.842069999999999936e+02 2.142709999999999866e+02
3.865369999999999777e+02 1.993609999999999900e+02
3.814119999999999777e+02 2.002930000000000064e+02
3.767520000000000095e+02 2.072820000000000107e+02
