3.673919999999999959e+02 3.929220000000000255e+02
3.532459999999999809e+02 3.977719999999999914e+02
3.391000000000000227e+02 4.062590000000000146e+02
3.362710000000000150e+02 4.171720000000000255e+02
3.350579999999999927e+02 4.301059999999999945e+02
3.524379999999999882e+02 4.086850000000000023e+02
3.520330000000000155e+02 4.187889999999999873e+02
3.508210000000000264e+02 4.313179999999999836e+02
3.512250000000000227e+02 4.454639999999999986e+02
3.641589999999999918e+02 4.119180000000000064e+02
3.641589999999999918e+02 4.268720000000000141e+02
3.645629999999999882e+02 4.369769999999999754e+02
3.653709999999999809e+02 4.474850000000000136e+02
3.746669999999999732e+02 4.139390000000000214e+02
3.742629999999999768e+02 4.276809999999999832e+02
3.746669999999999732e+02 4.361680000000000064e+02
3.762839999999999918e+02 4.454639999999999986e+02
3.843670000000000186e+02 4.151510000000000105e+02
3.851759999999999877e+02 4.264680000000000177e+02
3.888129999999999882e+02 4.329350000000000023e+02
3.916419999999999959e+02 4.381890000000000214e+02
