3.739209999999999923e+02 3.928100000000000023e+02
3.596159999999999854e+02 3.981229999999999905e+02
3.457189999999999941e+02 4.058890000000000100e+02
3.379529999999999745e+02 4.185600000000000023e+02
3.301870000000000118e+02 4.279610000000000127e+02
3.575720000000000027e+02 4.140640000000000214e+02
3.559370000000000118e+02 4.275520000000000209e+02
3.526669999999999732e+02 4.373620000000000232e+02
3.514409999999999741e+02 4.463539999999999850e+02
3.698340000000000032e+02 4.165160000000000196e+02
3.694250000000000114e+02 4.300049999999999955e+02
3.669730000000000132e+02 4.406320000000000050e+02
3.669730000000000132e+02 4.483980000000000246e+02
3.796429999999999723e+02 4.165160000000000196e+02
3.804610000000000127e+02 4.316390000000000100e+02
3.820960000000000036e+02 4.406320000000000050e+02
3.820960000000000036e+02 4.479889999999999759e+02
3.894529999999999745e+02 4.177429999999999950e+02
3.927230000000000132e+02 4.279610000000000127e+02
3.980369999999999777e+02 4.345009999999999764e+02
4.013059999999999832e+02 4.389970000000000141e+02
