3.736019999999999754e+02 3.930869999999999891e+02
3.581170000000000186e+02 3.983849999999999909e+02
3.430380000000000109e+02 4.036829999999999927e+02
3.291829999999999927e+02 4.036829999999999927e+02
3.145120000000000005e+02 4.008299999999999841e+02
3.699350000000000023e+02 4.199830000000000041e+02
3.764549999999999841e+02 4.281340000000000146e+02
3.821600000000000250e+02 4.334309999999999832e+02
3.886809999999999832e+02 4.387289999999999850e+02
3.817529999999999859e+02 4.159080000000000155e+02
3.870500000000000114e+02 4.256890000000000214e+02
3.943860000000000241e+02 4.338389999999999986e+02
4.017210000000000036e+02 4.391370000000000005e+02
3.886809999999999832e+02 4.126480000000000246e+02
3.952010000000000218e+02 4.228360000000000127e+02
4.013140000000000214e+02 4.322090000000000032e+02
4.074259999999999877e+02 4.387289999999999850e+02
3.976460000000000150e+02 4.097950000000000159e+02
4.045740000000000123e+02 4.207980000000000018e+02
4.090570000000000164e+02 4.269110000000000014e+02
4.143539999999999850e+02 4.322090000000000032e+02
