3.664030000000000200e+02 2.431200000000000045e+02
3.761879999999999882e+02 2.319379999999999882e+02
3.850400000000000205e+02 2.188909999999999911e+02
3.896999999999999886e+02 2.030500000000000114e+02
3.952909999999999968e+02 1.904689999999999941e+02
3.752559999999999718e+02 2.063110000000000070e+02
3.729259999999999877e+02 1.918669999999999902e+02
3.724599999999999795e+02 1.862760000000000105e+02
3.719940000000000282e+02 1.830140000000000100e+02
3.673349999999999795e+02 2.081750000000000114e+02
3.631410000000000196e+02 1.923329999999999984e+02
3.617429999999999950e+02 1.867419999999999902e+02
3.612780000000000200e+02 1.858100000000000023e+02
3.589479999999999791e+02 2.114370000000000118e+02
3.570840000000000032e+02 1.960610000000000070e+02
3.538229999999999791e+02 1.932649999999999864e+02
3.538229999999999791e+02 1.937309999999999945e+02
3.514929999999999950e+02 2.156299999999999955e+02
3.505609999999999786e+02 2.039819999999999993e+02
3.486970000000000027e+02 2.016519999999999868e+02
3.472989999999999782e+02 2.016519999999999868e+02
