3.744830000000000041e+02 3.920190000000000055e+02
3.583659999999999854e+02 3.982180000000000177e+02
3.422490000000000236e+02 4.044169999999999732e+02
3.277839999999999918e+02 4.073100000000000023e+02
3.133199999999999932e+02 4.048299999999999841e+02
3.624990000000000236e+02 4.139220000000000255e+02
3.748969999999999914e+02 4.263199999999999932e+02
3.815090000000000146e+02 4.337590000000000146e+02
3.885339999999999918e+02 4.383050000000000068e+02
3.786159999999999854e+02 4.139220000000000255e+02
3.864680000000000177e+02 4.246669999999999732e+02
3.951469999999999914e+02 4.325190000000000055e+02
4.050649999999999977e+02 4.374780000000000086e+02
3.881209999999999809e+02 4.110289999999999964e+02
3.951469999999999914e+02 4.226009999999999991e+02
4.021720000000000255e+02 4.304529999999999745e+02
4.137440000000000282e+02 4.316920000000000073e+02
3.959730000000000132e+02 4.081360000000000241e+02
4.021720000000000255e+02 4.180550000000000068e+02
4.079580000000000268e+02 4.263199999999999932e+02
4.129169999999999732e+02 4.308659999999999854e+02
