3.828290000000000077e+02 3.956159999999999854e+02
3.666019999999999754e+02 3.989449999999999932e+02
3.491279999999999859e+02 4.051859999999999786e+02
3.329010000000000105e+02 4.114270000000000209e+02
3.191709999999999923e+02 4.122590000000000146e+02
3.574490000000000123e+02 4.064340000000000259e+02
3.512080000000000268e+02 4.243249999999999886e+02
3.453829999999999814e+02 4.280690000000000168e+02
3.362289999999999850e+02 4.384710000000000036e+02
3.682660000000000196e+02 4.114270000000000209e+02
3.557850000000000250e+02 4.251569999999999823e+02
3.462149999999999750e+02 4.309820000000000277e+02
3.395579999999999927e+02 4.376390000000000100e+02
3.765880000000000223e+02 4.151709999999999923e+02
3.661859999999999786e+02 4.289010000000000105e+02
3.591129999999999995e+02 4.376390000000000100e+02
3.516240000000000236e+02 4.430480000000000018e+02
3.819970000000000141e+02 4.197479999999999905e+02
3.795000000000000000e+02 4.276530000000000200e+02
3.753399999999999750e+02 4.376390000000000100e+02
3.690989999999999895e+02 4.426320000000000050e+02
