3.902119999999999891e+02 2.951089999999999804e+02
3.868700000000000045e+02 2.850830000000000268e+02
3.801870000000000118e+02 2.764900000000000091e+02
3.682509999999999764e+02 2.774440000000000168e+02
3.558380000000000223e+02 2.788770000000000095e+02
3.825740000000000123e+02 3.027470000000000141e+02
3.777989999999999782e+02 3.108629999999999995e+02
3.701610000000000014e+02 3.156379999999999768e+02
3.634769999999999754e+02 3.218439999999999941e+02
3.754119999999999777e+02 3.099089999999999918e+02
3.653870000000000005e+02 3.189789999999999850e+02
3.563159999999999741e+02 3.194569999999999936e+02
3.467679999999999723e+02 3.218439999999999941e+02
3.701610000000000014e+02 3.113410000000000082e+02
3.601349999999999909e+02 3.189789999999999850e+02
3.477219999999999800e+02 3.113410000000000082e+02
3.481999999999999886e+02 2.998829999999999814e+02
3.663419999999999845e+02 3.103860000000000241e+02
3.553609999999999900e+02 3.070439999999999827e+02
3.477219999999999800e+02 3.079990000000000236e+02
3.477219999999999800e+02 2.994049999999999727e+02
