3.673500000000000227e+02 3.928670000000000186e+02
3.539959999999999809e+02 3.981279999999999859e+02
3.398319999999999936e+02 4.046030000000000086e+02
3.357850000000000250e+02 4.151240000000000236e+02
3.345710000000000264e+02 4.296929999999999836e+02
3.515679999999999836e+02 4.122919999999999732e+02
3.515679999999999836e+02 4.280740000000000123e+02
3.487350000000000136e+02 4.377869999999999777e+02
3.511630000000000109e+02 4.458799999999999955e+02
3.637080000000000268e+02 4.135059999999999718e+02
3.637080000000000268e+02 4.280740000000000123e+02
3.641129999999999995e+02 4.377869999999999777e+02
3.661360000000000241e+02 4.474990000000000236e+02
3.738249999999999886e+02 4.143149999999999977e+02
3.730160000000000196e+02 4.276700000000000159e+02
3.738249999999999886e+02 4.361680000000000064e+02
3.766580000000000155e+02 4.462850000000000250e+02
3.839420000000000073e+02 4.151240000000000236e+02
3.855609999999999786e+02 4.260509999999999877e+02
3.887980000000000018e+02 4.325260000000000105e+02
3.912259999999999991e+02 4.381909999999999741e+02
