3.714399999999999977e+02 2.530840000000000032e+02
3.599340000000000259e+02 2.444540000000000077e+02
3.537019999999999982e+02 2.295920000000000130e+02
3.594549999999999841e+02 2.185649999999999977e+02
3.647289999999999850e+02 2.075380000000000109e+02
3.647289999999999850e+02 2.171270000000000095e+02
3.652080000000000268e+02 2.080180000000000007e+02
3.632900000000000205e+02 2.142500000000000000e+02
3.613729999999999905e+02 2.209619999999999891e+02
3.757549999999999955e+02 2.228799999999999955e+02
3.719200000000000159e+02 2.094559999999999889e+02
3.685640000000000214e+02 2.190449999999999875e+02
3.676050000000000182e+02 2.262359999999999900e+02
3.834259999999999877e+02 2.262359999999999900e+02
3.800699999999999932e+02 2.137709999999999866e+02
3.757549999999999955e+02 2.238389999999999986e+02
3.723990000000000009e+02 2.329480000000000075e+02
3.915760000000000218e+02 2.295920000000000130e+02
3.872620000000000005e+02 2.219209999999999923e+02
3.824669999999999845e+02 2.262359999999999900e+02
3.791109999999999900e+02 2.334269999999999925e+02
