3.808929999999999723e+02 1.895730000000000075e+02
3.664580000000000268e+02 1.871670000000000016e+02
3.500980000000000132e+02 1.809120000000000061e+02
3.351820000000000164e+02 1.760999999999999943e+02
3.207470000000000141e+02 1.712880000000000109e+02
3.621279999999999859e+02 1.578160000000000025e+02
3.573159999999999741e+02 1.414559999999999889e+02
3.438430000000000177e+02 1.380879999999999939e+02
3.356630000000000109e+02 1.395310000000000059e+02
3.669390000000000214e+02 1.558909999999999911e+02
3.573159999999999741e+02 1.390500000000000114e+02
3.448059999999999832e+02 1.366440000000000055e+02
3.351820000000000164e+02 1.395310000000000059e+02
3.717509999999999764e+02 1.539660000000000082e+02
3.611650000000000205e+02 1.390500000000000114e+02
3.481739999999999782e+02 1.366440000000000055e+02
3.399940000000000282e+02 1.380879999999999939e+02
3.756000000000000227e+02 1.530039999999999907e+02
3.630899999999999750e+02 1.409749999999999943e+02
3.553910000000000196e+02 1.380879999999999939e+02
3.481739999999999782e+02 1.366440000000000055e+02
