3.737259999999999991e+02 3.942799999999999727e+02
3.588439999999999941e+02 3.981070000000000277e+02
3.448120000000000118e+02 4.074610000000000127e+02
3.414110000000000014e+02 4.193670000000000186e+02
3.350330000000000155e+02 4.287210000000000036e+02
3.579929999999999950e+02 4.146899999999999977e+02
3.609700000000000273e+02 4.295710000000000264e+02
3.618199999999999932e+02 4.406259999999999764e+02
3.656469999999999914e+02 4.478550000000000182e+02
3.711739999999999782e+02 4.159649999999999750e+02
3.724499999999999886e+02 4.321229999999999905e+02
3.762769999999999868e+02 4.427520000000000095e+02
3.826549999999999727e+02 4.491299999999999955e+02
3.813790000000000191e+02 4.172409999999999854e+02
3.822289999999999850e+02 4.299970000000000141e+02
3.860559999999999832e+02 4.402010000000000218e+02
3.907330000000000041e+02 4.478550000000000182e+02
3.911580000000000155e+02 4.180910000000000082e+02
3.949850000000000136e+02 4.278709999999999809e+02
3.988120000000000118e+02 4.333980000000000246e+02
4.022139999999999986e+02 4.389259999999999877e+02
