3.772060000000000173e+02 2.996960000000000264e+02
3.679789999999999850e+02 2.914409999999999741e+02
3.568100000000000023e+02 2.759010000000000105e+02
3.529250000000000114e+02 2.681309999999999718e+02
3.519540000000000077e+02 2.613330000000000268e+02
3.757490000000000236e+02 2.579329999999999927e+02
3.796340000000000146e+02 2.370519999999999925e+02
3.820620000000000118e+02 2.229689999999999941e+02
3.869180000000000064e+02 2.122849999999999966e+02
3.840040000000000191e+02 2.608469999999999800e+02
3.917740000000000009e+02 2.404509999999999934e+02
3.956589999999999918e+02 2.258830000000000098e+02
4.000299999999999727e+02 2.132570000000000050e+02
3.908029999999999973e+02 2.681309999999999718e+02
3.932309999999999945e+02 2.525920000000000130e+02
4.024580000000000268e+02 2.608469999999999800e+02
3.951739999999999782e+02 2.627889999999999873e+02
3.951739999999999782e+02 2.754159999999999968e+02
4.039150000000000205e+02 2.647320000000000277e+02
4.034289999999999736e+02 2.608469999999999800e+02
3.966299999999999955e+02 2.579329999999999927e+02
