3.609340000000000259e+02 4.115810000000000173e+02
3.453849999999999909e+02 4.172699999999999818e+02
3.309730000000000132e+02 4.256129999999999995e+02
3.249049999999999727e+02 4.358530000000000086e+02
3.203539999999999850e+02 4.460919999999999845e+02
3.514529999999999745e+02 4.377490000000000236e+02
3.506940000000000168e+02 4.472300000000000182e+02
3.484189999999999827e+02 4.567110000000000127e+02
3.469019999999999868e+02 4.658129999999999882e+02
3.647259999999999991e+02 4.369900000000000091e+02
3.666220000000000141e+02 4.476089999999999804e+02
3.670020000000000095e+02 4.593659999999999854e+02
3.704150000000000205e+02 4.680889999999999986e+02
3.742069999999999936e+02 4.347149999999999750e+02
3.768620000000000232e+02 4.441960000000000264e+02
3.825509999999999877e+02 4.551940000000000168e+02
3.863430000000000177e+02 4.654340000000000259e+02
3.848260000000000218e+02 4.316809999999999832e+02
3.924110000000000014e+02 4.415409999999999968e+02
3.996170000000000186e+02 4.479889999999999759e+02
4.060640000000000214e+02 4.540570000000000164e+02
