3.739250000000000114e+02 3.931120000000000232e+02
3.582289999999999850e+02 3.988940000000000055e+02
3.437730000000000246e+02 4.079809999999999945e+02
3.371639999999999873e+02 4.191340000000000146e+02
3.301419999999999959e+02 4.278079999999999927e+02
3.569900000000000091e+02 4.129379999999999882e+02
3.561639999999999873e+02 4.273949999999999818e+02
3.520339999999999918e+02 4.368949999999999818e+02
3.507950000000000159e+02 4.459820000000000277e+02
3.697950000000000159e+02 4.174809999999999945e+02
3.693820000000000050e+02 4.290470000000000255e+02
3.669030000000000200e+02 4.385470000000000255e+02
3.669030000000000200e+02 4.480470000000000255e+02
3.797080000000000268e+02 4.178940000000000055e+02
3.801209999999999809e+02 4.311120000000000232e+02
3.817730000000000246e+02 4.401990000000000123e+02
3.825989999999999895e+02 4.480470000000000255e+02
3.896209999999999809e+02 4.178940000000000055e+02
3.933380000000000223e+02 4.282210000000000036e+02
3.974689999999999941e+02 4.340029999999999859e+02
4.007730000000000246e+02 4.385470000000000255e+02
