3.695629999999999882e+02 3.104270000000000209e+02
3.617300000000000182e+02 3.060210000000000150e+02
3.460620000000000118e+02 3.079789999999999850e+02
3.333319999999999936e+02 3.104270000000000209e+02
3.201129999999999995e+02 3.104270000000000209e+02
3.538960000000000150e+02 3.305009999999999764e+02
3.343120000000000118e+02 3.256050000000000182e+02
3.210919999999999845e+02 3.177710000000000150e+02
3.088519999999999754e+02 3.148340000000000032e+02
3.504689999999999941e+02 3.378450000000000273e+02
3.308840000000000146e+02 3.265840000000000032e+02
3.201129999999999995e+02 3.167919999999999732e+02
3.068929999999999723e+02 3.118960000000000150e+02
3.494889999999999759e+02 3.398039999999999736e+02
3.328430000000000177e+02 3.265840000000000032e+02
3.230509999999999877e+02 3.158129999999999882e+02
3.186440000000000055e+02 3.074900000000000091e+02
3.480210000000000150e+02 3.388249999999999886e+02
3.367599999999999909e+02 3.260950000000000273e+02
3.279470000000000027e+02 3.138550000000000182e+02
3.225609999999999786e+02 3.079789999999999850e+02
