3.760289999999999964e+02 4.006279999999999859e+02
3.619479999999999791e+02 4.066630000000000109e+02
3.486700000000000159e+02 4.139049999999999727e+02
3.422330000000000041e+02 4.239639999999999986e+02
3.349909999999999854e+02 4.320099999999999909e+02
3.687869999999999777e+02 4.291940000000000168e+02
3.651659999999999968e+02 4.481039999999999850e+02
3.659710000000000036e+02 4.477019999999999982e+02
3.679830000000000041e+02 4.509200000000000159e+02
3.816619999999999777e+02 4.283890000000000100e+02
3.848809999999999718e+02 4.400570000000000164e+02
3.852830000000000155e+02 4.481039999999999850e+02
3.893070000000000164e+02 4.541390000000000100e+02
3.913179999999999836e+02 4.255729999999999791e+02
3.973530000000000086e+02 4.344239999999999782e+02
4.017789999999999964e+02 4.448849999999999909e+02
4.045950000000000273e+02 4.513229999999999791e+02
4.013770000000000095e+02 4.219519999999999982e+02
4.102280000000000086e+02 4.316080000000000041e+02
4.166659999999999968e+02 4.356309999999999718e+02
4.231030000000000086e+02 4.412640000000000100e+02
