3.654560000000000173e+02 2.512439999999999998e+02
3.734390000000000214e+02 2.371570000000000107e+02
3.828299999999999841e+02 2.221310000000000002e+02
3.879950000000000045e+02 2.103909999999999911e+02
3.973870000000000005e+02 2.056959999999999980e+02
3.649870000000000232e+02 2.094519999999999982e+02
3.645169999999999959e+02 1.883220000000000027e+02
3.612300000000000182e+02 1.756430000000000007e+02
3.588820000000000050e+02 1.643739999999999952e+02
3.555950000000000273e+02 2.118000000000000114e+02
3.504300000000000068e+02 1.887909999999999968e+02
3.452649999999999864e+02 1.756430000000000007e+02
3.419780000000000086e+02 1.639039999999999964e+02
3.490210000000000150e+02 2.169650000000000034e+02
3.415079999999999814e+02 1.963040000000000020e+02
3.349340000000000259e+02 1.836260000000000048e+02
3.311779999999999973e+02 1.723559999999999945e+02
3.424470000000000027e+02 2.225999999999999943e+02
3.321170000000000186e+02 2.103909999999999911e+02
3.269519999999999982e+02 2.024089999999999918e+02
3.213170000000000073e+02 1.948959999999999866e+02
