3.680629999999999882e+02 3.944159999999999968e+02
3.524780000000000086e+02 3.998919999999999959e+02
3.398410000000000082e+02 4.078949999999999818e+02
3.339440000000000168e+02 4.180040000000000191e+02
3.276259999999999764e+02 4.255860000000000127e+02
3.583750000000000000e+02 4.188460000000000036e+02
3.609019999999999868e+02 4.276920000000000073e+02
3.621659999999999968e+02 4.369590000000000032e+02
3.651139999999999759e+02 4.445400000000000205e+02
3.693260000000000218e+02 4.167400000000000091e+02
3.735380000000000109e+02 4.264279999999999973e+02
3.752230000000000132e+02 4.386429999999999723e+02
3.790140000000000100e+02 4.453829999999999814e+02
3.790140000000000100e+02 4.154769999999999754e+02
3.836480000000000246e+02 4.230590000000000259e+02
3.857540000000000191e+02 4.331680000000000064e+02
3.891229999999999905e+02 4.428559999999999945e+02
3.891229999999999905e+02 4.125280000000000200e+02
3.937570000000000050e+02 4.230590000000000259e+02
3.983899999999999864e+02 4.293770000000000095e+02
4.021809999999999832e+02 4.344309999999999832e+02
