3.922950000000000159e+02 2.844209999999999923e+02
3.970049999999999955e+02 2.726449999999999818e+02
4.050129999999999768e+02 2.622819999999999823e+02
4.083109999999999786e+02 2.500339999999999918e+02
4.134920000000000186e+02 2.363739999999999952e+02
3.922950000000000159e+02 2.721739999999999782e+02
3.875840000000000032e+02 2.702900000000000205e+02
3.814610000000000127e+02 2.702900000000000205e+02
3.748659999999999854e+02 2.707610000000000241e+02
3.852289999999999850e+02 2.797110000000000127e+02
3.753369999999999891e+02 2.801820000000000164e+02
3.668580000000000041e+02 2.797110000000000127e+02
3.607350000000000136e+02 2.806530000000000200e+02
3.776920000000000073e+02 2.839499999999999886e+02
3.668580000000000041e+02 2.863050000000000068e+02
3.579080000000000155e+02 2.863050000000000068e+02
3.508419999999999845e+02 2.853629999999999995e+02
3.725110000000000241e+02 2.867760000000000105e+02
3.593210000000000264e+02 2.877180000000000177e+02
3.522559999999999718e+02 2.881890000000000214e+02
3.456610000000000014e+02 2.891320000000000050e+02
