3.625919999999999845e+02 2.518540000000000134e+02
3.709519999999999982e+02 2.379199999999999875e+02
3.793120000000000118e+02 2.207350000000000136e+02
3.825629999999999882e+02 2.049439999999999884e+02
3.899940000000000282e+02 1.942620000000000005e+02
3.802409999999999854e+02 2.179490000000000123e+02
3.751320000000000050e+02 1.989060000000000059e+02
3.718809999999999718e+02 1.965840000000000032e+02
3.714159999999999968e+02 1.979770000000000039e+02
3.718809999999999718e+02 2.216639999999999873e+02
3.639850000000000136e+02 2.002990000000000066e+02
3.602690000000000055e+02 2.040149999999999864e+02
3.630559999999999832e+02 2.105169999999999959e+02
3.635199999999999818e+02 2.258439999999999941e+02
3.533020000000000209e+02 2.054079999999999870e+02
3.533020000000000209e+02 2.137690000000000055e+02
3.565539999999999736e+02 2.193420000000000130e+02
3.533020000000000209e+02 2.304890000000000043e+02
3.468000000000000114e+02 2.165550000000000068e+02
3.486580000000000155e+02 2.221289999999999907e+02
3.500509999999999877e+02 2.272379999999999995e+02
