3.802869999999999777e+02 1.881980000000000075e+02
3.660659999999999741e+02 1.857460000000000093e+02
3.493919999999999959e+02 1.793710000000000093e+02
3.351709999999999923e+02 1.749569999999999936e+02
3.224209999999999923e+02 1.685819999999999936e+02
3.631229999999999905e+02 1.568129999999999882e+02
3.567479999999999905e+02 1.406299999999999955e+02
3.454689999999999941e+02 1.367069999999999936e+02
3.371329999999999814e+02 1.371970000000000027e+02
3.685179999999999723e+02 1.548509999999999991e+02
3.577289999999999850e+02 1.371970000000000027e+02
3.454689999999999941e+02 1.352350000000000136e+02
3.356610000000000014e+02 1.371970000000000027e+02
3.729309999999999832e+02 1.528890000000000100e+02
3.621429999999999723e+02 1.367069999999999936e+02
3.489019999999999868e+02 1.352350000000000136e+02
3.410559999999999832e+02 1.371970000000000027e+02
3.763639999999999759e+02 1.528890000000000100e+02
3.650849999999999795e+02 1.381779999999999973e+02
3.582189999999999941e+02 1.367069999999999936e+02
3.503729999999999905e+02 1.367069999999999936e+02
