3.675579999999999927e+02 3.952880000000000109e+02
3.545620000000000118e+02 3.986419999999999959e+02
3.411480000000000246e+02 4.053489999999999895e+02
3.377939999999999827e+02 4.162490000000000236e+02
3.352789999999999964e+02 4.296639999999999873e+02
3.545620000000000118e+02 4.095409999999999968e+02
3.516279999999999859e+02 4.275670000000000073e+02
3.491129999999999995e+02 4.363709999999999809e+02
3.507900000000000205e+02 4.455939999999999941e+02
3.646229999999999905e+02 4.128949999999999818e+02
3.646229999999999905e+02 4.275670000000000073e+02
3.642040000000000077e+02 4.376290000000000191e+02
3.654619999999999891e+02 4.468509999999999991e+02
3.751039999999999850e+02 4.158299999999999841e+02
3.725889999999999986e+02 4.267289999999999850e+02
3.751039999999999850e+02 4.363709999999999809e+02
3.767810000000000059e+02 4.460129999999999768e+02
3.847459999999999809e+02 4.166680000000000064e+02
3.855840000000000032e+02 4.263100000000000023e+02
3.885179999999999723e+02 4.325980000000000132e+02
3.918720000000000141e+02 4.384669999999999845e+02
