3.621270000000000095e+02 2.447990000000000066e+02
3.498840000000000146e+02 2.391479999999999961e+02
3.423500000000000227e+02 2.240800000000000125e+02
3.418790000000000191e+02 2.104250000000000114e+02
3.399950000000000045e+02 1.991239999999999952e+02
3.560049999999999955e+02 2.075999999999999943e+02
3.569470000000000027e+02 1.887649999999999864e+02
3.588299999999999841e+02 1.765219999999999914e+02
3.607139999999999986e+02 1.666339999999999861e+02
3.644809999999999945e+02 2.085409999999999968e+02
3.654230000000000018e+02 1.864099999999999966e+02
3.673059999999999832e+02 1.736970000000000027e+02
3.687189999999999941e+02 1.633369999999999891e+02
3.720149999999999864e+02 2.094830000000000041e+02
3.734270000000000209e+02 1.911189999999999998e+02
3.743690000000000282e+02 1.793470000000000084e+02
3.753109999999999786e+02 1.680459999999999923e+02
3.790779999999999745e+02 2.132500000000000000e+02
3.828450000000000273e+02 1.991239999999999952e+02
3.851990000000000123e+02 1.906479999999999961e+02
3.866120000000000232e+02 1.826430000000000007e+02
