3.701460000000000150e+02 3.103840000000000146e+02
3.623580000000000041e+02 3.069769999999999754e+02
3.467830000000000155e+02 3.103840000000000146e+02
3.360740000000000123e+02 3.108700000000000045e+02
3.292599999999999909e+02 3.220649999999999977e+02
3.545699999999999932e+02 3.308260000000000218e+02
3.365609999999999786e+02 3.259590000000000032e+02
3.243929999999999723e+02 3.181709999999999923e+02
3.131979999999999791e+02 3.167110000000000127e+02
3.506759999999999877e+02 3.381270000000000095e+02
3.316940000000000168e+02 3.259590000000000032e+02
3.190389999999999873e+02 3.176850000000000023e+02
3.083310000000000173e+02 3.147640000000000100e+02
3.477559999999999718e+02 3.400740000000000123e+02
3.321809999999999832e+02 3.244990000000000236e+02
3.209859999999999900e+02 3.157379999999999995e+02
3.102780000000000200e+02 3.142769999999999868e+02
3.419150000000000205e+02 3.128170000000000073e+02
3.346139999999999759e+02 3.220649999999999977e+02
3.263399999999999750e+02 3.128170000000000073e+02
3.200120000000000005e+02 3.074630000000000223e+02
