3.679959999999999809e+02 3.936859999999999786e+02
3.541650000000000205e+02 3.974580000000000268e+02
3.403330000000000268e+02 4.045840000000000032e+02
3.373990000000000009e+02 4.163199999999999932e+02
3.353029999999999973e+02 4.301519999999999868e+02
3.516499999999999773e+02 4.125480000000000018e+02
3.520690000000000168e+02 4.280559999999999832e+02
3.491349999999999909e+02 4.376960000000000264e+02
3.512309999999999945e+02 4.452409999999999854e+02
3.621279999999999859e+02 4.142239999999999895e+02
3.646429999999999723e+02 4.280559999999999832e+02
3.646429999999999723e+02 4.385339999999999918e+02
3.659010000000000105e+02 4.473360000000000127e+02
3.738639999999999759e+02 4.163199999999999932e+02
3.717690000000000055e+02 4.276370000000000005e+02
3.751220000000000141e+02 4.381150000000000091e+02
3.767980000000000018e+02 4.464979999999999905e+02
3.847620000000000005e+02 4.175769999999999982e+02
3.860199999999999818e+02 4.267980000000000018e+02
3.889540000000000077e+02 4.322470000000000141e+02
3.918879999999999768e+02 4.381150000000000091e+02
