3.758199999999999932e+02 2.532439999999999998e+02
3.896850000000000023e+02 2.420629999999999882e+02
4.062339999999999804e+02 2.304339999999999975e+02
4.183100000000000023e+02 2.232779999999999916e+02
4.294920000000000186e+02 2.219360000000000070e+02
3.793980000000000246e+02 2.134379999999999882e+02
3.834239999999999782e+02 1.946529999999999916e+02
3.870020000000000095e+02 1.807880000000000109e+02
3.887909999999999968e+02 1.687119999999999891e+02
3.677699999999999818e+02 2.138849999999999909e+02
3.632970000000000255e+02 1.919699999999999989e+02
3.583770000000000095e+02 1.781049999999999898e+02
3.543519999999999754e+02 1.678180000000000121e+02
3.574830000000000041e+02 2.179110000000000014e+02
3.494320000000000164e+02 1.986790000000000020e+02
3.436179999999999950e+02 1.879439999999999884e+02
3.395919999999999845e+02 1.776570000000000107e+02
3.485380000000000109e+02 2.241719999999999970e+02
3.364619999999999891e+02 2.170159999999999911e+02
3.288580000000000041e+02 2.143329999999999984e+02
3.185710000000000264e+02 2.107549999999999955e+02
