3.723399999999999750e+02 3.909479999999999791e+02
3.581279999999999859e+02 3.942919999999999732e+02
3.439159999999999968e+02 4.022339999999999804e+02
3.409900000000000091e+02 4.126840000000000259e+02
3.372280000000000086e+02 4.239689999999999941e+02
3.552019999999999982e+02 4.085040000000000191e+02
3.581279999999999859e+02 4.235509999999999877e+02
3.585459999999999923e+02 4.340009999999999764e+02
3.618899999999999864e+02 4.411070000000000277e+02
3.677420000000000186e+02 4.097579999999999814e+02
3.689959999999999809e+02 4.239689999999999941e+02
3.702500000000000000e+02 4.348369999999999891e+02
3.727579999999999814e+02 4.436150000000000091e+02
3.781909999999999741e+02 4.105939999999999941e+02
3.786089999999999804e+02 4.214610000000000127e+02
3.786089999999999804e+02 4.335830000000000268e+02
3.802810000000000059e+02 4.419429999999999836e+02
3.873870000000000005e+02 4.114300000000000068e+02
3.882230000000000132e+02 4.222970000000000255e+02
3.890590000000000259e+02 4.281490000000000009e+02
3.911490000000000009e+02 4.344189999999999827e+02
