3.698020000000000209e+02 3.942060000000000173e+02
3.556650000000000205e+02 3.993460000000000036e+02
3.419569999999999936e+02 4.079139999999999873e+02
3.355310000000000059e+02 4.190520000000000209e+02
3.286770000000000209e+02 4.276200000000000045e+02
3.582359999999999900e+02 4.160539999999999736e+02
3.590919999999999845e+02 4.280489999999999782e+02
3.595210000000000150e+02 4.387579999999999814e+02
3.629479999999999791e+02 4.456129999999999995e+02
3.698020000000000209e+02 4.177669999999999959e+02
3.719440000000000168e+02 4.284769999999999754e+02
3.736580000000000155e+02 4.413290000000000077e+02
3.796549999999999727e+02 4.481829999999999927e+02
3.796549999999999727e+02 4.173389999999999986e+02
3.813690000000000282e+02 4.276200000000000045e+02
3.860810000000000173e+02 4.366159999999999854e+02
3.899370000000000118e+02 4.451840000000000259e+02
3.895079999999999814e+02 4.169100000000000250e+02
3.946490000000000009e+02 4.271920000000000073e+02
4.002180000000000177e+02 4.314759999999999991e+02
4.040740000000000123e+02 4.357599999999999909e+02
