3.803349999999999795e+02 3.931979999999999791e+02
3.681979999999999791e+02 3.965459999999999923e+02
3.564789999999999850e+02 4.036610000000000014e+02
3.539680000000000177e+02 4.149610000000000127e+02
3.556419999999999959e+02 4.283539999999999850e+02
3.698720000000000141e+02 4.153799999999999955e+02
3.728020000000000209e+02 4.270980000000000132e+02
3.732200000000000273e+02 4.367239999999999895e+02
3.761499999999999773e+02 4.438389999999999986e+02
3.828460000000000036e+02 4.157980000000000018e+02
3.853580000000000041e+02 4.270980000000000132e+02
3.870319999999999823e+02 4.388170000000000073e+02
3.928910000000000196e+02 4.455129999999999768e+02
3.928910000000000196e+02 4.149610000000000127e+02
3.954019999999999868e+02 4.237500000000000000e+02
3.987500000000000000e+02 4.337950000000000159e+02
4.020989999999999895e+02 4.438389999999999986e+02
4.029359999999999786e+02 4.145430000000000064e+02
4.071209999999999809e+02 4.250059999999999718e+02
4.108879999999999768e+02 4.300280000000000200e+02
4.146539999999999964e+02 4.354689999999999941e+02
