3.654560000000000173e+02 2.421490000000000009e+02
3.640600000000000023e+02 2.286570000000000107e+02
3.640600000000000023e+02 2.128379999999999939e+02
3.677819999999999823e+02 1.965540000000000020e+02
3.770880000000000223e+02 1.937620000000000005e+02
3.691779999999999973e+02 2.012069999999999936e+02
3.705740000000000123e+02 1.849230000000000018e+02
3.705740000000000123e+02 1.718950000000000102e+02
3.719700000000000273e+02 1.616599999999999966e+02
3.687130000000000223e+02 2.026020000000000039e+02
3.705740000000000123e+02 1.825960000000000036e+02
3.719700000000000273e+02 1.686390000000000100e+02
3.724350000000000023e+02 1.560769999999999982e+02
3.677819999999999823e+02 2.058590000000000089e+02
3.701089999999999804e+02 1.877139999999999986e+02
3.719700000000000273e+02 1.732909999999999968e+02
3.724350000000000023e+02 1.621250000000000000e+02
3.649909999999999854e+02 2.119079999999999870e+02
3.663870000000000005e+02 1.960889999999999986e+02
3.673170000000000073e+02 1.858530000000000086e+02
3.687130000000000223e+02 1.784089999999999918e+02
