3.662309999999999945e+02 3.939379999999999882e+02
3.523279999999999745e+02 3.980269999999999868e+02
3.388340000000000032e+02 4.066139999999999759e+02
3.359719999999999800e+02 4.168360000000000127e+02
3.347450000000000045e+02 4.295120000000000005e+02
3.515099999999999909e+02 4.127470000000000141e+02
3.515099999999999909e+02 4.282860000000000014e+02
3.486480000000000246e+02 4.385079999999999814e+02
3.511009999999999991e+02 4.462769999999999868e+02
3.629590000000000032e+02 4.135649999999999977e+02
3.637769999999999868e+02 4.286940000000000168e+02
3.641859999999999786e+02 4.389169999999999732e+02
3.658220000000000027e+02 4.475040000000000191e+02
3.740000000000000000e+02 4.156089999999999804e+02
3.727730000000000246e+02 4.262409999999999854e+02
3.748179999999999836e+02 4.364639999999999986e+02
3.768620000000000232e+02 4.458679999999999950e+02
3.842219999999999800e+02 4.164270000000000209e+02
3.858580000000000041e+02 4.266499999999999773e+02
3.887200000000000273e+02 4.327830000000000155e+02
3.915830000000000268e+02 4.385079999999999814e+02
