3.702069999999999936e+02 2.564909999999999854e+02
3.582060000000000173e+02 2.468899999999999864e+02
3.510049999999999955e+02 2.329679999999999893e+02
3.553249999999999886e+02 2.224060000000000059e+02
3.615659999999999741e+02 2.108849999999999909e+02
3.615659999999999741e+02 2.190459999999999923e+02
3.591659999999999968e+02 2.104050000000000011e+02
3.582060000000000173e+02 2.176059999999999945e+02
3.577259999999999991e+02 2.243269999999999982e+02
3.706870000000000118e+02 2.248069999999999879e+02
3.682869999999999777e+02 2.104050000000000011e+02
3.654069999999999823e+02 2.214459999999999980e+02
3.625260000000000105e+02 2.305680000000000121e+02
3.802889999999999873e+02 2.262470000000000141e+02
3.769279999999999973e+02 2.137649999999999864e+02
3.716469999999999914e+02 2.252870000000000061e+02
3.692470000000000141e+02 2.358480000000000132e+02
3.894100000000000250e+02 2.296069999999999993e+02
3.846089999999999804e+02 2.214459999999999980e+02
3.793290000000000077e+02 2.267270000000000039e+02
3.759680000000000177e+02 2.348880000000000052e+02
