3.747309999999999945e+02 3.013829999999999814e+02
3.668700000000000045e+02 2.940129999999999768e+02
3.531139999999999759e+02 2.945049999999999955e+02
3.398489999999999895e+02 2.979440000000000168e+02
3.270749999999999886e+02 2.949959999999999809e+02
3.590090000000000146e+02 3.171039999999999850e+02
3.369010000000000105e+02 3.092429999999999950e+02
3.270749999999999886e+02 3.038389999999999986e+02
3.157749999999999773e+02 3.018740000000000236e+02
3.550790000000000077e+02 3.249649999999999750e+02
3.344440000000000168e+02 3.112090000000000032e+02
3.216709999999999923e+02 3.018740000000000236e+02
3.113530000000000086e+02 2.974519999999999982e+02
3.516399999999999864e+02 3.279130000000000109e+02
3.349359999999999786e+02 3.121909999999999741e+02
3.246179999999999950e+02 3.013829999999999814e+02
3.143009999999999877e+02 2.969610000000000127e+02
3.506569999999999823e+02 3.269300000000000068e+02
3.378829999999999814e+02 3.067869999999999777e+02
3.300230000000000246e+02 2.994180000000000064e+02
3.270749999999999886e+02 2.940129999999999768e+02
