3.630679999999999836e+02 2.451939999999999884e+02
3.503430000000000177e+02 2.390670000000000073e+02
3.432730000000000246e+02 2.239850000000000136e+02
3.418589999999999804e+02 2.098449999999999989e+02
3.404449999999999932e+02 1.985329999999999870e+02
3.564700000000000273e+02 2.065459999999999923e+02
3.569409999999999741e+02 1.881639999999999873e+02
3.592980000000000018e+02 1.759089999999999918e+02
3.607119999999999891e+02 1.655399999999999920e+02
3.644820000000000277e+02 2.065459999999999923e+02
3.654250000000000114e+02 1.862779999999999916e+02
3.677819999999999823e+02 1.730809999999999889e+02
3.687239999999999895e+02 1.631839999999999975e+02
3.720240000000000009e+02 2.089019999999999868e+02
3.734379999999999882e+02 1.909919999999999902e+02
3.743799999999999955e+02 1.792090000000000032e+02
3.753229999999999791e+02 1.683679999999999950e+02
3.795649999999999977e+02 2.126730000000000018e+02
3.828639999999999759e+02 1.985329999999999870e+02
3.856920000000000073e+02 1.905200000000000102e+02
3.871059999999999945e+02 1.829790000000000134e+02
