3.694100000000000250e+02 3.949979999999999905e+02
3.551220000000000141e+02 4.001929999999999836e+02
3.416999999999999886e+02 4.088530000000000086e+02
3.356379999999999768e+02 4.192440000000000282e+02
3.282780000000000200e+02 4.279030000000000200e+02
3.577200000000000273e+02 4.153469999999999800e+02
3.590190000000000055e+02 4.283360000000000127e+02
3.594519999999999982e+02 4.387280000000000086e+02
3.629150000000000205e+02 4.456549999999999727e+02
3.698430000000000177e+02 4.179449999999999932e+02
3.720079999999999814e+02 4.292019999999999982e+02
3.737400000000000091e+02 4.417579999999999814e+02
3.802339999999999804e+02 4.478199999999999932e+02
3.798009999999999877e+02 4.175120000000000005e+02
3.802339999999999804e+02 4.279030000000000200e+02
3.849970000000000141e+02 4.369959999999999809e+02
3.897590000000000146e+02 4.452219999999999800e+02
3.897590000000000146e+02 4.162130000000000223e+02
3.940889999999999986e+02 4.257379999999999995e+02
3.997180000000000177e+02 4.313670000000000186e+02
4.044800000000000182e+02 4.356970000000000027e+02
