3.663550000000000182e+02 3.968790000000000191e+02
3.505520000000000209e+02 4.028580000000000041e+02
3.317599999999999909e+02 4.096920000000000073e+02
3.155299999999999727e+02 4.126820000000000164e+02
3.010079999999999814e+02 4.118269999999999982e+02
3.411560000000000059e+02 4.126820000000000164e+02
3.407289999999999850e+02 4.289119999999999777e+02
3.338949999999999818e+02 4.336100000000000136e+02
3.300509999999999877e+02 4.430059999999999718e+02
3.526879999999999882e+02 4.190880000000000223e+02
3.445729999999999791e+02 4.280570000000000164e+02
3.411560000000000059e+02 4.280570000000000164e+02
3.411560000000000059e+02 4.267760000000000105e+02
3.620840000000000032e+02 4.229320000000000164e+02
3.556770000000000209e+02 4.267760000000000105e+02
3.526879999999999882e+02 4.246410000000000196e+02
3.689180000000000064e+02 4.472769999999999868e+02
3.714800000000000182e+02 4.263489999999999895e+02
3.719069999999999823e+02 4.293389999999999986e+02
3.659279999999999973e+02 4.225049999999999955e+02
3.706259999999999764e+02 4.472769999999999868e+02
