3.732169999999999845e+02 3.947610000000000241e+02
3.579309999999999832e+02 3.994309999999999832e+02
3.443439999999999941e+02 4.079230000000000018e+02
3.413720000000000141e+02 4.202370000000000232e+02
3.350029999999999859e+02 4.295779999999999745e+02
3.579309999999999832e+02 4.168399999999999750e+02
3.609030000000000200e+02 4.304270000000000209e+02
3.617529999999999859e+02 4.410419999999999732e+02
3.668480000000000132e+02 4.478360000000000127e+02
3.706689999999999827e+02 4.168399999999999750e+02
3.727919999999999732e+02 4.321250000000000000e+02
3.774630000000000223e+02 4.435899999999999750e+02
3.825579999999999927e+02 4.499590000000000032e+02
3.812839999999999918e+02 4.168399999999999750e+02
3.817090000000000032e+02 4.308519999999999754e+02
3.863790000000000191e+02 4.406170000000000186e+02
3.910500000000000114e+02 4.478360000000000127e+02
3.910500000000000114e+02 4.176890000000000214e+02
3.948709999999999809e+02 4.274549999999999841e+02
3.982679999999999723e+02 4.338240000000000123e+02
4.012400000000000091e+02 4.389189999999999827e+02
