3.714519999999999982e+02 3.973750000000000000e+02
3.576840000000000259e+02 4.010199999999999818e+02
3.443210000000000264e+02 4.083090000000000259e+02
3.378419999999999845e+02 4.200520000000000209e+02
3.301490000000000009e+02 4.281499999999999773e+02
3.572789999999999964e+02 4.147869999999999777e+02
3.572789999999999964e+02 4.293650000000000091e+02
3.532300000000000182e+02 4.382740000000000009e+02
3.516100000000000136e+02 4.463720000000000141e+02
3.698319999999999936e+02 4.172169999999999845e+02
3.694270000000000209e+02 4.309850000000000136e+02
3.669970000000000141e+02 4.402980000000000018e+02
3.665919999999999845e+02 4.488020000000000209e+02
3.795500000000000114e+02 4.188369999999999891e+02
3.803600000000000136e+02 4.334139999999999873e+02
3.819800000000000182e+02 4.402980000000000018e+02
3.811700000000000159e+02 4.467769999999999868e+02
3.896739999999999782e+02 4.208609999999999900e+02
3.933179999999999836e+02 4.277450000000000045e+02
3.969619999999999891e+02 4.334139999999999873e+02
4.006070000000000277e+02 4.390830000000000268e+02
