3.694340000000000259e+02 3.962479999999999905e+02
3.551449999999999818e+02 4.010099999999999909e+02
3.417230000000000132e+02 4.092370000000000232e+02
3.352280000000000086e+02 4.191960000000000264e+02
3.283009999999999877e+02 4.278550000000000182e+02
3.581759999999999877e+02 4.157320000000000277e+02
3.590419999999999732e+02 4.282880000000000109e+02
3.594750000000000227e+02 4.386800000000000068e+02
3.629390000000000214e+02 4.460400000000000205e+02
3.698670000000000186e+02 4.170310000000000059e+02
3.720319999999999823e+02 4.287210000000000036e+02
3.737629999999999768e+02 4.417099999999999795e+02
3.798249999999999886e+02 4.482049999999999841e+02
3.798249999999999886e+02 4.161650000000000205e+02
3.815570000000000164e+02 4.274220000000000255e+02
3.858870000000000005e+02 4.365149999999999864e+02
3.897839999999999918e+02 4.456070000000000277e+02
3.897839999999999918e+02 4.157320000000000277e+02
3.945459999999999923e+02 4.261229999999999905e+02
4.001750000000000114e+02 4.317520000000000095e+02
4.040720000000000027e+02 4.365149999999999864e+02
