3.712289999999999850e+02 3.034929999999999950e+02
3.629560000000000173e+02 2.986259999999999764e+02
3.488439999999999941e+02 3.000860000000000127e+02
3.352180000000000177e+02 3.034929999999999950e+02
3.215919999999999845e+02 3.005729999999999791e+02
3.551700000000000159e+02 3.224710000000000036e+02
3.347309999999999945e+02 3.156580000000000155e+02
3.230520000000000209e+02 3.088460000000000036e+02
3.118600000000000136e+02 3.073860000000000241e+02
3.507900000000000205e+02 3.302570000000000050e+02
3.308380000000000223e+02 3.161449999999999818e+02
3.191589999999999918e+02 3.059259999999999877e+02
3.079669999999999845e+02 3.010590000000000259e+02
3.483570000000000277e+02 3.317169999999999845e+02
3.318120000000000118e+02 3.161449999999999818e+02
3.206190000000000282e+02 3.044660000000000082e+02
3.118600000000000136e+02 3.000860000000000127e+02
3.478700000000000045e+02 3.307440000000000282e+02
3.352180000000000177e+02 3.132250000000000227e+02
3.264590000000000032e+02 3.039789999999999850e+02
3.211059999999999945e+02 2.986259999999999764e+02
