3.728210000000000264e+02 3.903960000000000150e+02
3.584470000000000027e+02 3.950470000000000255e+02
3.440729999999999791e+02 4.035020000000000095e+02
3.411139999999999759e+02 4.132259999999999991e+02
3.368860000000000241e+02 4.237950000000000159e+02
3.554879999999999995e+02 4.102669999999999959e+02
3.580240000000000009e+02 4.237950000000000159e+02
3.584470000000000027e+02 4.339420000000000073e+02
3.618290000000000077e+02 4.411290000000000191e+02
3.681709999999999923e+02 4.128029999999999973e+02
3.685939999999999941e+02 4.246410000000000196e+02
3.698620000000000232e+02 4.352099999999999795e+02
3.723990000000000009e+02 4.440880000000000223e+02
3.783170000000000073e+02 4.128029999999999973e+02
3.770489999999999782e+02 4.237950000000000159e+02
3.787400000000000091e+02 4.339420000000000073e+02
3.795860000000000127e+02 4.419750000000000227e+02
3.867730000000000246e+02 4.136490000000000009e+02
3.884639999999999986e+02 4.229499999999999886e+02
3.893100000000000023e+02 4.284460000000000264e+02
3.914230000000000018e+02 4.347869999999999777e+02
