3.662259999999999991e+02 2.802540000000000191e+02
3.540590000000000259e+02 2.729540000000000077e+02
3.448120000000000118e+02 2.559199999999999875e+02
3.428659999999999854e+02 2.383990000000000009e+02
3.399449999999999932e+02 2.247719999999999914e+02
3.608729999999999905e+02 2.398590000000000089e+02
3.623330000000000268e+02 2.184449999999999932e+02
3.652529999999999859e+02 2.053050000000000068e+02
3.671999999999999886e+02 1.941109999999999900e+02
3.706070000000000277e+02 2.403460000000000036e+02
3.740129999999999768e+02 2.169850000000000136e+02
3.764470000000000027e+02 2.023839999999999861e+02
3.779069999999999823e+02 1.907040000000000077e+02
3.803399999999999750e+02 2.437529999999999859e+02
3.847200000000000273e+02 2.213650000000000091e+02
3.856940000000000168e+02 2.091980000000000075e+02
3.861800000000000068e+02 1.975180000000000007e+02
3.886139999999999759e+02 2.486200000000000045e+02
3.944540000000000077e+02 2.335320000000000107e+02
3.973740000000000236e+02 2.247719999999999914e+02
4.007810000000000059e+02 2.169850000000000136e+02
