3.748079999999999927e+02 2.540049999999999955e+02
3.606299999999999955e+02 2.450260000000000105e+02
3.525969999999999800e+02 2.284859999999999900e+02
3.535419999999999732e+02 2.105279999999999916e+02
3.516510000000000105e+02 1.972959999999999923e+02
3.644110000000000014e+02 2.119459999999999980e+02
3.625210000000000150e+02 1.911529999999999916e+02
3.601580000000000155e+02 1.783930000000000007e+02
3.601580000000000155e+02 1.670509999999999877e+02
3.752799999999999727e+02 2.138360000000000127e+02
3.785880000000000223e+02 1.902069999999999936e+02
3.790609999999999786e+02 1.750850000000000080e+02
3.800059999999999718e+02 1.623259999999999934e+02
3.837860000000000014e+02 2.171440000000000055e+02
3.885120000000000005e+02 1.954060000000000059e+02
3.904019999999999868e+02 1.812290000000000134e+02
3.913480000000000132e+02 1.684689999999999941e+02
3.932379999999999995e+02 2.232880000000000109e+02
3.974909999999999854e+02 2.062750000000000057e+02
3.989089999999999918e+02 1.963509999999999991e+02
4.017440000000000282e+02 1.868990000000000009e+02
