3.737919999999999732e+02 3.935450000000000159e+02
3.602180000000000177e+02 4.009490000000000123e+02
3.458210000000000264e+02 4.062959999999999923e+02
3.281340000000000146e+02 4.104089999999999918e+02
3.137370000000000232e+02 4.120550000000000068e+02
3.758489999999999895e+02 4.190470000000000255e+02
3.894230000000000018e+02 4.309759999999999991e+02
3.988829999999999814e+02 4.371460000000000150e+02
4.087549999999999955e+02 4.379689999999999941e+02
3.840749999999999886e+02 4.145230000000000246e+02
3.955930000000000177e+02 4.264510000000000218e+02
4.054649999999999750e+02 4.305649999999999977e+02
4.132799999999999727e+02 4.334440000000000168e+02
3.894230000000000018e+02 4.112320000000000277e+02
3.984719999999999800e+02 4.206929999999999836e+02
4.075210000000000150e+02 4.260400000000000205e+02
4.136909999999999741e+02 4.301530000000000200e+02
3.951809999999999832e+02 4.095869999999999891e+02
3.984719999999999800e+02 4.141109999999999900e+02
4.021739999999999782e+02 4.174019999999999868e+02
4.058759999999999764e+02 4.178129999999999882e+02
