3.737029999999999745e+02 2.502849999999999966e+02
3.832629999999999768e+02 2.375389999999999873e+02
3.887259999999999991e+02 2.197849999999999966e+02
3.859940000000000282e+02 2.038520000000000039e+02
3.882710000000000150e+02 1.901949999999999932e+02
3.755240000000000009e+02 2.093149999999999977e+02
3.714270000000000209e+02 1.892849999999999966e+02
3.668750000000000000e+02 1.756279999999999859e+02
3.627780000000000200e+02 1.647030000000000030e+02
3.641440000000000055e+02 2.120459999999999923e+02
3.591360000000000241e+02 1.888300000000000125e+02
3.554940000000000282e+02 1.742630000000000052e+02
3.518530000000000086e+02 1.633369999999999891e+02
3.554940000000000282e+02 2.161430000000000007e+02
3.500319999999999823e+02 1.947479999999999905e+02
3.482110000000000127e+02 1.801800000000000068e+02
3.454789999999999850e+02 1.692549999999999955e+02
3.482110000000000127e+02 2.211510000000000105e+02
3.441139999999999759e+02 2.029420000000000073e+02
3.418380000000000223e+02 1.933820000000000050e+02
3.413820000000000050e+02 1.847330000000000041e+02
