3.740079999999999814e+02 3.957860000000000014e+02
3.604870000000000232e+02 4.021480000000000246e+02
3.477620000000000005e+02 4.116920000000000073e+02
3.513410000000000082e+02 4.232239999999999895e+02
3.533290000000000077e+02 4.335629999999999882e+02
3.668500000000000227e+02 4.164639999999999986e+02
3.640659999999999741e+02 4.331659999999999968e+02
3.636689999999999827e+02 4.431070000000000277e+02
3.668500000000000227e+02 4.502649999999999864e+02
3.767909999999999968e+02 4.180550000000000068e+02
3.783820000000000050e+02 4.331659999999999968e+02
3.803700000000000045e+02 4.450950000000000273e+02
3.859370000000000118e+02 4.510600000000000023e+02
3.863349999999999795e+02 4.176569999999999823e+02
3.883229999999999791e+02 4.299839999999999804e+02
3.911070000000000277e+02 4.387330000000000041e+02
3.954809999999999945e+02 4.478790000000000191e+02
3.958790000000000191e+02 4.176569999999999823e+02
3.982649999999999864e+02 4.295869999999999891e+02
4.018439999999999941e+02 4.363469999999999800e+02
4.054230000000000018e+02 4.407210000000000036e+02
