3.702359999999999900e+02 3.952259999999999991e+02
3.542090000000000032e+02 4.019739999999999895e+02
3.394470000000000027e+02 4.083009999999999877e+02
3.229979999999999905e+02 4.116750000000000114e+02
3.090790000000000077e+02 4.129399999999999977e+02
3.580049999999999955e+02 4.167359999999999900e+02
3.601139999999999759e+02 4.230629999999999882e+02
3.622230000000000132e+02 4.277019999999999982e+02
3.664399999999999977e+02 4.310769999999999982e+02
3.723450000000000273e+02 4.180020000000000095e+02
3.833109999999999786e+02 4.268589999999999804e+02
3.913249999999999886e+02 4.348729999999999905e+02
4.035559999999999832e+02 4.395120000000000005e+02
3.812019999999999982e+02 4.146270000000000095e+02
3.934340000000000259e+02 4.247500000000000000e+02
4.006039999999999850e+02 4.319200000000000159e+02
4.136789999999999736e+02 4.340289999999999964e+02
3.904809999999999945e+02 4.112529999999999859e+02
3.993389999999999986e+02 4.209540000000000077e+02
4.065090000000000146e+02 4.272810000000000059e+02
4.128349999999999795e+02 4.323419999999999845e+02
