3.811200000000000045e+02 3.927950000000000159e+02
3.681440000000000055e+02 3.965620000000000118e+02
3.564239999999999782e+02 4.049329999999999927e+02
3.539130000000000109e+02 4.153980000000000246e+02
3.551689999999999827e+02 4.283729999999999905e+02
3.698190000000000168e+02 4.158159999999999741e+02
3.727490000000000236e+02 4.271179999999999950e+02
3.731669999999999732e+02 4.363260000000000218e+02
3.765160000000000196e+02 4.442789999999999964e+02
3.815389999999999873e+02 4.162350000000000136e+02
3.844689999999999941e+02 4.271179999999999950e+02
3.869800000000000182e+02 4.388380000000000223e+02
3.928399999999999750e+02 4.455350000000000250e+02
3.924209999999999923e+02 4.162350000000000136e+02
3.936770000000000209e+02 4.250249999999999773e+02
3.982810000000000059e+02 4.350699999999999932e+02
4.020489999999999782e+02 4.442789999999999964e+02
4.028860000000000241e+02 4.149789999999999850e+02
4.070710000000000264e+02 4.250249999999999773e+02
4.108389999999999986e+02 4.300480000000000018e+02
4.154429999999999836e+02 4.359080000000000155e+02
