3.665980000000000132e+02 3.972289999999999850e+02
3.515629999999999882e+02 4.021159999999999854e+02
3.395350000000000250e+02 4.096340000000000146e+02
3.338960000000000150e+02 4.194069999999999823e+02
3.278820000000000050e+02 4.276759999999999877e+02
3.572010000000000218e+02 4.182789999999999964e+02
3.602080000000000268e+02 4.288039999999999736e+02
3.605840000000000032e+02 4.382010000000000218e+02
3.635910000000000082e+02 4.464700000000000273e+02
3.696050000000000182e+02 4.171510000000000105e+02
3.733639999999999759e+02 4.288039999999999736e+02
3.756200000000000045e+02 4.419599999999999795e+02
3.793779999999999859e+02 4.472219999999999800e+02
3.790029999999999859e+02 4.163999999999999773e+02
3.823849999999999909e+02 4.284279999999999973e+02
3.868960000000000150e+02 4.370729999999999791e+02
3.895269999999999868e+02 4.449669999999999845e+02
3.883999999999999773e+02 4.152719999999999914e+02
3.944139999999999873e+02 4.254209999999999923e+02
4.000520000000000209e+02 4.310590000000000259e+02
4.041870000000000118e+02 4.363210000000000264e+02
