3.628929999999999723e+02 3.937620000000000005e+02
3.489710000000000036e+02 3.993310000000000173e+02
3.354479999999999791e+02 4.076840000000000259e+02
3.370389999999999873e+02 4.180249999999999773e+02
3.382320000000000277e+02 4.299580000000000268e+02
3.513580000000000041e+02 4.136499999999999773e+02
3.525509999999999877e+02 4.299580000000000268e+02
3.541419999999999959e+02 4.395040000000000191e+02
3.589150000000000205e+02 4.462660000000000196e+02
3.628929999999999723e+02 4.140480000000000018e+02
3.640860000000000127e+02 4.299580000000000268e+02
3.672679999999999723e+02 4.430840000000000032e+02
3.712450000000000045e+02 4.462660000000000196e+02
3.728360000000000127e+02 4.136499999999999773e+02
3.740299999999999727e+02 4.271739999999999782e+02
3.752230000000000132e+02 4.367200000000000273e+02
3.784049999999999727e+02 4.446750000000000114e+02
3.819850000000000136e+02 4.148430000000000177e+02
3.823820000000000050e+02 4.271739999999999782e+02
3.847690000000000055e+02 4.327420000000000186e+02
3.871549999999999727e+02 4.375149999999999864e+02
