3.674739999999999895e+02 3.927330000000000041e+02
3.531490000000000009e+02 3.988729999999999905e+02
3.392330000000000041e+02 4.058310000000000173e+02
3.371870000000000118e+02 4.168809999999999718e+02
3.347309999999999945e+02 4.295690000000000168e+02
3.511030000000000086e+02 4.119700000000000273e+02
3.515120000000000005e+02 4.275230000000000246e+02
3.502839999999999918e+02 4.357090000000000032e+02
3.511030000000000086e+02 4.451220000000000141e+02
3.629719999999999800e+02 4.123790000000000191e+02
3.641999999999999886e+02 4.279320000000000164e+02
3.641999999999999886e+02 4.381639999999999873e+02
3.654279999999999973e+02 4.475779999999999745e+02
3.740230000000000246e+02 4.140160000000000196e+02
3.740230000000000246e+02 4.279320000000000164e+02
3.748410000000000082e+02 4.373460000000000036e+02
3.768879999999999768e+02 4.463500000000000227e+02
3.842549999999999955e+02 4.152440000000000282e+02
3.858919999999999959e+02 4.262950000000000159e+02
3.883480000000000132e+02 4.324340000000000259e+02
3.912130000000000223e+02 4.385740000000000123e+02
