3.707889999999999873e+02 3.952909999999999968e+02
3.549429999999999836e+02 4.042289999999999850e+02
3.370649999999999977e+02 4.127620000000000005e+02
3.208129999999999882e+02 4.168249999999999886e+02
3.074049999999999727e+02 4.139809999999999945e+02
3.716009999999999991e+02 4.310459999999999923e+02
3.744449999999999932e+02 4.379529999999999745e+02
3.768829999999999814e+02 4.440470000000000255e+02
3.825710000000000264e+02 4.481100000000000136e+02
3.622559999999999718e+02 4.273890000000000100e+02
3.537239999999999895e+02 4.342959999999999923e+02
3.756639999999999873e+02 4.371399999999999864e+02
3.728199999999999932e+02 4.310459999999999923e+02
3.614429999999999836e+02 4.208879999999999768e+02
3.655070000000000050e+02 4.330769999999999982e+02
3.614429999999999836e+02 4.257640000000000100e+02
3.638809999999999718e+02 4.208879999999999768e+02
3.756639999999999873e+02 4.294200000000000159e+02
3.691630000000000109e+02 4.310459999999999923e+02
4.215769999999999982e+02 4.314519999999999982e+02
4.313279999999999745e+02 4.342959999999999923e+02
