3.726970000000000027e+02 3.906109999999999900e+02
3.586379999999999768e+02 3.943330000000000268e+02
3.429250000000000114e+02 4.038430000000000177e+02
3.404440000000000168e+02 4.137669999999999959e+02
3.363090000000000259e+02 4.241050000000000182e+02
3.553299999999999841e+02 4.092189999999999941e+02
3.582239999999999895e+02 4.236909999999999741e+02
3.586379999999999768e+02 4.336150000000000091e+02
3.619460000000000264e+02 4.410579999999999927e+02
3.681480000000000246e+02 4.092189999999999941e+02
3.685620000000000118e+02 4.241050000000000182e+02
3.698020000000000209e+02 4.348559999999999945e+02
3.726970000000000027e+02 4.435389999999999873e+02
3.784850000000000136e+02 4.104590000000000032e+02
3.780720000000000027e+02 4.216240000000000236e+02
3.784850000000000136e+02 4.336150000000000091e+02
3.797259999999999991e+02 4.427119999999999891e+02
3.879959999999999809e+02 4.129399999999999977e+02
3.884089999999999918e+02 4.236909999999999741e+02
3.892359999999999900e+02 4.294800000000000182e+02
3.917169999999999845e+02 4.344420000000000073e+02
