3.659549999999999841e+02 2.427880000000000109e+02
3.760950000000000273e+02 2.317259999999999991e+02
3.857749999999999773e+02 2.183580000000000041e+02
3.917669999999999959e+02 2.045300000000000011e+02
3.991419999999999959e+02 1.939290000000000020e+02
3.751730000000000018e+02 2.086790000000000020e+02
3.737909999999999968e+02 1.948509999999999991e+02
3.733299999999999841e+02 1.883979999999999961e+02
3.728690000000000282e+02 1.833269999999999982e+02
3.673369999999999891e+02 2.100620000000000118e+02
3.645720000000000027e+02 1.943899999999999864e+02
3.631890000000000214e+02 1.870149999999999864e+02
3.618059999999999832e+02 1.842489999999999952e+02
3.595020000000000095e+02 2.128269999999999982e+02
3.576580000000000155e+02 1.980769999999999982e+02
3.548919999999999959e+02 1.930070000000000050e+02
3.548919999999999959e+02 1.916239999999999952e+02
3.521270000000000095e+02 2.160540000000000020e+02
3.512049999999999841e+02 2.049910000000000139e+02
3.493609999999999900e+02 2.017649999999999864e+02
3.484390000000000214e+02 1.989989999999999952e+02
