3.743709999999999809e+02 3.923469999999999800e+02
3.600740000000000123e+02 3.980649999999999977e+02
3.453690000000000282e+02 4.066429999999999723e+02
3.384250000000000114e+02 4.193059999999999832e+02
3.298469999999999800e+02 4.282930000000000064e+02
3.580319999999999823e+02 4.123620000000000232e+02
3.551730000000000018e+02 4.274759999999999991e+02
3.519049999999999727e+02 4.376879999999999882e+02
3.514959999999999809e+02 4.462660000000000196e+02
3.698779999999999859e+02 4.148129999999999882e+02
3.690609999999999786e+02 4.291100000000000136e+02
3.674270000000000209e+02 4.397300000000000182e+02
3.674270000000000209e+02 4.483079999999999927e+02
3.796809999999999832e+02 4.156299999999999955e+02
3.809069999999999823e+02 4.323779999999999859e+02
3.817239999999999895e+02 4.401390000000000100e+02
3.817239999999999895e+02 4.474920000000000186e+02
3.886680000000000064e+02 4.172640000000000100e+02
3.931610000000000014e+02 4.278840000000000146e+02
3.976539999999999964e+02 4.340120000000000005e+02
4.009220000000000255e+02 4.385049999999999955e+02
