3.611639999999999873e+02 2.472920000000000016e+02
3.490480000000000018e+02 2.398360000000000127e+02
3.415930000000000177e+02 2.235260000000000105e+02
3.411270000000000095e+02 2.095469999999999970e+02
3.387970000000000255e+02 1.983629999999999995e+02
3.541739999999999782e+02 2.086150000000000091e+02
3.579019999999999868e+02 1.885769999999999982e+02
3.565040000000000191e+02 1.769279999999999973e+02
3.537080000000000268e+02 1.680740000000000123e+02
3.639599999999999795e+02 2.095469999999999970e+02
3.667559999999999718e+02 1.876459999999999866e+02
3.648919999999999959e+02 1.741320000000000050e+02
3.639599999999999795e+02 1.620159999999999911e+02
3.709499999999999886e+02 2.114110000000000014e+02
3.746779999999999973e+02 1.918389999999999986e+02
3.737459999999999809e+02 1.792580000000000098e+02
3.723480000000000132e+02 1.685399999999999920e+02
3.779390000000000214e+02 2.165370000000000061e+02
3.844630000000000223e+02 2.025569999999999879e+02
3.872590000000000146e+02 1.923050000000000068e+02
3.891229999999999905e+02 1.834519999999999982e+02
