3.693949999999999818e+02 3.950710000000000264e+02
3.544069999999999823e+02 4.006379999999999768e+02
3.415609999999999786e+02 4.087740000000000009e+02
3.355659999999999741e+02 4.194789999999999850e+02
3.287149999999999750e+02 4.276150000000000091e+02
3.569769999999999754e+02 4.143410000000000082e+02
3.591179999999999950e+02 4.276150000000000091e+02
3.595459999999999923e+02 4.378919999999999959e+02
3.629719999999999800e+02 4.456000000000000227e+02
3.693949999999999818e+02 4.151970000000000027e+02
3.719639999999999986e+02 4.276150000000000091e+02
3.736770000000000209e+02 4.400330000000000155e+02
3.796720000000000255e+02 4.481689999999999827e+02
3.796720000000000255e+02 4.147690000000000055e+02
3.805280000000000200e+02 4.211920000000000073e+02
3.852379999999999995e+02 4.348949999999999818e+02
3.899490000000000123e+02 4.451720000000000255e+02
3.895199999999999818e+02 4.156250000000000000e+02
3.942309999999999945e+02 4.254739999999999895e+02
4.002259999999999991e+02 4.314689999999999941e+02
4.040799999999999841e+02 4.361789999999999736e+02
