3.802350000000000136e+02 2.565480000000000018e+02
3.939769999999999754e+02 2.454650000000000034e+02
4.081630000000000109e+02 2.321659999999999968e+02
4.183589999999999804e+02 2.241860000000000070e+02
4.289990000000000236e+02 2.215260000000000105e+02
3.820079999999999814e+02 2.144329999999999927e+02
3.833380000000000223e+02 1.949279999999999973e+02
3.842239999999999895e+02 1.816279999999999859e+02
3.851109999999999900e+02 1.692160000000000082e+02
3.691519999999999868e+02 2.175360000000000014e+02
3.629460000000000264e+02 1.935980000000000132e+02
3.585120000000000005e+02 1.811850000000000023e+02
3.549660000000000082e+02 1.714319999999999879e+02
3.593990000000000009e+02 2.215260000000000105e+02
3.474300000000000068e+02 2.046800000000000068e+02
3.403369999999999891e+02 1.958139999999999930e+02
3.328000000000000114e+02 1.865049999999999955e+02
3.523059999999999832e+02 2.286189999999999998e+02
3.398929999999999723e+02 2.215260000000000105e+02
3.305840000000000032e+02 2.184230000000000018e+02
3.226039999999999850e+02 2.144329999999999927e+02
