3.664490000000000123e+02 2.510819999999999936e+02
3.716899999999999977e+02 2.367880000000000109e+02
3.802660000000000196e+02 2.191579999999999870e+02
3.864599999999999795e+02 2.053410000000000082e+02
3.940840000000000032e+02 1.991469999999999914e+02
3.907490000000000236e+02 2.182059999999999889e+02
3.874130000000000109e+02 1.991469999999999914e+02
3.845539999999999736e+02 1.977170000000000130e+02
3.793129999999999882e+02 2.005759999999999934e+02
3.859839999999999804e+02 2.220169999999999959e+02
3.774069999999999823e+02 1.996229999999999905e+02
3.712130000000000223e+02 2.029590000000000032e+02
3.707370000000000232e+02 2.081999999999999886e+02
3.793129999999999882e+02 2.258290000000000077e+02
3.683550000000000182e+02 2.053410000000000082e+02
3.640659999999999741e+02 2.105819999999999936e+02
3.654959999999999809e+02 2.158230000000000075e+02
3.721659999999999968e+02 2.296409999999999911e+02
3.616840000000000259e+02 2.153470000000000084e+02
3.602549999999999955e+02 2.186819999999999879e+02
3.635899999999999750e+02 2.248760000000000048e+02
