3.823269999999999982e+02 3.952060000000000173e+02
3.665590000000000259e+02 4.001850000000000023e+02
3.478860000000000241e+02 4.068240000000000123e+02
3.321179999999999950e+02 4.118029999999999973e+02
3.184250000000000114e+02 4.122180000000000177e+02
3.756879999999999882e+02 4.250819999999999936e+02
3.839870000000000232e+02 4.342110000000000127e+02
3.889660000000000082e+02 4.396050000000000182e+02
3.960199999999999818e+02 4.449990000000000236e+02
3.848159999999999741e+02 4.230070000000000050e+02
3.931150000000000091e+02 4.325509999999999877e+02
4.005840000000000032e+02 4.396050000000000182e+02
4.072239999999999895e+02 4.449990000000000236e+02
3.922850000000000250e+02 4.221770000000000209e+02
3.989250000000000114e+02 4.333809999999999718e+02
4.043190000000000168e+02 4.391899999999999977e+02
4.092980000000000018e+02 4.454139999999999873e+02
4.001689999999999827e+02 4.213469999999999800e+02
4.092980000000000018e+02 4.288159999999999741e+02
4.138629999999999995e+02 4.325509999999999877e+02
4.192570000000000050e+02 4.371150000000000091e+02
