3.929660000000000082e+02 2.694549999999999841e+02
3.809789999999999850e+02 2.680169999999999959e+02
3.665960000000000036e+02 2.675369999999999777e+02
3.512529999999999859e+02 2.675369999999999777e+02
3.378290000000000077e+02 2.675369999999999777e+02
3.728290000000000077e+02 2.982219999999999800e+02
3.541299999999999955e+02 3.068519999999999754e+02
3.426229999999999905e+02 3.039750000000000227e+02
3.344730000000000132e+02 2.996600000000000250e+02
3.733079999999999927e+02 3.020579999999999927e+02
3.536510000000000105e+02 3.078109999999999786e+02
3.411850000000000023e+02 3.025369999999999777e+02
3.325550000000000068e+02 2.972629999999999768e+02
3.733079999999999927e+02 3.010989999999999895e+02
3.555679999999999836e+02 3.063729999999999905e+02
3.435819999999999936e+02 3.020579999999999927e+02
3.354320000000000164e+02 2.948659999999999854e+02
3.718700000000000045e+02 2.982219999999999800e+02
3.584449999999999932e+02 3.025369999999999777e+02
3.493360000000000127e+02 2.987010000000000218e+02
3.402259999999999991e+02 2.948659999999999854e+02
