3.801009999999999991e+02 3.093210000000000264e+02
3.691429999999999723e+02 2.974110000000000014e+02
3.605679999999999836e+02 2.821650000000000205e+02
3.558029999999999973e+02 2.735899999999999750e+02
3.562799999999999727e+02 2.659669999999999845e+02
3.729549999999999841e+02 2.607259999999999991e+02
3.791480000000000246e+02 2.397630000000000052e+02
3.805779999999999745e+02 2.264240000000000066e+02
3.834359999999999786e+02 2.140370000000000061e+02
3.820070000000000050e+02 2.654900000000000091e+02
3.848650000000000091e+02 2.440509999999999877e+02
3.910590000000000259e+02 2.292820000000000107e+02
3.948700000000000045e+02 2.173710000000000093e+02
3.905819999999999936e+02 2.712069999999999936e+02
3.858179999999999836e+02 2.573910000000000196e+02
3.729549999999999841e+02 2.597730000000000246e+02
3.677139999999999986e+02 2.612029999999999745e+02
3.958229999999999791e+02 2.783539999999999850e+02
4.063039999999999736e+02 2.654900000000000091e+02
4.048750000000000000e+02 2.602500000000000000e+02
3.958229999999999791e+02 2.569150000000000205e+02
