3.719289999999999736e+02 3.913580000000000041e+02
3.585500000000000114e+02 3.942839999999999918e+02
3.439180000000000064e+02 4.038999999999999773e+02
3.405740000000000123e+02 4.130969999999999800e+02
3.363929999999999723e+02 4.239669999999999845e+02
3.556240000000000236e+02 4.105889999999999986e+02
3.577139999999999986e+02 4.239669999999999845e+02
3.585500000000000114e+02 4.340009999999999764e+02
3.618949999999999818e+02 4.411080000000000041e+02
3.677479999999999905e+02 4.130969999999999800e+02
3.685840000000000032e+02 4.243849999999999909e+02
3.694200000000000159e+02 4.348369999999999891e+02
3.723469999999999800e+02 4.440339999999999918e+02
3.781999999999999886e+02 4.118430000000000177e+02
3.781999999999999886e+02 4.218770000000000095e+02
3.786179999999999950e+02 4.335830000000000268e+02
3.798720000000000141e+02 4.423620000000000232e+02
3.873969999999999914e+02 4.126789999999999736e+02
3.882330000000000041e+02 4.227130000000000223e+02
3.890690000000000168e+02 4.281480000000000246e+02
3.915779999999999745e+02 4.344189999999999827e+02
