3.645419999999999732e+02 3.936460000000000150e+02
3.502710000000000150e+02 3.974239999999999782e+02
3.368389999999999986e+02 4.041399999999999864e+02
3.301229999999999905e+02 4.142130000000000223e+02
3.225679999999999836e+02 4.234479999999999791e+02
3.502710000000000150e+02 4.125339999999999918e+02
3.506909999999999741e+02 4.238679999999999950e+02
3.481720000000000255e+02 4.331019999999999754e+02
3.473330000000000268e+02 4.406569999999999823e+02
3.632830000000000155e+02 4.146329999999999814e+02
3.645419999999999732e+02 4.247069999999999936e+02
3.645419999999999732e+02 4.339409999999999741e+02
3.662210000000000036e+02 4.440149999999999864e+02
3.729370000000000118e+02 4.163120000000000118e+02
3.754560000000000173e+02 4.251270000000000095e+02
3.788140000000000214e+02 4.339409999999999741e+02
3.800729999999999791e+02 4.419169999999999732e+02
3.830110000000000241e+02 4.175710000000000264e+02
3.897269999999999754e+02 4.242869999999999777e+02
3.939239999999999782e+02 4.289049999999999727e+02
3.985419999999999732e+02 4.339409999999999741e+02
