3.718659999999999854e+02 2.461220000000000141e+02
3.824769999999999754e+02 2.359720000000000084e+02
3.935489999999999782e+02 2.235159999999999911e+02
4.009300000000000068e+02 2.105980000000000132e+02
4.101569999999999823e+02 1.999879999999999995e+02
3.810930000000000177e+02 2.073689999999999998e+02
3.824769999999999754e+02 1.884540000000000077e+02
3.815539999999999736e+02 1.741529999999999916e+02
3.801700000000000159e+02 1.626189999999999998e+02
3.700199999999999818e+02 2.092139999999999986e+02
3.704820000000000277e+02 1.856860000000000070e+02
3.700199999999999818e+02 1.709230000000000018e+02
3.695590000000000259e+02 1.593899999999999864e+02
3.617160000000000082e+02 2.110600000000000023e+02
3.617160000000000082e+02 1.898379999999999939e+02
3.621779999999999973e+02 1.764590000000000032e+02
3.621779999999999973e+02 1.653870000000000005e+02
3.538729999999999905e+02 2.147510000000000048e+02
3.534119999999999777e+02 1.967580000000000098e+02
3.534119999999999777e+02 1.884540000000000077e+02
3.543349999999999795e+02 1.796889999999999930e+02
