3.692740000000000009e+02 4.002099999999999795e+02
3.532119999999999891e+02 4.035040000000000191e+02
3.375620000000000118e+02 4.100939999999999941e+02
3.276770000000000209e+02 4.199780000000000086e+02
3.177930000000000064e+02 4.265679999999999836e+02
3.593899999999999864e+02 4.240969999999999800e+02
3.540360000000000014e+02 4.331580000000000155e+02
3.532119999999999891e+02 4.413940000000000055e+02
3.560950000000000273e+02 4.463369999999999891e+02
3.725690000000000168e+02 4.253319999999999936e+02
3.717450000000000045e+02 4.368639999999999759e+02
3.721569999999999823e+02 4.459250000000000114e+02
3.754519999999999982e+02 4.492200000000000273e+02
3.824529999999999745e+02 4.261560000000000059e+02
3.865720000000000027e+02 4.335690000000000168e+02
3.915140000000000100e+02 4.405710000000000264e+02
3.960439999999999827e+02 4.475720000000000027e+02
3.923380000000000223e+02 4.236850000000000023e+02
3.993389999999999986e+02 4.282149999999999750e+02
4.083999999999999773e+02 4.302749999999999773e+02
4.158129999999999882e+02 4.319220000000000255e+02
