3.685439999999999827e+02 3.926730000000000018e+02
3.533840000000000146e+02 3.989889999999999759e+02
3.399100000000000250e+02 4.078319999999999936e+02
3.344350000000000023e+02 4.175169999999999959e+02
3.268559999999999945e+02 4.246759999999999877e+02
3.571739999999999782e+02 4.141490000000000009e+02
3.597010000000000218e+02 4.255179999999999723e+02
3.618059999999999832e+02 4.373090000000000259e+02
3.651750000000000114e+02 4.444669999999999845e+02
3.698070000000000164e+02 4.149909999999999854e+02
3.723340000000000032e+02 4.267810000000000059e+02
3.740179999999999723e+02 4.385720000000000027e+02
3.803340000000000032e+02 4.444669999999999845e+02
3.794920000000000186e+02 4.145699999999999932e+02
3.828609999999999900e+02 4.246759999999999877e+02
3.862300000000000182e+02 4.339399999999999977e+02
3.900199999999999818e+02 4.423620000000000232e+02
3.895980000000000132e+02 4.137280000000000086e+02
3.938090000000000259e+02 4.242549999999999955e+02
3.988629999999999995e+02 4.301499999999999773e+02
4.030729999999999791e+02 4.347819999999999823e+02
