3.686320000000000050e+02 3.924039999999999964e+02
3.530760000000000218e+02 3.981349999999999909e+02
3.383399999999999750e+02 4.063220000000000027e+02
3.367019999999999982e+02 4.177839999999999918e+02
3.338369999999999891e+02 4.292459999999999809e+02
3.522579999999999814e+02 4.128720000000000141e+02
3.518480000000000132e+02 4.271990000000000123e+02
3.498020000000000209e+02 4.366139999999999759e+02
3.502110000000000127e+02 4.452110000000000127e+02
3.649479999999999791e+02 4.141000000000000227e+02
3.637200000000000273e+02 4.280179999999999723e+02
3.649479999999999791e+02 4.378419999999999845e+02
3.657660000000000196e+02 4.476669999999999732e+02
3.751820000000000164e+02 4.153279999999999745e+02
3.735439999999999827e+02 4.267900000000000205e+02
3.755910000000000082e+02 4.366139999999999759e+02
3.764100000000000250e+02 4.452110000000000127e+02
3.845969999999999800e+02 4.177839999999999918e+02
3.858249999999999886e+02 4.271990000000000123e+02
3.891000000000000227e+02 4.325210000000000150e+02
3.919649999999999750e+02 4.382520000000000095e+02
