3.662869999999999777e+02 3.925779999999999745e+02
3.514239999999999782e+02 3.955500000000000114e+02
3.374110000000000014e+02 4.023450000000000273e+02
3.306159999999999854e+02 4.150840000000000032e+02
3.229719999999999800e+02 4.227280000000000086e+02
3.505749999999999886e+02 4.138100000000000023e+02
3.493009999999999877e+02 4.252760000000000105e+02
3.471779999999999973e+02 4.329189999999999827e+02
3.476019999999999754e+02 4.405629999999999882e+02
3.624649999999999750e+02 4.155090000000000146e+02
3.641639999999999873e+02 4.256999999999999886e+02
3.641639999999999873e+02 4.350430000000000064e+02
3.671360000000000241e+02 4.426859999999999786e+02
3.730810000000000173e+02 4.159329999999999927e+02
3.777520000000000095e+02 4.290980000000000132e+02
3.794510000000000218e+02 4.358919999999999959e+02
3.807250000000000227e+02 4.426859999999999786e+02
3.832730000000000246e+02 4.163580000000000041e+02
3.892180000000000177e+02 4.244259999999999877e+02
3.947379999999999995e+02 4.290980000000000132e+02
3.981360000000000241e+02 4.329189999999999827e+02
