3.716809999999999832e+02 3.950289999999999964e+02
3.576299999999999955e+02 4.026569999999999823e+02
3.435790000000000077e+02 4.126929999999999836e+02
3.455869999999999891e+02 4.231309999999999718e+02
3.459879999999999995e+02 4.335690000000000168e+02
3.612429999999999950e+02 4.259409999999999741e+02
3.608419999999999845e+02 4.327660000000000196e+02
3.580319999999999823e+02 4.419990000000000236e+02
3.556229999999999905e+02 4.504289999999999736e+02
3.728849999999999909e+02 4.231309999999999718e+02
3.764979999999999905e+02 4.335690000000000168e+02
3.809139999999999873e+02 4.452110000000000127e+02
3.873369999999999891e+02 4.516340000000000146e+02
3.837239999999999895e+02 4.195179999999999723e+02
3.865350000000000250e+02 4.315609999999999786e+02
3.905489999999999782e+02 4.419990000000000236e+02
3.957679999999999723e+02 4.488240000000000123e+02
3.933589999999999804e+02 4.179119999999999777e+02
3.969719999999999800e+02 4.295539999999999736e+02
4.001840000000000259e+02 4.359769999999999754e+02
4.037970000000000255e+02 4.419990000000000236e+02
