3.763990000000000009e+02 2.491649999999999920e+02
3.670439999999999827e+02 2.384070000000000107e+02
3.609630000000000223e+02 2.229710000000000036e+02
3.502040000000000077e+02 2.089379999999999882e+02
3.380430000000000064e+02 2.042599999999999909e+02
3.721890000000000214e+02 2.094060000000000059e+02
3.576890000000000214e+02 2.000500000000000114e+02
3.488009999999999877e+02 1.930339999999999918e+02
3.445910000000000082e+02 1.850819999999999936e+02
3.787379999999999995e+02 2.108089999999999975e+02
3.614309999999999832e+02 2.005180000000000007e+02
3.530110000000000241e+02 1.949050000000000011e+02
3.478659999999999854e+02 1.897599999999999909e+02
3.834150000000000205e+02 2.126800000000000068e+02
3.689150000000000205e+02 2.042599999999999909e+02
3.618980000000000246e+02 2.009859999999999900e+02
3.539460000000000264e+02 1.972439999999999998e+02
3.857540000000000191e+02 2.178249999999999886e+02
3.740600000000000023e+02 2.084699999999999989e+02
3.689150000000000205e+02 2.065989999999999895e+02
3.642370000000000232e+02 2.028569999999999993e+02
