3.649800000000000182e+02 2.255480000000000018e+02
3.654499999999999886e+02 2.203760000000000048e+02
3.692119999999999891e+02 2.090920000000000130e+02
3.739130000000000109e+02 1.898149999999999977e+02
3.687420000000000186e+02 1.973379999999999939e+02
3.696820000000000164e+02 1.921659999999999968e+02
3.692119999999999891e+02 1.766500000000000057e+02
3.715629999999999882e+02 1.677170000000000130e+02
3.725029999999999859e+02 1.573729999999999905e+02
3.692119999999999891e+02 1.916959999999999980e+02
3.701519999999999868e+02 1.757100000000000080e+02
3.725029999999999859e+02 1.639550000000000125e+02
3.748539999999999850e+02 1.536109999999999900e+02
3.687420000000000186e+02 1.945169999999999959e+02
3.720330000000000155e+02 1.799410000000000025e+02
3.739130000000000109e+02 1.705380000000000109e+02
3.767350000000000136e+02 1.606639999999999873e+02
3.692119999999999891e+02 1.978079999999999927e+02
3.729730000000000132e+02 1.888750000000000000e+02
3.757939999999999827e+02 1.832319999999999993e+02
3.767350000000000136e+02 1.761800000000000068e+02
