3.639270000000000209e+02 3.929730000000000132e+02
3.502019999999999982e+02 3.967169999999999845e+02
3.373079999999999927e+02 4.042040000000000077e+02
3.352280000000000086e+02 4.154340000000000259e+02
3.385550000000000068e+02 4.299909999999999854e+02
3.522810000000000059e+02 4.133539999999999850e+02
3.514490000000000123e+02 4.295760000000000218e+02
3.543609999999999900e+02 4.395579999999999927e+02
3.601840000000000259e+02 4.462130000000000223e+02
3.635110000000000241e+02 4.137699999999999818e+02
3.639270000000000209e+02 4.299909999999999854e+02
3.672549999999999955e+02 4.408059999999999832e+02
3.709979999999999905e+02 4.466290000000000191e+02
3.734940000000000282e+02 4.129379999999999882e+02
3.739100000000000250e+02 4.274959999999999809e+02
3.755740000000000123e+02 4.366460000000000150e+02
3.780690000000000168e+02 4.449649999999999750e+02
3.813969999999999914e+02 4.146019999999999754e+02
3.826440000000000055e+02 4.262479999999999905e+02
3.843079999999999927e+02 4.329030000000000200e+02
3.863879999999999768e+02 4.387259999999999991e+02
