3.806859999999999786e+02 3.925000000000000000e+02
3.682629999999999768e+02 3.966410000000000196e+02
3.566680000000000064e+02 4.036809999999999832e+02
3.537699999999999818e+02 4.144479999999999791e+02
3.550120000000000005e+02 4.281129999999999995e+02
3.699200000000000159e+02 4.144479999999999791e+02
3.728179999999999836e+02 4.268709999999999809e+02
3.732330000000000041e+02 4.363949999999999818e+02
3.765450000000000159e+02 4.442629999999999768e+02
3.815149999999999864e+02 4.144479999999999791e+02
3.839990000000000236e+02 4.260419999999999732e+02
3.868980000000000246e+02 4.380509999999999877e+02
3.931100000000000136e+02 4.459189999999999827e+02
3.922810000000000059e+02 4.144479999999999791e+02
3.939379999999999882e+02 4.227300000000000182e+02
3.980790000000000077e+02 4.334959999999999809e+02
4.022200000000000273e+02 4.438489999999999895e+02
4.026340000000000146e+02 4.140330000000000155e+02
4.067749999999999773e+02 4.243860000000000241e+02
4.109159999999999968e+02 4.297690000000000055e+02
4.158849999999999909e+02 4.359809999999999945e+02
