3.700880000000000223e+02 3.945110000000000241e+02
3.558439999999999941e+02 3.986999999999999886e+02
3.424379999999999882e+02 4.079169999999999732e+02
3.357350000000000136e+02 4.188090000000000259e+02
3.290319999999999823e+02 4.280260000000000105e+02
3.575199999999999818e+02 4.175520000000000209e+02
3.591960000000000264e+02 4.284449999999999932e+02
3.596150000000000091e+02 4.384990000000000236e+02
3.629660000000000082e+02 4.456209999999999809e+02
3.696689999999999827e+02 4.183899999999999864e+02
3.726019999999999754e+02 4.292830000000000155e+02
3.742780000000000200e+02 4.418509999999999991e+02
3.797239999999999895e+02 4.481349999999999909e+02
3.793050000000000068e+02 4.179710000000000036e+02
3.801429999999999723e+02 4.280260000000000105e+02
3.860079999999999814e+02 4.372429999999999950e+02
3.897789999999999964e+02 4.452019999999999982e+02
3.893600000000000136e+02 4.162959999999999923e+02
3.939680000000000177e+02 4.255120000000000005e+02
3.994139999999999873e+02 4.313770000000000095e+02
4.040230000000000246e+02 4.359859999999999900e+02
