3.715450000000000159e+02 3.996019999999999754e+02
3.581220000000000141e+02 4.069239999999999782e+02
3.434780000000000086e+02 4.138389999999999986e+02
3.316820000000000164e+02 4.227880000000000109e+02
3.190720000000000027e+02 4.260419999999999732e+02
3.621899999999999977e+02 4.292959999999999923e+02
3.560880000000000223e+02 4.358039999999999736e+02
3.536469999999999914e+02 4.443460000000000036e+02
3.548679999999999950e+02 4.484139999999999873e+02
3.756129999999999995e+02 4.272620000000000005e+02
3.764259999999999877e+02 4.325500000000000114e+02
3.682909999999999968e+02 4.297029999999999745e+02
3.870020000000000095e+02 4.512620000000000005e+02
3.870020000000000095e+02 4.264490000000000123e+02
3.865960000000000036e+02 4.288890000000000100e+02
3.780529999999999973e+02 4.276689999999999827e+02
3.870020000000000095e+02 4.516680000000000064e+02
4.000190000000000055e+02 4.272620000000000005e+02
4.073410000000000082e+02 4.292959999999999923e+02
3.951379999999999768e+02 4.301100000000000136e+02
3.971720000000000255e+02 4.280760000000000218e+02
