3.680559999999999832e+02 3.955600000000000023e+02
3.528779999999999859e+02 4.007420000000000186e+02
3.402909999999999968e+02 4.081460000000000150e+02
3.343679999999999950e+02 4.185120000000000005e+02
3.280740000000000123e+02 4.255459999999999923e+02
3.573199999999999932e+02 4.166610000000000014e+02
3.610219999999999914e+02 4.273969999999999914e+02
3.610219999999999914e+02 4.373919999999999959e+02
3.639839999999999804e+02 4.447959999999999923e+02
3.695369999999999777e+02 4.162909999999999968e+02
3.728690000000000282e+02 4.273969999999999914e+02
3.754599999999999795e+02 4.392429999999999950e+02
3.806429999999999723e+02 4.459069999999999823e+02
3.787919999999999732e+02 4.140699999999999932e+02
3.799019999999999868e+02 4.259159999999999968e+02
3.865659999999999741e+02 4.344309999999999832e+02
3.902679999999999723e+02 4.433149999999999977e+02
3.895280000000000200e+02 4.133290000000000077e+02
3.936000000000000227e+02 4.233249999999999886e+02
3.991530000000000200e+02 4.288779999999999859e+02
4.028550000000000182e+02 4.344309999999999832e+02
