3.744490000000000123e+02 3.936070000000000277e+02
3.597459999999999809e+02 3.989159999999999968e+02
3.446360000000000241e+02 4.074920000000000186e+02
3.372839999999999918e+02 4.193360000000000127e+02
3.303419999999999845e+02 4.279119999999999777e+02
3.572959999999999923e+02 4.115760000000000218e+02
3.564789999999999850e+02 4.275040000000000191e+02
3.528029999999999973e+02 4.368969999999999914e+02
3.511700000000000159e+02 4.466990000000000123e+02
3.699560000000000173e+02 4.160690000000000168e+02
3.695480000000000018e+02 4.299540000000000077e+02
3.670969999999999800e+02 4.401639999999999873e+02
3.666890000000000214e+02 4.495570000000000164e+02
3.797579999999999814e+02 4.177019999999999982e+02
3.818000000000000114e+02 4.324049999999999727e+02
3.826170000000000186e+02 4.405729999999999791e+02
3.818000000000000114e+02 4.475149999999999864e+02
3.895590000000000259e+02 4.181109999999999900e+02
3.936429999999999723e+02 4.279119999999999777e+02
3.985439999999999827e+02 4.344470000000000027e+02
4.014030000000000200e+02 4.397559999999999718e+02
