3.662719999999999914e+02 2.551620000000000061e+02
3.549510000000000218e+02 2.448259999999999934e+02
3.505210000000000150e+02 2.315370000000000061e+02
3.539660000000000082e+02 2.187390000000000043e+02
3.539660000000000082e+02 2.084029999999999916e+02
3.707010000000000218e+02 2.202160000000000082e+02
3.741469999999999914e+02 2.049569999999999936e+02
3.682400000000000091e+02 2.015120000000000005e+02
3.638100000000000023e+02 2.015120000000000005e+02
3.790690000000000168e+02 2.216920000000000073e+02
3.830070000000000050e+02 2.044650000000000034e+02
3.741469999999999914e+02 2.039730000000000132e+02
3.682400000000000091e+02 2.059420000000000073e+02
3.859599999999999795e+02 2.246459999999999866e+02
3.894049999999999727e+02 2.064339999999999975e+02
3.820219999999999914e+02 2.084029999999999916e+02
3.736549999999999727e+02 2.093870000000000005e+02
3.908820000000000050e+02 2.285829999999999984e+02
3.938349999999999795e+02 2.162779999999999916e+02
3.864519999999999982e+02 2.143089999999999975e+02
3.800529999999999973e+02 2.187390000000000043e+02
