3.793059999999999832e+02 1.872649999999999864e+02
3.663740000000000236e+02 1.852750000000000057e+02
3.494639999999999986e+02 1.798040000000000020e+02
3.355380000000000109e+02 1.748309999999999889e+02
3.231039999999999850e+02 1.683650000000000091e+02
3.633899999999999864e+02 1.569259999999999877e+02
3.579189999999999827e+02 1.405130000000000052e+02
3.464800000000000182e+02 1.365339999999999918e+02
3.370299999999999727e+02 1.370310000000000059e+02
3.693589999999999804e+02 1.544389999999999930e+02
3.579189999999999827e+02 1.375289999999999964e+02
3.454850000000000136e+02 1.355389999999999873e+02
3.350409999999999968e+02 1.365339999999999918e+02
3.733369999999999891e+02 1.529470000000000027e+02
3.614010000000000105e+02 1.370310000000000059e+02
3.479719999999999800e+02 1.355389999999999873e+02
3.395169999999999959e+02 1.365339999999999918e+02
3.758240000000000123e+02 1.524499999999999886e+02
3.638879999999999768e+02 1.390209999999999866e+02
3.574220000000000255e+02 1.365339999999999918e+02
3.494639999999999986e+02 1.365339999999999918e+02
