3.680249999999999773e+02 3.954569999999999936e+02
3.530330000000000155e+02 4.004549999999999841e+02
3.403469999999999800e+02 4.077579999999999814e+02
3.345810000000000173e+02 4.181379999999999768e+02
3.280459999999999923e+02 4.254409999999999741e+02
3.576460000000000150e+02 4.185219999999999914e+02
3.614900000000000091e+02 4.281320000000000050e+02
3.618740000000000236e+02 4.369739999999999895e+02
3.645649999999999977e+02 4.442780000000000200e+02
3.703310000000000173e+02 4.181379999999999768e+02
3.737909999999999968e+02 4.281320000000000050e+02
3.753290000000000077e+02 4.396650000000000205e+02
3.799409999999999741e+02 4.450470000000000255e+02
3.799409999999999741e+02 4.169839999999999804e+02
3.830169999999999959e+02 4.265950000000000273e+02
3.864769999999999754e+02 4.350520000000000209e+02
3.895520000000000209e+02 4.431250000000000000e+02
3.895520000000000209e+02 4.150620000000000118e+02
3.949340000000000259e+02 4.235190000000000055e+02
3.987780000000000200e+02 4.292860000000000014e+02
4.033910000000000196e+02 4.346669999999999732e+02
