3.658120000000000118e+02 3.931730000000000018e+02
3.502760000000000105e+02 3.969519999999999982e+02
3.368389999999999986e+02 4.040899999999999750e+02
3.301200000000000045e+02 4.141680000000000064e+02
3.225620000000000118e+02 4.234060000000000059e+02
3.511150000000000091e+02 4.187869999999999777e+02
3.490160000000000196e+02 4.263450000000000273e+02
3.469159999999999968e+02 4.343240000000000123e+02
3.481759999999999877e+02 4.410419999999999732e+02
3.628729999999999905e+02 4.171070000000000277e+02
3.641329999999999814e+02 4.255059999999999718e+02
3.645520000000000209e+02 4.347429999999999950e+02
3.662320000000000277e+02 4.435620000000000118e+02
3.729510000000000218e+02 4.166879999999999882e+02
3.758899999999999864e+02 4.250860000000000127e+02
3.788290000000000077e+02 4.334839999999999804e+02
3.800889999999999986e+02 4.427219999999999800e+02
3.830280000000000200e+02 4.162679999999999723e+02
3.893269999999999982e+02 4.238260000000000218e+02
3.943659999999999854e+02 4.292850000000000250e+02
3.989850000000000136e+02 4.334839999999999804e+02
