3.757309999999999945e+02 3.913260000000000218e+02
3.600310000000000059e+02 3.979370000000000118e+02
3.455699999999999932e+02 4.070260000000000105e+02
3.377200000000000273e+02 4.185950000000000273e+02
3.298700000000000045e+02 4.276840000000000259e+02
3.571390000000000100e+02 4.136370000000000005e+02
3.558990000000000009e+02 4.285110000000000241e+02
3.521809999999999832e+02 4.380129999999999768e+02
3.509409999999999741e+02 4.466899999999999977e+02
3.699470000000000027e+02 4.173550000000000182e+02
3.695330000000000155e+02 4.314030000000000200e+02
3.666410000000000196e+02 4.409049999999999727e+02
3.666410000000000196e+02 4.491689999999999827e+02
3.798620000000000232e+02 4.185950000000000273e+02
3.819279999999999973e+02 4.338820000000000050e+02
3.823410000000000082e+02 4.409049999999999727e+02
3.815149999999999864e+02 4.475160000000000196e+02
3.897780000000000200e+02 4.198340000000000032e+02
3.947359999999999900e+02 4.285110000000000241e+02
3.984540000000000077e+02 4.342950000000000159e+02
4.013469999999999800e+02 4.392529999999999859e+02
