3.623129999999999882e+02 2.441080000000000041e+02
3.505409999999999968e+02 2.365740000000000123e+02
3.430079999999999814e+02 2.215060000000000002e+02
3.425369999999999777e+02 2.087930000000000064e+02
3.401820000000000164e+02 1.979629999999999939e+02
3.557210000000000036e+02 2.054970000000000141e+02
3.608999999999999773e+02 1.880749999999999886e+02
3.585459999999999923e+02 1.843089999999999975e+02
3.618419999999999845e+02 1.763040000000000020e+02
3.660799999999999841e+02 2.059679999999999893e+02
3.712590000000000146e+02 1.885459999999999923e+02
3.703179999999999836e+02 1.814830000000000041e+02
3.693759999999999764e+02 1.800709999999999980e+02
3.736139999999999759e+02 2.092640000000000100e+02
3.787930000000000064e+02 1.951380000000000052e+02
3.792640000000000100e+02 1.913710000000000093e+02
3.778509999999999991e+02 1.941970000000000027e+02
3.787930000000000064e+02 2.139730000000000132e+02
3.844429999999999836e+02 2.054970000000000141e+02
3.863269999999999982e+02 2.026719999999999970e+02
3.886809999999999832e+02 2.026719999999999970e+02
