3.654460000000000264e+02 3.943290000000000077e+02
3.523469999999999800e+02 3.992420000000000186e+02
3.384279999999999973e+02 4.066100000000000136e+02
3.363809999999999718e+02 4.168439999999999941e+02
3.347440000000000282e+02 4.295350000000000250e+02
3.515280000000000200e+02 4.123410000000000082e+02
3.515280000000000200e+02 4.291250000000000000e+02
3.482529999999999859e+02 4.393589999999999804e+02
3.511190000000000282e+02 4.463190000000000168e+02
3.642180000000000177e+02 4.135690000000000168e+02
3.638090000000000259e+02 4.287160000000000082e+02
3.642180000000000177e+02 4.393589999999999804e+02
3.658559999999999945e+02 4.475470000000000255e+02
3.744519999999999982e+02 4.139789999999999850e+02
3.728149999999999977e+02 4.270779999999999745e+02
3.748620000000000232e+02 4.377219999999999800e+02
3.769089999999999918e+02 4.459089999999999918e+02
3.842769999999999868e+02 4.164350000000000023e+02
3.863240000000000123e+02 4.266689999999999827e+02
3.891890000000000214e+02 4.332189999999999941e+02
3.916460000000000150e+02 4.389499999999999886e+02
