3.740439999999999827e+02 3.940819999999999936e+02
3.597420000000000186e+02 3.982880000000000109e+02
3.450179999999999723e+02 4.071220000000000141e+02
3.412320000000000277e+02 4.189010000000000105e+02
3.349220000000000255e+02 4.289970000000000141e+02
3.580590000000000259e+02 4.159560000000000173e+02
3.610040000000000191e+02 4.302590000000000146e+02
3.618450000000000273e+02 4.411960000000000264e+02
3.656309999999999718e+02 4.479270000000000209e+02
3.711000000000000227e+02 4.159560000000000173e+02
3.732029999999999745e+02 4.327830000000000155e+02
3.769889999999999759e+02 4.433000000000000114e+02
3.824580000000000268e+02 4.491890000000000214e+02
3.816159999999999854e+02 4.155360000000000014e+02
3.820369999999999777e+02 4.311000000000000227e+02
3.862440000000000282e+02 4.411960000000000264e+02
3.908709999999999809e+02 4.479270000000000209e+02
3.912919999999999732e+02 4.172180000000000177e+02
3.946569999999999823e+02 4.281560000000000059e+02
3.984429999999999836e+02 4.336240000000000236e+02
4.018079999999999927e+02 4.386720000000000255e+02
