3.615140000000000100e+02 4.117559999999999718e+02
3.451870000000000118e+02 4.182110000000000127e+02
3.318980000000000246e+02 4.269440000000000168e+02
3.258229999999999791e+02 4.368159999999999741e+02
3.197479999999999905e+02 4.459279999999999973e+02
3.493639999999999759e+02 4.368159999999999741e+02
3.497429999999999950e+02 4.478260000000000218e+02
3.493639999999999759e+02 4.576979999999999791e+02
3.486039999999999850e+02 4.664309999999999832e+02
3.630319999999999823e+02 4.368159999999999741e+02
3.653109999999999786e+02 4.459279999999999973e+02
3.672090000000000032e+02 4.603559999999999945e+02
3.706259999999999764e+02 4.694689999999999941e+02
3.744230000000000018e+02 4.345369999999999777e+02
3.793589999999999804e+02 4.459279999999999973e+02
3.835350000000000250e+02 4.576979999999999791e+02
3.861929999999999836e+02 4.664309999999999832e+02
3.861929999999999836e+02 4.352970000000000255e+02
3.930280000000000200e+02 4.432699999999999818e+02
4.002420000000000186e+02 4.489660000000000082e+02
4.063170000000000073e+02 4.546610000000000014e+02
