3.707280000000000086e+02 3.929039999999999964e+02
3.566220000000000141e+02 3.963240000000000123e+02
3.433700000000000045e+02 4.031639999999999873e+02
3.403779999999999859e+02 4.129950000000000045e+02
3.365310000000000059e+02 4.236820000000000164e+02
3.553389999999999986e+02 4.104309999999999832e+02
3.570489999999999782e+02 4.232549999999999955e+02
3.583310000000000173e+02 4.335140000000000100e+02
3.626059999999999945e+02 4.412080000000000268e+02
3.673079999999999927e+02 4.121399999999999864e+02
3.681630000000000109e+02 4.241100000000000136e+02
3.703000000000000114e+02 4.352239999999999895e+02
3.737200000000000273e+02 4.437730000000000246e+02
3.775670000000000073e+02 4.129950000000000045e+02
3.775670000000000073e+02 4.219719999999999800e+02
3.788500000000000227e+02 4.335140000000000100e+02
3.805600000000000023e+02 4.424909999999999854e+02
3.873990000000000009e+02 4.134230000000000018e+02
3.882540000000000191e+02 4.232549999999999955e+02
3.903910000000000196e+02 4.296669999999999732e+02
3.912459999999999809e+02 4.343690000000000282e+02
