3.955090000000000146e+02 2.678639999999999759e+02
3.844270000000000209e+02 2.668999999999999773e+02
3.694900000000000091e+02 2.664189999999999827e+02
3.540710000000000264e+02 2.640090000000000146e+02
3.396159999999999854e+02 2.649730000000000132e+02
3.762359999999999900e+02 2.953290000000000077e+02
3.593709999999999809e+02 3.054479999999999791e+02
3.468430000000000177e+02 3.035210000000000150e+02
3.381700000000000159e+02 2.982200000000000273e+02
3.738260000000000218e+02 3.011109999999999900e+02
3.579259999999999877e+02 3.078570000000000277e+02
3.453980000000000246e+02 3.020749999999999886e+02
3.357610000000000241e+02 2.958109999999999786e+02
3.718990000000000009e+02 3.001480000000000246e+02
3.579259999999999877e+02 3.059300000000000068e+02
3.458799999999999955e+02 3.015930000000000177e+02
3.376879999999999882e+02 2.943659999999999854e+02
3.704540000000000077e+02 2.987019999999999982e+02
3.574440000000000168e+02 3.020749999999999886e+02
3.497339999999999804e+02 2.987019999999999982e+02
3.396159999999999854e+02 2.938840000000000146e+02
