3.666320000000000050e+02 2.537539999999999907e+02
3.554039999999999964e+02 2.469199999999999875e+02
3.480810000000000173e+02 2.337390000000000043e+02
3.480810000000000173e+02 2.205579999999999927e+02
3.466170000000000186e+02 2.103060000000000116e+02
3.700489999999999782e+02 2.181169999999999902e+02
3.720020000000000095e+02 2.024960000000000093e+02
3.705369999999999777e+02 1.961490000000000009e+02
3.646789999999999736e+02 1.946850000000000023e+02
3.788360000000000127e+02 2.186049999999999898e+02
3.807889999999999873e+02 2.024960000000000093e+02
3.749309999999999832e+02 1.976140000000000043e+02
3.705369999999999777e+02 1.971260000000000048e+02
3.861589999999999918e+02 2.220229999999999961e+02
3.861589999999999918e+02 2.064010000000000105e+02
3.827420000000000186e+02 2.020070000000000050e+02
3.768840000000000146e+02 2.020070000000000050e+02
3.905529999999999973e+02 2.259279999999999973e+02
3.934820000000000277e+02 2.142119999999999891e+02
3.900640000000000214e+02 2.093300000000000125e+02
3.851829999999999927e+02 2.073770000000000095e+02
