3.628690000000000282e+02 2.442740000000000009e+02
3.510969999999999800e+02 2.390939999999999941e+02
3.435629999999999882e+02 2.240260000000000105e+02
3.435629999999999882e+02 2.099000000000000057e+02
3.412090000000000032e+02 1.985980000000000132e+02
3.558059999999999832e+02 2.084869999999999948e+02
3.586309999999999718e+02 1.891810000000000116e+02
3.591019999999999754e+02 1.764670000000000130e+02
3.591019999999999754e+02 1.661069999999999993e+02
3.656949999999999932e+02 2.084869999999999948e+02
3.666360000000000241e+02 1.868259999999999934e+02
3.671070000000000277e+02 1.722290000000000134e+02
3.675779999999999745e+02 1.613990000000000009e+02
3.732289999999999850e+02 2.099000000000000057e+02
3.746410000000000196e+02 1.905929999999999893e+02
3.760539999999999736e+02 1.769379999999999882e+02
3.769959999999999809e+02 1.665780000000000030e+02
3.807629999999999768e+02 2.131959999999999980e+02
3.850009999999999764e+02 1.985980000000000132e+02
3.878260000000000218e+02 1.905929999999999893e+02
3.892389999999999759e+02 1.830589999999999975e+02
