3.615470000000000255e+02 2.433660000000000139e+02
3.503720000000000141e+02 2.359159999999999968e+02
3.452500000000000000e+02 2.210149999999999864e+02
3.494409999999999741e+02 2.037870000000000061e+02
3.568910000000000196e+02 1.921459999999999866e+02
3.540969999999999800e+02 2.061150000000000091e+02
3.606159999999999854e+02 1.916810000000000116e+02
3.601510000000000105e+02 1.902839999999999918e+02
3.610819999999999936e+02 1.907489999999999952e+02
3.643410000000000082e+02 2.075120000000000005e+02
3.689979999999999905e+02 1.907489999999999952e+02
3.689979999999999905e+02 1.902839999999999918e+02
3.680659999999999741e+02 1.958710000000000093e+02
3.736539999999999964e+02 2.103060000000000116e+02
3.787760000000000105e+02 1.940089999999999861e+02
3.764479999999999791e+02 1.949399999999999977e+02
3.727230000000000132e+02 2.023899999999999864e+02
3.806379999999999768e+02 2.140310000000000059e+02
3.866920000000000073e+02 2.023899999999999864e+02
3.834320000000000164e+02 2.014590000000000032e+02
3.792409999999999854e+02 2.061150000000000091e+02
