3.860880000000000223e+02 2.886549999999999727e+02
3.903319999999999936e+02 2.787509999999999764e+02
3.898600000000000136e+02 2.660190000000000055e+02
3.837300000000000182e+02 2.542290000000000134e+02
3.823149999999999977e+02 2.419679999999999893e+02
3.865590000000000259e+02 2.848820000000000050e+02
3.794859999999999900e+02 2.910120000000000005e+02
3.747699999999999818e+02 2.957280000000000086e+02
3.681680000000000064e+02 2.999719999999999800e+02
3.780710000000000264e+02 2.952570000000000050e+02
3.667529999999999859e+02 3.009159999999999968e+02
3.577930000000000064e+02 3.070459999999999923e+02
3.497760000000000105e+02 3.136480000000000246e+02
3.705260000000000105e+02 2.966709999999999923e+02
3.582640000000000100e+02 3.037450000000000045e+02
3.526050000000000182e+02 3.098759999999999764e+02
3.474180000000000064e+02 3.160059999999999718e+02
3.606220000000000141e+02 2.971429999999999723e+02
3.450600000000000023e+02 3.013870000000000005e+02
3.361000000000000227e+02 3.046879999999999882e+02
3.313840000000000146e+02 3.117620000000000005e+02
