3.802239999999999895e+02 2.954399999999999977e+02
3.716490000000000009e+02 2.887699999999999818e+02
3.640260000000000105e+02 2.735249999999999773e+02
3.640260000000000105e+02 2.582799999999999727e+02
3.597389999999999759e+02 2.458940000000000055e+02
3.702189999999999941e+02 2.578039999999999736e+02
3.673609999999999900e+02 2.396999999999999886e+02
3.640260000000000105e+02 2.363660000000000139e+02
3.625969999999999800e+02 2.435120000000000005e+02
3.787950000000000159e+02 2.582799999999999727e+02
3.830819999999999936e+02 2.358890000000000100e+02
3.830819999999999936e+02 2.239790000000000134e+02
3.830819999999999936e+02 2.120689999999999884e+02
3.873700000000000045e+02 2.597090000000000032e+02
3.940400000000000205e+02 2.406529999999999916e+02
3.954689999999999941e+02 2.273139999999999930e+02
3.978509999999999991e+02 2.158799999999999955e+02
3.954689999999999941e+02 2.654259999999999877e+02
4.021379999999999768e+02 2.516109999999999900e+02
4.059499999999999886e+02 2.430349999999999966e+02
4.097610000000000241e+02 2.349360000000000070e+02
