3.740099999999999909e+02 2.540099999999999909e+02
3.588899999999999864e+02 2.459770000000000039e+02
3.428249999999999886e+02 2.327470000000000141e+02
3.305400000000000205e+02 2.247150000000000034e+02
3.173100000000000023e+02 2.195169999999999959e+02
3.626700000000000159e+02 2.124300000000000068e+02
3.584169999999999732e+02 1.940029999999999859e+02
3.546370000000000005e+02 1.803000000000000114e+02
3.513299999999999841e+02 1.684879999999999995e+02
3.744820000000000277e+02 2.129029999999999916e+02
3.810969999999999800e+02 1.902230000000000132e+02
3.848770000000000095e+02 1.751030000000000086e+02
3.886569999999999823e+02 1.637630000000000052e+02
3.853500000000000227e+02 2.166819999999999879e+02
3.966890000000000214e+02 1.963650000000000091e+02
4.023589999999999804e+02 1.845529999999999973e+02
4.075570000000000164e+02 1.736850000000000023e+02
3.938550000000000182e+02 2.242419999999999902e+02
4.085020000000000095e+02 2.157369999999999948e+02
4.188969999999999914e+02 2.105399999999999920e+02
4.269289999999999736e+02 2.058149999999999977e+02
