3.659189999999999827e+02 3.991480000000000246e+02
3.756039999999999850e+02 4.151510000000000105e+02
3.322300000000000182e+02 4.092549999999999955e+02
3.153860000000000241e+02 4.126240000000000236e+02
3.014889999999999759e+02 4.117819999999999823e+02
3.389680000000000177e+02 4.130450000000000159e+02
3.385470000000000255e+02 4.282049999999999841e+02
3.343360000000000127e+02 4.341000000000000227e+02
3.297029999999999745e+02 4.429440000000000168e+02
3.520219999999999914e+02 4.193620000000000232e+02
3.423369999999999891e+02 4.273629999999999995e+02
3.381259999999999764e+02 4.294680000000000177e+02
3.385470000000000255e+02 4.294680000000000177e+02
3.579180000000000064e+02 4.176770000000000209e+02
3.528639999999999759e+02 4.269420000000000073e+02
3.494950000000000045e+02 4.231519999999999868e+02
3.524429999999999836e+02 4.168349999999999795e+02
3.646549999999999727e+02 4.096759999999999877e+02
3.537069999999999936e+02 4.260989999999999895e+02
3.621290000000000191e+02 4.138870000000000005e+02
3.621290000000000191e+02 4.130450000000000159e+02
