3.552470000000000141e+02 2.825899999999999750e+02
3.433960000000000150e+02 2.726360000000000241e+02
3.353369999999999891e+02 2.603109999999999786e+02
3.301229999999999905e+02 2.531999999999999886e+02
3.230129999999999768e+02 2.456160000000000139e+02
3.547730000000000246e+02 2.404010000000000105e+02
3.358120000000000118e+02 2.342390000000000043e+02
3.234870000000000232e+02 2.356610000000000014e+02
3.154279999999999973e+02 2.380310000000000059e+02
3.609350000000000023e+02 2.451419999999999959e+02
3.362860000000000014e+02 2.408750000000000000e+02
3.196940000000000168e+02 2.413489999999999895e+02
3.102139999999999986e+02 2.437199999999999989e+02
3.633050000000000068e+02 2.522520000000000095e+02
3.386560000000000059e+02 2.451419999999999959e+02
3.220649999999999977e+02 2.441939999999999884e+02
3.121100000000000136e+02 2.451419999999999959e+02
3.614089999999999918e+02 2.603109999999999786e+02
3.433960000000000150e+02 2.541479999999999961e+02
3.310710000000000264e+02 2.513040000000000020e+02
3.230129999999999768e+02 2.479859999999999900e+02
