3.617339999999999804e+02 2.472760000000000105e+02
3.482169999999999845e+02 2.393530000000000086e+02
3.407599999999999909e+02 2.239720000000000084e+02
3.407599999999999909e+02 2.095229999999999961e+02
3.388949999999999818e+02 1.983369999999999891e+02
3.552080000000000268e+02 2.081250000000000000e+02
3.589370000000000118e+02 1.904139999999999873e+02
3.570729999999999791e+02 1.792280000000000086e+02
3.519460000000000264e+02 1.708379999999999939e+02
3.635980000000000132e+02 2.090569999999999879e+02
3.668609999999999900e+02 1.890159999999999911e+02
3.659279999999999973e+02 1.764310000000000116e+02
3.621999999999999886e+02 1.657110000000000127e+02
3.710550000000000068e+02 2.109219999999999970e+02
3.747839999999999918e+02 1.941430000000000007e+02
3.743179999999999836e+02 1.806260000000000048e+02
3.710550000000000068e+02 1.713040000000000020e+02
3.780470000000000255e+02 2.165149999999999864e+02
3.855040000000000191e+02 2.029979999999999905e+02
3.864359999999999786e+02 1.946090000000000089e+02
3.878349999999999795e+02 1.848209999999999980e+02
