3.792909999999999968e+02 2.542849999999999966e+02
3.915919999999999845e+02 2.433499999999999943e+02
4.038929999999999723e+02 2.305939999999999941e+02
4.134610000000000127e+02 2.223930000000000007e+02
4.234839999999999804e+02 2.205699999999999932e+02
3.747350000000000136e+02 2.160140000000000100e+02
3.747350000000000136e+02 1.982460000000000093e+02
3.747350000000000136e+02 1.845780000000000030e+02
3.747350000000000136e+02 1.740989999999999895e+02
3.624340000000000259e+02 2.201150000000000091e+02
3.533220000000000027e+02 1.991570000000000107e+02
3.487660000000000196e+02 1.864010000000000105e+02
3.432980000000000018e+02 1.772889999999999873e+02
3.533220000000000027e+02 2.260380000000000109e+02
3.391979999999999791e+02 2.105469999999999970e+02
3.314529999999999745e+02 2.028019999999999925e+02
3.241630000000000109e+02 1.950569999999999879e+02
3.473990000000000009e+02 2.351500000000000057e+02
3.341859999999999786e+02 2.310490000000000066e+02
3.250740000000000123e+02 2.292270000000000039e+02
3.168740000000000236e+02 2.274039999999999964e+02
