3.731870000000000118e+02 3.958199999999999932e+02
3.589399999999999977e+02 4.004289999999999736e+02
3.442749999999999773e+02 4.079710000000000036e+02
3.367320000000000277e+02 4.197040000000000077e+02
3.296089999999999804e+02 4.276650000000000205e+02
3.568450000000000273e+02 4.125810000000000173e+02
3.564259999999999877e+02 4.276650000000000205e+02
3.526549999999999727e+02 4.373029999999999973e+02
3.522359999999999900e+02 4.461019999999999754e+02
3.706730000000000018e+02 4.163519999999999754e+02
3.694159999999999968e+02 4.310179999999999723e+02
3.669019999999999868e+02 4.410740000000000123e+02
3.664830000000000041e+02 4.494549999999999841e+02
3.803100000000000023e+02 4.176089999999999804e+02
3.824060000000000059e+02 4.339510000000000218e+02
3.824060000000000059e+02 4.406549999999999727e+02
3.819870000000000232e+02 4.477789999999999964e+02
3.899479999999999791e+02 4.197040000000000077e+02
3.945570000000000164e+02 4.285040000000000191e+02
3.987470000000000141e+02 4.339510000000000218e+02
4.012620000000000005e+02 4.389789999999999850e+02
