3.676000000000000227e+02 2.448470000000000084e+02
3.783319999999999936e+02 2.331819999999999879e+02
3.890649999999999977e+02 2.191839999999999975e+02
3.960640000000000214e+02 2.037860000000000014e+02
4.035299999999999727e+02 1.930529999999999973e+02
3.792660000000000196e+02 2.070519999999999925e+02
3.787989999999999782e+02 1.907199999999999989e+02
3.773990000000000009e+02 1.823209999999999980e+02
3.746000000000000227e+02 1.799879999999999995e+02
3.703999999999999773e+02 2.079850000000000136e+02
3.699329999999999927e+02 1.879209999999999923e+02
3.643340000000000032e+02 1.809209999999999923e+02
3.629340000000000259e+02 1.785879999999999939e+02
3.610679999999999836e+02 2.107849999999999966e+02
3.596680000000000064e+02 1.916539999999999964e+02
3.559350000000000023e+02 1.851210000000000093e+02
3.540690000000000168e+02 1.851210000000000093e+02
3.526689999999999827e+02 2.145180000000000007e+02
3.512690000000000055e+02 2.000529999999999973e+02
3.489359999999999786e+02 1.944530000000000030e+02
3.484689999999999941e+02 1.925869999999999891e+02
