3.728100000000000023e+02 3.952850000000000250e+02
3.580869999999999891e+02 3.990710000000000264e+02
3.446270000000000095e+02 4.070629999999999882e+02
3.412620000000000005e+02 4.188410000000000082e+02
3.349519999999999982e+02 4.289359999999999786e+02
3.585079999999999814e+02 4.142139999999999986e+02
3.610319999999999823e+02 4.293570000000000277e+02
3.618729999999999905e+02 4.402930000000000064e+02
3.665000000000000000e+02 4.474440000000000168e+02
3.711270000000000095e+02 4.167379999999999995e+02
3.736510000000000105e+02 4.323009999999999877e+02
3.770160000000000196e+02 4.428170000000000073e+02
3.824839999999999804e+02 4.495470000000000255e+02
3.812219999999999800e+02 4.167379999999999995e+02
3.824839999999999804e+02 4.306190000000000282e+02
3.871109999999999900e+02 4.394519999999999982e+02
3.908969999999999914e+02 4.482850000000000250e+02
3.913179999999999836e+02 4.171580000000000155e+02
3.946829999999999927e+02 4.276739999999999782e+02
3.984680000000000177e+02 4.327219999999999800e+02
4.018330000000000268e+02 4.386109999999999900e+02
