3.719320000000000164e+02 2.470440000000000111e+02
3.751499999999999773e+02 2.327909999999999968e+02
3.769889999999999759e+02 2.153189999999999884e+02
3.746899999999999977e+02 1.996860000000000070e+02
3.723910000000000196e+02 1.868120000000000118e+02
3.719320000000000164e+02 2.047439999999999998e+02
3.627359999999999900e+02 1.854319999999999879e+02
3.572180000000000177e+02 1.725579999999999927e+02
3.507810000000000059e+02 1.624430000000000121e+02
3.654950000000000045e+02 2.102609999999999957e+02
3.567590000000000146e+02 1.900300000000000011e+02
3.507810000000000059e+02 1.780759999999999934e+02
3.461829999999999927e+02 1.698000000000000114e+02
3.581379999999999768e+02 2.157779999999999916e+02
3.507810000000000059e+02 1.964670000000000130e+02
3.475629999999999882e+02 1.840529999999999973e+02
3.466429999999999723e+02 1.725579999999999927e+02
3.517010000000000218e+02 2.217560000000000002e+02
3.461829999999999927e+02 2.070420000000000016e+02
3.448039999999999736e+02 1.978470000000000084e+02
3.434250000000000114e+02 1.891109999999999900e+02
