3.806340000000000146e+02 3.940830000000000268e+02
3.650439999999999827e+02 3.985960000000000036e+02
3.478129999999999882e+02 4.055699999999999932e+02
3.314030000000000200e+02 4.104929999999999950e+02
3.174540000000000077e+02 4.076209999999999809e+02
3.666850000000000023e+02 4.158260000000000218e+02
3.703779999999999859e+02 4.273140000000000214e+02
3.728389999999999986e+02 4.371600000000000250e+02
3.765310000000000059e+02 4.441340000000000146e+02
3.794030000000000200e+02 4.141850000000000023e+02
3.830950000000000273e+02 4.289549999999999841e+02
3.871979999999999791e+02 4.404420000000000073e+02
3.933519999999999754e+02 4.465960000000000036e+02
3.900699999999999932e+02 4.166469999999999914e+02
3.933519999999999754e+02 4.273140000000000214e+02
3.999159999999999968e+02 4.371600000000000250e+02
4.044289999999999736e+02 4.445439999999999827e+02
4.027880000000000109e+02 4.182880000000000109e+02
4.077110000000000127e+02 4.252620000000000005e+02
4.142749999999999773e+02 4.305960000000000036e+02
4.196080000000000041e+02 4.363389999999999986e+02
