3.806750000000000114e+02 3.927900000000000205e+02
3.685299999999999727e+02 3.969780000000000086e+02
3.563860000000000241e+02 4.045160000000000196e+02
3.492669999999999959e+02 4.166600000000000250e+02
3.387970000000000255e+02 4.212669999999999959e+02
3.697869999999999777e+02 4.154039999999999964e+02
3.718809999999999718e+02 4.267110000000000127e+02
3.731370000000000005e+02 4.363430000000000177e+02
3.760679999999999836e+02 4.434619999999999891e+02
3.823500000000000227e+02 4.162420000000000186e+02
3.852810000000000059e+02 4.267110000000000127e+02
3.873750000000000000e+02 4.380179999999999723e+02
3.928190000000000168e+02 4.455559999999999832e+02
3.928190000000000168e+02 4.162420000000000186e+02
3.940760000000000218e+02 4.241979999999999791e+02
3.978439999999999941e+02 4.342490000000000236e+02
4.020319999999999823e+02 4.442989999999999782e+02
4.024510000000000218e+02 4.149850000000000136e+02
4.066390000000000100e+02 4.246170000000000186e+02
4.108260000000000218e+02 4.300609999999999786e+02
4.150140000000000100e+02 4.355049999999999955e+02
