3.807060000000000173e+02 3.919809999999999945e+02
3.689830000000000041e+02 3.961680000000000064e+02
3.568419999999999845e+02 4.032850000000000250e+02
3.547479999999999905e+02 4.141709999999999923e+02
3.555860000000000127e+02 4.279870000000000232e+02
3.698199999999999932e+02 4.150079999999999814e+02
3.731700000000000159e+02 4.275679999999999836e+02
3.731700000000000159e+02 4.367789999999999964e+02
3.761009999999999991e+02 4.438960000000000150e+02
3.823809999999999718e+02 4.150079999999999814e+02
3.861490000000000009e+02 4.271499999999999773e+02
3.874049999999999727e+02 4.392909999999999968e+02
3.928469999999999800e+02 4.455710000000000264e+02
3.928469999999999800e+02 4.145889999999999986e+02
3.957780000000000200e+02 4.267309999999999945e+02
3.991270000000000095e+02 4.359420000000000073e+02
4.020579999999999927e+02 4.438960000000000150e+02
4.020579999999999927e+02 4.137520000000000095e+02
4.066630000000000109e+02 4.246370000000000005e+02
4.108500000000000227e+02 4.300799999999999841e+02
4.150369999999999777e+02 4.355230000000000246e+02
