3.697919999999999732e+02 3.946789999999999736e+02
3.556569999999999823e+02 3.993910000000000196e+02
3.419499999999999886e+02 4.079580000000000268e+02
3.355249999999999773e+02 4.190950000000000273e+02
3.286720000000000255e+02 4.276610000000000014e+02
3.582269999999999754e+02 4.173809999999999718e+02
3.590840000000000032e+02 4.285179999999999723e+02
3.595120000000000005e+02 4.383700000000000045e+02
3.629390000000000214e+02 4.460799999999999841e+02
3.697919999999999732e+02 4.178100000000000023e+02
3.723620000000000232e+02 4.289460000000000264e+02
3.736469999999999914e+02 4.413679999999999950e+02
3.796440000000000055e+02 4.482210000000000036e+02
3.796440000000000055e+02 4.173809999999999718e+02
3.809289999999999736e+02 4.276610000000000014e+02
3.860690000000000168e+02 4.375129999999999768e+02
3.899239999999999782e+02 4.456510000000000105e+02
3.894959999999999809e+02 4.165249999999999773e+02
3.946360000000000241e+02 4.268050000000000068e+02
4.002040000000000077e+02 4.315160000000000196e+02
4.040590000000000259e+02 4.358000000000000114e+02
