3.736070000000000277e+02 3.964289999999999736e+02
3.583299999999999841e+02 4.001449999999999818e+02
3.442909999999999968e+02 4.079900000000000091e+02
3.372719999999999914e+02 4.191379999999999768e+02
3.298399999999999750e+02 4.290480000000000018e+02
3.583299999999999841e+02 4.162479999999999905e+02
3.570910000000000082e+02 4.273960000000000150e+02
3.525489999999999782e+02 4.368929999999999723e+02
3.517230000000000132e+02 4.459769999999999754e+02
3.707160000000000082e+02 4.187250000000000227e+02
3.694780000000000086e+02 4.302860000000000014e+02
3.674130000000000109e+02 4.406089999999999804e+02
3.674130000000000109e+02 4.492799999999999727e+02
3.806259999999999764e+02 4.191379999999999768e+02
3.814519999999999982e+02 4.340029999999999859e+02
3.818650000000000091e+02 4.401960000000000264e+02
3.814519999999999982e+02 4.476279999999999859e+02
3.905350000000000250e+02 4.195509999999999877e+02
3.942520000000000095e+02 4.282219999999999800e+02
3.975550000000000068e+02 4.327640000000000100e+02
4.008580000000000041e+02 4.389569999999999936e+02
