3.727799999999999727e+02 3.953039999999999736e+02
3.585029999999999859e+02 3.986630000000000109e+02
3.446449999999999818e+02 4.070620000000000118e+02
3.408659999999999854e+02 4.188190000000000168e+02
3.349870000000000232e+02 4.288980000000000246e+02
3.580830000000000268e+02 4.146200000000000045e+02
3.610219999999999914e+02 4.293179999999999836e+02
3.618620000000000232e+02 4.393960000000000150e+02
3.656410000000000196e+02 4.473740000000000236e+02
3.715199999999999818e+02 4.154599999999999795e+02
3.731999999999999886e+02 4.314169999999999732e+02
3.769789999999999850e+02 4.423349999999999795e+02
3.820179999999999723e+02 4.494739999999999895e+02
3.815980000000000132e+02 4.154599999999999795e+02
3.828580000000000041e+02 4.293179999999999836e+02
3.870570000000000164e+02 4.393960000000000150e+02
3.908369999999999891e+02 4.482139999999999986e+02
3.908369999999999891e+02 4.175600000000000023e+02
3.946159999999999854e+02 4.276379999999999768e+02
3.983949999999999818e+02 4.330969999999999800e+02
4.017549999999999955e+02 4.385559999999999832e+02
