3.714060000000000059e+02 3.973170000000000073e+02
3.557060000000000173e+02 4.031009999999999991e+02
3.424850000000000136e+02 4.109510000000000218e+02
3.346349999999999909e+02 4.225190000000000055e+02
3.255459999999999923e+02 4.295430000000000064e+02
3.552930000000000064e+02 4.245849999999999795e+02
3.544660000000000082e+02 4.345000000000000000e+02
3.524010000000000105e+02 4.440029999999999859e+02
3.532269999999999754e+02 4.497869999999999777e+02
3.681000000000000227e+02 4.237579999999999814e+02
3.676870000000000118e+02 4.340869999999999891e+02
3.660350000000000250e+02 4.444159999999999968e+02
3.668609999999999900e+02 4.501999999999999886e+02
3.788419999999999845e+02 4.237579999999999814e+02
3.796689999999999827e+02 4.332610000000000241e+02
3.804950000000000045e+02 4.427629999999999768e+02
3.800819999999999936e+02 4.497869999999999777e+02
3.891709999999999923e+02 4.229320000000000164e+02
3.920629999999999882e+02 4.307819999999999823e+02
3.953679999999999950e+02 4.365659999999999741e+02
3.982610000000000241e+02 4.411109999999999900e+02
