3.706759999999999877e+02 3.974669999999999845e+02
3.547810000000000059e+02 4.039879999999999995e+02
3.397010000000000218e+02 4.109169999999999732e+02
3.246209999999999809e+02 4.178450000000000273e+02
3.099490000000000123e+02 4.178450000000000273e+02
3.763809999999999718e+02 4.272189999999999941e+02
3.710830000000000268e+02 4.361850000000000023e+02
3.727130000000000223e+02 4.435210000000000150e+02
3.767889999999999873e+02 4.504499999999999886e+02
3.617090000000000032e+02 4.198829999999999814e+02
3.613020000000000209e+02 4.292570000000000050e+02
3.543729999999999905e+02 4.276270000000000095e+02
3.486669999999999732e+02 4.272189999999999941e+02
3.653770000000000095e+02 4.121390000000000100e+02
3.596709999999999923e+02 4.215129999999999768e+02
3.608940000000000055e+02 4.206979999999999791e+02
3.633389999999999986e+02 4.170299999999999727e+02
3.714909999999999854e+02 4.048029999999999973e+02
3.511129999999999995e+02 4.272189999999999941e+02
3.710830000000000268e+02 4.088790000000000191e+02
3.706759999999999877e+02 4.113240000000000123e+02
