3.759990000000000236e+02 4.014169999999999732e+02
3.611449999999999818e+02 4.066360000000000241e+02
3.474959999999999809e+02 4.142640000000000100e+02
3.410720000000000027e+02 4.238990000000000009e+02
3.342470000000000141e+02 4.319289999999999736e+02
3.687730000000000246e+02 4.287169999999999845e+02
3.679700000000000273e+02 4.355419999999999732e+02
3.659630000000000223e+02 4.459800000000000182e+02
3.675690000000000168e+02 4.507970000000000255e+02
3.816200000000000045e+02 4.291179999999999950e+02
3.848319999999999936e+02 4.415640000000000214e+02
3.856340000000000146e+02 4.487900000000000205e+02
3.892479999999999905e+02 4.544100000000000250e+02
3.916560000000000059e+02 4.263079999999999927e+02
3.964739999999999895e+02 4.355419999999999732e+02
4.016929999999999836e+02 4.451770000000000209e+02
4.049049999999999727e+02 4.516000000000000227e+02
4.012919999999999732e+02 4.226949999999999932e+02
4.101240000000000236e+02 4.311259999999999764e+02
4.169490000000000123e+02 4.359429999999999836e+02
4.229700000000000273e+02 4.411619999999999777e+02
