3.747889999999999873e+02 3.923809999999999718e+02
3.604769999999999754e+02 3.976970000000000027e+02
3.449390000000000214e+02 4.071009999999999991e+02
3.379870000000000232e+02 4.189599999999999795e+02
3.298090000000000259e+02 4.283639999999999759e+02
3.576150000000000091e+02 4.124169999999999732e+02
3.555699999999999932e+02 4.271379999999999768e+02
3.518899999999999864e+02 4.369510000000000218e+02
3.514809999999999945e+02 4.459470000000000027e+02
3.702909999999999968e+02 4.156879999999999882e+02
3.694730000000000132e+02 4.295910000000000082e+02
3.674279999999999973e+02 4.398140000000000214e+02
3.674279999999999973e+02 4.484010000000000105e+02
3.792869999999999777e+02 4.169150000000000205e+02
3.809220000000000255e+02 4.320439999999999827e+02
3.813310000000000173e+02 4.394049999999999727e+02
3.813310000000000173e+02 4.479920000000000186e+02
3.886909999999999741e+02 4.181419999999999959e+02
3.935980000000000132e+02 4.279549999999999841e+02
3.976870000000000118e+02 4.332710000000000150e+02
4.005500000000000114e+02 4.389959999999999809e+02
