3.760009999999999764e+02 4.018629999999999995e+02
3.607470000000000141e+02 4.078840000000000146e+02
3.470989999999999895e+02 4.147080000000000268e+02
3.410779999999999745e+02 4.239409999999999741e+02
3.342540000000000191e+02 4.319689999999999941e+02
3.687749999999999773e+02 4.275539999999999736e+02
3.683740000000000236e+02 4.359830000000000041e+02
3.659660000000000082e+02 4.452160000000000082e+02
3.679730000000000132e+02 4.512370000000000232e+02
3.816209999999999809e+02 4.287579999999999814e+02
3.848319999999999936e+02 4.403990000000000009e+02
3.852330000000000041e+02 4.488279999999999745e+02
3.888460000000000036e+02 4.540470000000000255e+02
3.916560000000000059e+02 4.283559999999999945e+02
3.976770000000000209e+02 4.371879999999999882e+02
4.016909999999999741e+02 4.448140000000000214e+02
4.049030000000000200e+02 4.516379999999999768e+02
4.036979999999999791e+02 4.263489999999999895e+02
4.105219999999999914e+02 4.319689999999999941e+02
4.169449999999999932e+02 4.359830000000000041e+02
4.233679999999999950e+02 4.412019999999999982e+02
