3.785369999999999777e+02 3.905539999999999736e+02
3.616809999999999832e+02 3.960330000000000155e+02
3.448249999999999886e+02 4.027749999999999773e+02
3.296539999999999964e+02 4.090960000000000036e+02
3.157470000000000141e+02 4.128890000000000100e+02
3.595740000000000123e+02 4.069889999999999759e+02
3.540960000000000036e+02 4.225810000000000173e+02
3.469320000000000164e+02 4.343809999999999718e+02
3.456680000000000064e+02 4.369089999999999918e+02
3.709519999999999982e+02 4.086750000000000114e+02
3.684239999999999782e+02 4.238450000000000273e+02
3.654739999999999895e+02 4.331170000000000186e+02
3.616809999999999832e+02 4.423879999999999768e+02
3.789590000000000032e+02 4.099390000000000214e+02
3.793799999999999955e+02 4.200529999999999973e+02
3.789590000000000032e+02 4.293240000000000123e+02
3.751659999999999968e+02 4.394379999999999882e+02
3.852799999999999727e+02 4.124669999999999845e+02
3.861229999999999905e+02 4.187889999999999873e+02
3.840160000000000196e+02 4.263740000000000236e+02
3.882300000000000182e+02 4.326949999999999932e+02
