3.744359999999999786e+02 2.545089999999999861e+02
3.837259999999999991e+02 2.415029999999999859e+02
3.906929999999999836e+02 2.238520000000000039e+02
3.930160000000000196e+02 2.085229999999999961e+02
3.981250000000000000e+02 1.959809999999999945e+02
3.795450000000000159e+02 2.136330000000000098e+02
3.772230000000000132e+02 1.922649999999999864e+02
3.753650000000000091e+02 1.778660000000000139e+02
3.716490000000000009e+02 1.667179999999999893e+02
3.679329999999999927e+02 2.159550000000000125e+02
3.660749999999999886e+02 1.927299999999999898e+02
3.646809999999999832e+02 1.755430000000000064e+02
3.642169999999999845e+02 1.634660000000000082e+02
3.577139999999999986e+02 2.192069999999999936e+02
3.567850000000000250e+02 1.969099999999999966e+02
3.567850000000000250e+02 1.820459999999999923e+02
3.563199999999999932e+02 1.704339999999999975e+02
3.498170000000000073e+02 2.233870000000000005e+02
3.488879999999999768e+02 2.048069999999999879e+02
3.484239999999999782e+02 1.941229999999999905e+02
3.479590000000000032e+02 1.862270000000000039e+02
