3.756360000000000241e+02 4.024920000000000186e+02
3.605299999999999727e+02 4.088530000000000086e+02
3.470140000000000100e+02 4.152130000000000223e+02
3.406539999999999964e+02 4.247540000000000191e+02
3.342930000000000064e+02 4.315120000000000005e+02
3.688779999999999859e+02 4.283319999999999936e+02
3.684809999999999945e+02 4.350899999999999750e+02
3.660960000000000036e+02 4.442330000000000041e+02
3.664929999999999950e+02 4.509909999999999854e+02
3.819970000000000141e+02 4.283319999999999936e+02
3.851770000000000209e+02 4.406549999999999727e+02
3.855749999999999886e+02 4.490029999999999859e+02
3.887549999999999955e+02 4.533759999999999764e+02
3.927300000000000182e+02 4.279340000000000259e+02
3.982959999999999923e+02 4.378720000000000141e+02
4.014759999999999991e+02 4.446309999999999718e+02
4.050539999999999736e+02 4.509909999999999854e+02
4.038609999999999900e+02 4.251519999999999868e+02
4.110169999999999959e+02 4.319100000000000250e+02
4.169800000000000182e+02 4.366800000000000068e+02
4.233399999999999750e+02 4.410529999999999973e+02
