3.677500000000000000e+02 3.920529999999999973e+02
3.535950000000000273e+02 3.954850000000000136e+02
3.398690000000000282e+02 4.032060000000000173e+02
3.398690000000000282e+02 4.135000000000000000e+02
3.394399999999999977e+02 4.259399999999999977e+02
3.535950000000000273e+02 4.126429999999999723e+02
3.565980000000000132e+02 4.259399999999999977e+02
3.600289999999999964e+02 4.358050000000000068e+02
3.647470000000000141e+02 4.426680000000000064e+02
3.647470000000000141e+02 4.139289999999999736e+02
3.673210000000000264e+02 4.263690000000000282e+02
3.711820000000000164e+02 4.366630000000000109e+02
3.746129999999999995e+02 4.448129999999999882e+02
3.758999999999999773e+02 4.122139999999999986e+02
3.771870000000000118e+02 4.259399999999999977e+02
3.801890000000000214e+02 4.340899999999999750e+02
3.836209999999999809e+02 4.426680000000000064e+02
3.853369999999999891e+02 4.122139999999999986e+02
3.870520000000000209e+02 4.225079999999999814e+02
3.887679999999999723e+02 4.293709999999999809e+02
3.909130000000000109e+02 4.358050000000000068e+02
