3.791259999999999764e+02 3.026890000000000214e+02
3.680969999999999800e+02 2.878240000000000123e+02
3.609039999999999964e+02 2.715210000000000150e+02
3.647400000000000091e+02 2.633690000000000282e+02
3.724119999999999777e+02 2.576150000000000091e+02
3.791259999999999764e+02 2.504219999999999970e+02
3.829619999999999891e+02 2.298029999999999973e+02
3.834409999999999741e+02 2.173350000000000080e+02
3.843999999999999773e+02 2.053470000000000084e+02
3.867980000000000018e+02 2.561759999999999877e+02
3.939909999999999854e+02 2.336390000000000100e+02
3.954289999999999736e+02 2.182940000000000111e+02
3.954289999999999736e+02 2.063069999999999879e+02
3.911139999999999759e+02 2.633690000000000282e+02
4.007040000000000077e+02 2.427500000000000000e+02
3.987860000000000014e+02 2.413110000000000070e+02
3.796050000000000182e+02 2.604920000000000186e+02
3.925520000000000209e+02 2.705620000000000118e+02
3.930319999999999823e+02 2.595330000000000155e+02
3.839209999999999923e+02 2.571349999999999909e+02
3.743310000000000173e+02 2.576150000000000091e+02
