3.743960000000000150e+02 3.923759999999999764e+02
3.588580000000000041e+02 3.985090000000000146e+02
3.449560000000000173e+02 4.075049999999999955e+02
3.384139999999999873e+02 4.197710000000000150e+02
3.298279999999999745e+02 4.279490000000000123e+02
3.568140000000000214e+02 4.120029999999999859e+02
3.551779999999999973e+02 4.271309999999999718e+02
3.519069999999999823e+02 4.369440000000000168e+02
3.514979999999999905e+02 4.459399999999999977e+02
3.690799999999999841e+02 4.156820000000000164e+02
3.690799999999999841e+02 4.287669999999999959e+02
3.678539999999999850e+02 4.393980000000000246e+02
3.678539999999999850e+02 4.479839999999999804e+02
3.788940000000000055e+02 4.173179999999999836e+02
3.809379999999999882e+02 4.312200000000000273e+02
3.813469999999999800e+02 4.389889999999999759e+02
3.817559999999999718e+02 4.475749999999999886e+02
3.895249999999999773e+02 4.173179999999999836e+02
3.932040000000000077e+02 4.279490000000000123e+02
3.977019999999999982e+02 4.340819999999999936e+02
4.009730000000000132e+02 4.389889999999999759e+02
