3.723940000000000055e+02 2.506630000000000109e+02
3.825110000000000241e+02 2.387069999999999936e+02
3.880289999999999964e+02 2.212330000000000041e+02
3.834300000000000068e+02 2.046779999999999973e+02
3.802110000000000127e+02 1.918019999999999925e+02
3.751530000000000200e+02 2.101959999999999980e+02
3.691750000000000114e+02 1.904230000000000018e+02
3.641170000000000186e+02 1.775469999999999970e+02
3.599780000000000086e+02 1.669710000000000036e+02
3.641170000000000186e+02 2.134149999999999920e+02
3.581390000000000100e+02 1.899629999999999939e+02
3.549200000000000159e+02 1.761680000000000064e+02
3.512409999999999854e+02 1.637520000000000095e+02
3.544599999999999795e+02 2.175540000000000020e+02
3.498620000000000232e+02 1.964010000000000105e+02
3.494019999999999868e+02 1.812259999999999991e+02
3.461829999999999927e+02 1.701899999999999977e+02
3.466429999999999723e+02 2.216920000000000073e+02
3.429639999999999986e+02 2.032990000000000066e+02
3.425040000000000191e+02 1.941020000000000039e+02
3.434239999999999782e+02 1.853650000000000091e+02
