3.674289999999999736e+02 3.928910000000000196e+02
3.536689999999999827e+02 3.977479999999999905e+02
3.407180000000000177e+02 4.050330000000000155e+02
3.370760000000000218e+02 4.159599999999999795e+02
3.346469999999999914e+02 4.297200000000000273e+02
3.516449999999999818e+02 4.143410000000000082e+02
3.516449999999999818e+02 4.289100000000000250e+02
3.488120000000000118e+02 4.382189999999999941e+02
3.512400000000000091e+02 4.459080000000000155e+02
3.633820000000000050e+02 4.151499999999999773e+02
3.637860000000000014e+02 4.285059999999999718e+02
3.637860000000000014e+02 4.382189999999999941e+02
3.658100000000000023e+02 4.475269999999999868e+02
3.739039999999999964e+02 4.155550000000000068e+02
3.718799999999999955e+02 4.276960000000000264e+02
3.743090000000000259e+02 4.374089999999999918e+02
3.767370000000000232e+02 4.463129999999999882e+02
3.840219999999999914e+02 4.155550000000000068e+02
3.856410000000000196e+02 4.256730000000000018e+02
3.888779999999999859e+02 4.321480000000000246e+02
3.917110000000000127e+02 4.382189999999999941e+02
