3.729920000000000186e+02 3.983220000000000027e+02
3.583229999999999791e+02 4.011739999999999782e+02
3.444689999999999941e+02 4.076940000000000168e+02
3.371349999999999909e+02 4.186949999999999932e+02
3.293929999999999723e+02 4.280670000000000073e+02
3.579159999999999968e+02 4.125830000000000268e+02
3.575079999999999814e+02 4.276600000000000250e+02
3.522110000000000127e+02 4.374390000000000214e+02
3.513960000000000150e+02 4.464039999999999964e+02
3.709549999999999841e+02 4.166580000000000155e+02
3.701399999999999864e+02 4.292900000000000205e+02
3.676949999999999932e+02 4.398840000000000146e+02
3.668799999999999955e+02 4.488480000000000132e+02
3.807339999999999804e+02 4.182880000000000109e+02
3.815489999999999782e+02 4.309200000000000159e+02
3.823639999999999759e+02 4.402919999999999732e+02
3.815489999999999782e+02 4.472189999999999941e+02
3.905140000000000100e+02 4.199180000000000064e+02
3.941809999999999832e+02 4.280670000000000073e+02
3.978480000000000132e+02 4.337719999999999914e+02
4.007010000000000218e+02 4.390690000000000168e+02
