3.777520000000000095e+02 2.564859999999999900e+02
3.883700000000000045e+02 2.421759999999999877e+02
3.962169999999999845e+02 2.260190000000000055e+02
3.952939999999999827e+02 2.103240000000000123e+02
3.980640000000000214e+02 1.969370000000000118e+02
3.851379999999999768e+02 2.163249999999999886e+02
3.819069999999999823e+02 1.964749999999999943e+02
3.795989999999999895e+02 1.812410000000000139e+02
3.754440000000000168e+02 1.692390000000000043e+02
3.735980000000000132e+02 2.186330000000000098e+02
3.699049999999999727e+02 1.955519999999999925e+02
3.675960000000000036e+02 1.780099999999999909e+02
3.666730000000000018e+02 1.664689999999999941e+02
3.629800000000000182e+02 2.214029999999999916e+02
3.606720000000000255e+02 1.997059999999999889e+02
3.611340000000000146e+02 1.826260000000000048e+02
3.592869999999999777e+02 1.710860000000000127e+02
3.546709999999999923e+02 2.241719999999999970e+02
3.532860000000000014e+02 2.052460000000000093e+02
3.542090000000000032e+02 1.955519999999999925e+02
3.551329999999999814e+02 1.858580000000000041e+02
