3.673940000000000055e+02 3.937490000000000236e+02
3.532459999999999809e+02 3.986000000000000227e+02
3.390969999999999800e+02 4.058759999999999764e+02
3.362679999999999723e+02 4.175989999999999895e+02
3.350550000000000068e+02 4.301299999999999955e+02
3.520330000000000155e+02 4.123439999999999941e+02
3.516290000000000191e+02 4.281089999999999804e+02
3.492029999999999745e+02 4.378109999999999786e+02
3.512250000000000227e+02 4.458960000000000150e+02
3.641600000000000250e+02 4.135570000000000164e+02
3.637559999999999718e+02 4.285129999999999768e+02
3.641600000000000250e+02 4.386190000000000282e+02
3.653729999999999905e+02 4.475129999999999768e+02
3.742660000000000196e+02 4.147690000000000055e+02
3.742660000000000196e+02 4.297259999999999991e+02
3.746700000000000159e+02 4.370020000000000095e+02
3.766920000000000073e+02 4.458960000000000150e+02
3.839680000000000177e+02 4.163860000000000241e+02
3.855849999999999795e+02 4.264920000000000186e+02
3.888190000000000168e+02 4.321519999999999868e+02
3.916480000000000246e+02 4.378109999999999786e+02
