3.761200000000000045e+02 2.565579999999999927e+02
3.866299999999999955e+02 2.419360000000000070e+02
3.939409999999999741e+02 2.259439999999999884e+02
3.921129999999999995e+02 2.085800000000000125e+02
3.911990000000000123e+02 1.948720000000000141e+02
3.838879999999999768e+02 2.163480000000000132e+02
3.825169999999999959e+02 1.939579999999999984e+02
3.793190000000000168e+02 1.797930000000000064e+02
3.756630000000000109e+02 1.688269999999999982e+02
3.724649999999999750e+02 2.181759999999999877e+02
3.720079999999999814e+02 1.939579999999999984e+02
3.688090000000000259e+02 1.784219999999999970e+02
3.683530000000000086e+02 1.651709999999999923e+02
3.628690000000000282e+02 2.200029999999999859e+02
3.619549999999999841e+02 1.989840000000000089e+02
3.633260000000000218e+02 1.829919999999999902e+02
3.614979999999999905e+02 1.715680000000000121e+02
3.541879999999999882e+02 2.236589999999999918e+02
3.541879999999999882e+02 2.053820000000000050e+02
3.560149999999999864e+02 1.944149999999999920e+02
3.573860000000000241e+02 1.861899999999999977e+02
