3.841419999999999959e+02 3.943070000000000164e+02
3.670869999999999891e+02 3.976349999999999909e+02
3.491999999999999886e+02 4.047069999999999936e+02
3.329759999999999991e+02 4.109460000000000264e+02
3.192490000000000236e+02 4.130260000000000105e+02
3.579350000000000023e+02 4.067860000000000014e+02
3.491999999999999886e+02 4.238419999999999845e+02
3.433759999999999764e+02 4.296650000000000205e+02
3.383840000000000146e+02 4.375690000000000168e+02
3.675029999999999859e+02 4.109460000000000264e+02
3.558550000000000182e+02 4.259220000000000255e+02
3.467040000000000077e+02 4.304970000000000141e+02
3.404639999999999986e+02 4.375690000000000168e+02
3.770699999999999932e+02 4.142740000000000009e+02
3.666709999999999923e+02 4.280009999999999764e+02
3.591829999999999927e+02 4.371530000000000200e+02
3.516949999999999932e+02 4.433929999999999723e+02
3.883020000000000209e+02 4.200980000000000132e+02
3.795659999999999741e+02 4.280009999999999764e+02
3.754060000000000059e+02 4.367370000000000232e+02
3.691669999999999732e+02 4.433929999999999723e+02
