3.681170000000000186e+02 3.925110000000000241e+02
3.535620000000000118e+02 3.959350000000000023e+02
3.411480000000000246e+02 4.023570000000000277e+02
3.398639999999999759e+02 4.122019999999999982e+02
3.394359999999999786e+02 4.254730000000000132e+02
3.539900000000000091e+02 4.122019999999999982e+02
3.574150000000000205e+02 4.254730000000000132e+02
3.604119999999999777e+02 4.353190000000000168e+02
3.642640000000000100e+02 4.425960000000000036e+02
3.646920000000000073e+02 4.130590000000000259e+02
3.681170000000000186e+02 4.263290000000000077e+02
3.711139999999999759e+02 4.370310000000000059e+02
3.749660000000000082e+02 4.447370000000000232e+02
3.762509999999999764e+02 4.122019999999999982e+02
3.779630000000000223e+02 4.259010000000000105e+02
3.805310000000000059e+02 4.348910000000000196e+02
3.826720000000000255e+02 4.425960000000000036e+02
3.860960000000000036e+02 4.117740000000000009e+02
3.878090000000000259e+02 4.220480000000000018e+02
3.899490000000000123e+02 4.288980000000000246e+02
3.916619999999999777e+02 4.357470000000000141e+02
