3.739549999999999841e+02 3.150629999999999882e+02
3.673720000000000141e+02 3.089510000000000218e+02
3.551469999999999914e+02 3.061299999999999955e+02
3.401000000000000227e+02 3.033079999999999927e+02
3.283450000000000273e+02 2.995470000000000255e+02
3.551469999999999914e+02 3.338709999999999809e+02
3.344580000000000268e+02 3.301100000000000136e+02
3.208220000000000027e+02 3.258779999999999859e+02
3.100079999999999814e+02 3.254080000000000155e+02
3.527959999999999923e+02 3.413949999999999818e+02
3.311669999999999732e+02 3.334010000000000105e+02
3.175310000000000059e+02 3.272889999999999873e+02
3.067160000000000082e+02 3.254080000000000155e+02
3.513849999999999909e+02 3.432749999999999773e+02
3.330470000000000255e+02 3.329309999999999832e+02
3.208220000000000027e+02 3.277590000000000146e+02
3.109479999999999791e+02 3.258779999999999859e+02
3.490339999999999918e+02 3.390439999999999827e+02
3.358690000000000282e+02 3.301100000000000136e+02
3.255240000000000009e+02 3.263480000000000132e+02
3.147099999999999795e+02 3.249379999999999882e+02
