3.679610000000000127e+02 2.473739999999999952e+02
3.773600000000000136e+02 2.351550000000000011e+02
3.895790000000000077e+02 2.224670000000000130e+02
3.975679999999999836e+02 2.093079999999999927e+02
4.060269999999999868e+02 1.985000000000000000e+02
3.806499999999999773e+02 2.107179999999999893e+02
3.820600000000000023e+02 1.923909999999999911e+02
3.792400000000000091e+02 1.853410000000000082e+02
3.773600000000000136e+02 1.839319999999999879e+02
3.721909999999999741e+02 2.116579999999999870e+02
3.721909999999999741e+02 1.923909999999999911e+02
3.684309999999999832e+02 1.872210000000000036e+02
3.670210000000000150e+02 1.867510000000000048e+02
3.642019999999999982e+02 2.140080000000000098e+02
3.637320000000000277e+02 1.980300000000000011e+02
3.604420000000000073e+02 1.947400000000000091e+02
3.590319999999999823e+02 1.952100000000000080e+02
3.552730000000000246e+02 2.177669999999999959e+02
3.538629999999999995e+02 2.055490000000000066e+02
3.533929999999999723e+02 2.031990000000000123e+02
3.538629999999999995e+02 2.050790000000000077e+02
