3.697450000000000045e+02 3.943559999999999945e+02
3.557679999999999723e+02 3.990149999999999864e+02
3.426370000000000005e+02 4.070629999999999882e+02
3.358600000000000136e+02 4.184990000000000236e+02
3.286589999999999918e+02 4.278170000000000073e+02
3.574619999999999891e+02 4.159569999999999936e+02
3.591560000000000059e+02 4.282409999999999854e+02
3.591560000000000059e+02 4.388299999999999841e+02
3.629680000000000177e+02 4.456070000000000277e+02
3.697450000000000045e+02 4.176519999999999868e+02
3.722869999999999777e+02 4.295120000000000005e+02
3.735570000000000164e+02 4.417950000000000159e+02
3.794870000000000232e+02 4.477250000000000227e+02
3.794870000000000232e+02 4.172280000000000086e+02
3.803340000000000032e+02 4.278170000000000073e+02
3.858410000000000082e+02 4.367119999999999891e+02
3.900760000000000218e+02 4.451829999999999927e+02
3.892289999999999850e+02 4.159569999999999936e+02
3.947350000000000136e+02 4.265470000000000255e+02
3.998179999999999836e+02 4.316290000000000191e+02
4.040539999999999736e+02 4.358650000000000091e+02
