3.728729999999999905e+02 2.549749999999999943e+02
3.835539999999999736e+02 2.419720000000000084e+02
3.909850000000000136e+02 2.261819999999999879e+02
3.914490000000000123e+02 2.089989999999999952e+02
3.974870000000000232e+02 1.969240000000000066e+02
3.793750000000000000e+02 2.145720000000000027e+02
3.765880000000000223e+02 1.932090000000000032e+02
3.751949999999999932e+02 1.783480000000000132e+02
3.719440000000000168e+02 1.667369999999999948e+02
3.677640000000000100e+02 2.159650000000000034e+02
3.649780000000000086e+02 1.936730000000000018e+02
3.649780000000000086e+02 1.755610000000000070e+02
3.640489999999999782e+02 1.639509999999999934e+02
3.575470000000000255e+02 2.187510000000000048e+02
3.566179999999999950e+02 1.973880000000000052e+02
3.561539999999999964e+02 1.825269999999999868e+02
3.552250000000000227e+02 1.704530000000000030e+02
3.491879999999999882e+02 2.224670000000000130e+02
3.477950000000000159e+02 2.043549999999999898e+02
3.473299999999999841e+02 1.941380000000000052e+02
3.477950000000000159e+02 1.862429999999999950e+02
