3.850509999999999877e+02 3.072740000000000009e+02
3.850509999999999877e+02 3.005539999999999736e+02
3.768910000000000196e+02 2.952740000000000009e+02
3.653700000000000045e+02 2.962339999999999804e+02
3.524100000000000250e+02 2.971940000000000168e+02
3.749710000000000036e+02 3.231150000000000091e+02
3.692099999999999795e+02 3.312749999999999773e+02
3.624900000000000091e+02 3.355950000000000273e+02
3.557699999999999818e+02 3.427959999999999923e+02
3.672900000000000205e+02 3.279150000000000205e+02
3.509700000000000273e+02 3.279150000000000205e+02
3.384889999999999759e+02 3.192749999999999773e+02
3.279289999999999736e+02 3.168750000000000000e+02
3.615299999999999727e+02 3.298349999999999795e+02
3.447300000000000182e+02 3.279150000000000205e+02
3.351290000000000191e+02 3.317549999999999955e+02
3.269689999999999941e+02 3.351150000000000091e+02
3.581700000000000159e+02 3.264750000000000227e+02
3.447300000000000182e+02 3.207149999999999750e+02
3.351290000000000191e+02 3.312749999999999773e+02
3.504900000000000091e+02 3.077540000000000191e+02
