3.621669999999999732e+02 2.462210000000000036e+02
3.495779999999999745e+02 2.382949999999999875e+02
3.439830000000000041e+02 2.229089999999999918e+02
3.439830000000000041e+02 2.093870000000000005e+02
3.439830000000000041e+02 1.977309999999999945e+02
3.556399999999999864e+02 2.079890000000000043e+02
3.565720000000000027e+02 1.930680000000000121e+02
3.579710000000000036e+02 1.902709999999999866e+02
3.584370000000000118e+02 1.884060000000000059e+02
3.649649999999999750e+02 2.098540000000000134e+02
3.677620000000000005e+02 1.912030000000000030e+02
3.672959999999999923e+02 1.888720000000000141e+02
3.644990000000000236e+02 1.935349999999999966e+02
3.733570000000000277e+02 2.112520000000000095e+02
3.780199999999999818e+02 1.940010000000000048e+02
3.747559999999999718e+02 1.949329999999999927e+02
3.705600000000000023e+02 2.023940000000000055e+02
3.784859999999999900e+02 2.149819999999999993e+02
3.845470000000000255e+02 2.023940000000000055e+02
3.812839999999999918e+02 2.014610000000000127e+02
3.761549999999999727e+02 2.056570000000000107e+02
