3.762440000000000282e+02 2.563519999999999754e+02
3.862989999999999782e+02 2.421850000000000023e+02
3.940679999999999836e+02 2.266469999999999914e+02
3.917830000000000155e+02 2.088230000000000075e+02
3.913260000000000218e+02 1.946560000000000059e+02
3.835559999999999832e+02 2.161349999999999909e+02
3.821850000000000023e+02 1.941990000000000123e+02
3.789859999999999900e+02 1.804890000000000043e+02
3.753299999999999841e+02 1.690629999999999882e+02
3.721309999999999718e+02 2.188779999999999859e+02
3.716739999999999782e+02 1.941990000000000123e+02
3.689320000000000164e+02 1.791179999999999950e+02
3.680179999999999723e+02 1.658640000000000043e+02
3.625339999999999918e+02 2.207059999999999889e+02
3.616200000000000045e+02 1.996829999999999927e+02
3.620769999999999982e+02 1.832309999999999945e+02
3.611630000000000109e+02 1.718060000000000116e+02
3.538509999999999991e+02 2.239050000000000011e+02
3.538509999999999991e+02 2.056239999999999952e+02
3.552219999999999800e+02 1.951129999999999995e+02
3.561360000000000241e+02 1.868870000000000005e+02
