3.623210000000000264e+02 2.444120000000000061e+02
3.505470000000000255e+02 2.378189999999999884e+02
3.425409999999999968e+02 2.227479999999999905e+02
3.430120000000000005e+02 2.081479999999999961e+02
3.411279999999999859e+02 1.968449999999999989e+02
3.552570000000000050e+02 2.053230000000000075e+02
3.580830000000000268e+02 1.888389999999999986e+02
3.557280000000000086e+02 1.883679999999999950e+02
3.533729999999999905e+02 1.926069999999999993e+02
3.656179999999999950e+02 2.053230000000000075e+02
3.703269999999999982e+02 1.855420000000000016e+02
3.660889999999999986e+02 1.813040000000000020e+02
3.599660000000000082e+02 1.883679999999999950e+02
3.736240000000000236e+02 2.086189999999999998e+02
3.769209999999999923e+02 1.902520000000000095e+02
3.722110000000000127e+02 1.869550000000000125e+02
3.660889999999999986e+02 1.883679999999999950e+02
3.797470000000000141e+02 2.123870000000000005e+02
3.849270000000000209e+02 2.020260000000000105e+02
3.821009999999999991e+02 1.954329999999999927e+02
3.773919999999999959e+02 1.963739999999999952e+02
