3.650620000000000118e+02 3.926429999999999723e+02
3.514820000000000277e+02 3.973109999999999786e+02
3.374769999999999754e+02 4.041019999999999754e+02
3.311109999999999900e+02 4.151360000000000241e+02
3.226229999999999905e+02 4.231990000000000123e+02
3.514820000000000277e+02 4.168330000000000268e+02
3.493600000000000136e+02 4.253210000000000264e+02
3.480860000000000127e+02 4.333849999999999909e+02
3.485110000000000241e+02 4.405989999999999895e+02
3.629399999999999977e+02 4.159850000000000136e+02
3.650620000000000118e+02 4.261700000000000159e+02
3.642130000000000223e+02 4.355070000000000050e+02
3.663349999999999795e+02 4.427210000000000036e+02
3.731259999999999764e+02 4.155600000000000023e+02
3.760960000000000036e+02 4.257459999999999809e+02
3.786429999999999723e+02 4.333849999999999909e+02
3.799159999999999968e+02 4.422970000000000255e+02
3.833109999999999786e+02 4.147119999999999891e+02
3.888279999999999745e+02 4.231990000000000123e+02
3.934959999999999809e+02 4.287160000000000082e+02
3.977400000000000091e+02 4.329599999999999795e+02
