3.724060000000000059e+02 2.507139999999999986e+02
3.829839999999999804e+02 2.373770000000000095e+02
3.885029999999999859e+02 2.199019999999999868e+02
3.834440000000000168e+02 2.038050000000000068e+02
3.797649999999999864e+02 1.918480000000000132e+02
3.751659999999999968e+02 2.088640000000000043e+02
3.687269999999999754e+02 1.886289999999999907e+02
3.645880000000000223e+02 1.766719999999999970e+02
3.604490000000000123e+02 1.665540000000000020e+02
3.645880000000000223e+02 2.130029999999999859e+02
3.586100000000000136e+02 1.890889999999999986e+02
3.553910000000000196e+02 1.757520000000000095e+02
3.517119999999999891e+02 1.633350000000000080e+02
3.553910000000000196e+02 2.176020000000000039e+02
3.498720000000000141e+02 1.959869999999999948e+02
3.494119999999999777e+02 1.812709999999999866e+02
3.466530000000000200e+02 1.702340000000000089e+02
3.475729999999999791e+02 2.217410000000000139e+02
3.429739999999999895e+02 2.033460000000000036e+02
3.429739999999999895e+02 1.932280000000000086e+02
3.434340000000000259e+02 1.849499999999999886e+02
