3.787500000000000000e+02 2.470449999999999875e+02
3.660190000000000055e+02 2.399720000000000084e+02
3.561179999999999950e+02 2.225269999999999868e+02
3.528170000000000073e+02 2.060240000000000009e+02
3.490450000000000159e+02 1.918789999999999907e+02
3.712060000000000173e+02 2.069670000000000130e+02
3.721490000000000009e+02 1.857500000000000000e+02
3.721490000000000009e+02 1.711330000000000098e+02
3.735629999999999882e+02 1.584029999999999916e+02
3.825219999999999914e+02 2.069670000000000130e+02
3.834649999999999750e+02 1.815060000000000002e+02
3.853509999999999991e+02 1.668899999999999864e+02
3.862939999999999827e+02 1.541589999999999918e+02
3.905369999999999777e+02 2.097959999999999923e+02
3.938380000000000223e+02 1.871639999999999873e+02
3.943090000000000259e+02 1.725480000000000018e+02
3.947810000000000059e+02 1.602889999999999873e+02
4.004390000000000214e+02 2.145109999999999957e+02
4.037389999999999759e+02 1.984799999999999898e+02
4.051539999999999964e+02 1.876359999999999957e+02
4.056250000000000000e+02 1.777340000000000089e+02
