3.713029999999999973e+02 3.963500000000000227e+02
3.552520000000000095e+02 4.029350000000000023e+02
3.383779999999999859e+02 4.124010000000000105e+02
3.219150000000000205e+02 4.161050000000000182e+02
3.066879999999999882e+02 4.132239999999999895e+02
3.515480000000000018e+02 4.206320000000000050e+02
3.515480000000000018e+02 4.317450000000000045e+02
3.762420000000000186e+02 4.445029999999999859e+02
3.824159999999999968e+02 4.486190000000000282e+02
3.622490000000000236e+02 4.202210000000000036e+02
3.643070000000000164e+02 4.305099999999999909e+02
3.556639999999999873e+02 4.325679999999999836e+02
3.527830000000000155e+02 4.329789999999999850e+02
3.721270000000000095e+02 4.177509999999999764e+02
3.659529999999999745e+02 4.296870000000000118e+02
3.688340000000000032e+02 4.288639999999999759e+02
3.659529999999999745e+02 4.193980000000000246e+02
3.783000000000000114e+02 4.292749999999999773e+02
3.754189999999999827e+02 4.354490000000000123e+02
3.758310000000000173e+02 4.453260000000000218e+02
3.725380000000000109e+02 4.156929999999999836e+02
