3.684309999999999832e+02 3.103670000000000186e+02
3.636240000000000236e+02 3.026750000000000114e+02
3.554510000000000218e+02 2.940219999999999914e+02
3.487210000000000036e+02 2.829649999999999750e+02
3.482400000000000091e+02 2.695040000000000191e+02
3.458360000000000127e+02 3.170969999999999800e+02
3.232420000000000186e+02 3.348840000000000146e+02
3.112230000000000132e+02 3.435380000000000109e+02
3.040120000000000005e+02 3.502679999999999723e+02
3.376639999999999873e+02 3.238279999999999745e+02
3.189150000000000205e+02 3.363269999999999982e+02
3.064159999999999968e+02 3.459409999999999741e+02
2.972819999999999823e+02 3.526720000000000255e+02
3.323759999999999764e+02 3.257500000000000000e+02
3.193960000000000150e+02 3.353650000000000091e+02
3.078580000000000041e+02 3.444990000000000236e+02
2.982429999999999950e+02 3.517099999999999795e+02
3.318949999999999818e+02 3.257500000000000000e+02
3.184340000000000259e+02 3.339230000000000018e+02
3.102620000000000005e+02 3.396920000000000073e+02
3.030509999999999877e+02 3.464220000000000255e+02
