3.671639999999999873e+02 3.977830000000000155e+02
3.493729999999999905e+02 4.028659999999999854e+02
3.303109999999999786e+02 4.092200000000000273e+02
3.154850000000000136e+02 4.121850000000000023e+02
3.010830000000000268e+02 4.100670000000000073e+02
3.434429999999999836e+02 4.219279999999999973e+02
3.396299999999999955e+02 4.295529999999999973e+02
3.336999999999999886e+02 4.346360000000000241e+02
3.281929999999999836e+02 4.422610000000000241e+02
3.531850000000000023e+02 4.193860000000000241e+02
3.502200000000000273e+02 4.270110000000000241e+02
3.459839999999999804e+02 4.257400000000000091e+02
3.455609999999999786e+02 4.236220000000000141e+02
3.612339999999999804e+02 4.164209999999999923e+02
3.603870000000000005e+02 4.270110000000000241e+02
3.544560000000000173e+02 4.219279999999999973e+02
3.536089999999999804e+02 4.164209999999999923e+02
3.667400000000000091e+02 4.096429999999999723e+02
3.667400000000000091e+02 4.287049999999999841e+02
3.608100000000000023e+02 4.193860000000000241e+02
3.603870000000000005e+02 4.172679999999999723e+02
