3.702690000000000055e+02 3.950169999999999959e+02
3.565360000000000014e+02 4.012950000000000159e+02
3.443729999999999905e+02 4.095350000000000250e+02
3.451569999999999823e+02 4.220910000000000082e+02
3.479039999999999964e+02 4.350389999999999873e+02
3.620289999999999964e+02 4.224830000000000041e+02
3.573210000000000264e+02 4.326850000000000023e+02
3.569279999999999973e+02 4.421019999999999754e+02
3.573210000000000264e+02 4.507339999999999804e+02
3.722309999999999945e+02 4.197370000000000232e+02
3.753700000000000045e+02 4.330779999999999745e+02
3.824329999999999927e+02 4.417099999999999795e+02
3.875339999999999918e+02 4.483799999999999955e+02
3.820400000000000205e+02 4.169900000000000091e+02
3.855720000000000027e+02 4.303310000000000173e+02
3.942040000000000077e+02 4.358240000000000123e+02
4.000899999999999750e+02 4.417099999999999795e+02
3.906730000000000018e+02 4.165980000000000132e+02
3.942040000000000077e+02 4.264069999999999823e+02
3.953809999999999718e+02 4.342549999999999955e+02
3.996970000000000027e+02 4.401399999999999864e+02
