3.619209999999999923e+02 2.440250000000000057e+02
3.507320000000000277e+02 2.379650000000000034e+02
3.437389999999999759e+02 2.230459999999999923e+02
3.437389999999999759e+02 2.095250000000000057e+02
3.409409999999999741e+02 1.988019999999999925e+02
3.553940000000000055e+02 2.085929999999999893e+02
3.619209999999999923e+02 1.904099999999999966e+02
3.591240000000000236e+02 1.787549999999999955e+02
3.553940000000000055e+02 1.694310000000000116e+02
3.656510000000000105e+02 2.090589999999999975e+02
3.698469999999999800e+02 1.880790000000000077e+02
3.675160000000000196e+02 1.754910000000000139e+02
3.642520000000000095e+02 1.652350000000000136e+02
3.726440000000000055e+02 2.099919999999999902e+02
3.759080000000000155e+02 1.913429999999999893e+02
3.763740000000000236e+02 1.778230000000000075e+02
3.745090000000000146e+02 1.670999999999999943e+02
3.801030000000000086e+02 2.137210000000000036e+02
3.847660000000000196e+02 1.992690000000000055e+02
3.880289999999999964e+02 1.904099999999999966e+02
3.889619999999999891e+02 1.815519999999999925e+02
