3.671560000000000059e+02 3.914830000000000041e+02
3.522309999999999945e+02 3.948000000000000114e+02
3.381360000000000241e+02 4.043349999999999795e+02
3.339900000000000091e+02 4.146990000000000123e+02
3.277719999999999914e+02 4.242339999999999804e+02
3.514019999999999868e+02 4.117970000000000255e+02
3.509879999999999995e+02 4.246490000000000009e+02
3.505729999999999791e+02 4.345989999999999895e+02
3.518170000000000073e+02 4.424750000000000227e+02
3.638389999999999986e+02 4.151139999999999759e+02
3.646680000000000064e+02 4.263070000000000164e+02
3.642540000000000191e+02 4.366709999999999923e+02
3.671560000000000059e+02 4.441340000000000146e+02
3.737889999999999873e+02 4.151139999999999759e+02
3.746179999999999950e+02 4.238199999999999932e+02
3.783489999999999895e+02 4.341840000000000259e+02
3.804220000000000255e+02 4.424750000000000227e+02
3.837389999999999759e+02 4.142850000000000250e+02
3.874700000000000273e+02 4.234049999999999727e+02
3.928589999999999804e+02 4.279649999999999750e+02
3.970049999999999955e+02 4.341840000000000259e+02
