3.717769999999999868e+02 2.443340000000000032e+02
3.574959999999999809e+02 2.371939999999999884e+02
3.417869999999999777e+02 2.233890000000000100e+02
3.289340000000000259e+02 2.157729999999999961e+02
3.156059999999999945e+02 2.119639999999999986e+02
3.613039999999999736e+02 2.029199999999999875e+02
3.560679999999999836e+02 1.843549999999999898e+02
3.527359999999999900e+02 1.724540000000000077e+02
3.498799999999999955e+02 1.605529999999999973e+02
3.732049999999999841e+02 2.038720000000000141e+02
3.793929999999999723e+02 1.805469999999999970e+02
3.817730000000000246e+02 1.653139999999999930e+02
3.865339999999999918e+02 1.538890000000000100e+02
3.841539999999999964e+02 2.076800000000000068e+02
3.951019999999999754e+02 1.876870000000000118e+02
4.012909999999999968e+02 1.753100000000000023e+02
4.060509999999999877e+02 1.648379999999999939e+02
3.922459999999999809e+02 2.148209999999999980e+02
4.070029999999999859e+02 2.057760000000000105e+02
4.155710000000000264e+02 1.995879999999999939e+02
4.241399999999999864e+02 1.948269999999999982e+02
