3.719340000000000259e+02 3.054569999999999936e+02
3.641469999999999914e+02 2.996170000000000186e+02
3.490579999999999927e+02 3.025369999999999777e+02
3.359169999999999732e+02 3.064309999999999832e+02
3.218020000000000209e+02 3.044839999999999804e+02
3.539259999999999877e+02 3.249259999999999877e+02
3.339700000000000273e+02 3.185989999999999895e+02
3.218020000000000209e+02 3.122710000000000150e+02
3.110950000000000273e+02 3.108109999999999786e+02
3.495450000000000159e+02 3.312529999999999859e+02
3.295899999999999750e+02 3.185989999999999895e+02
3.179089999999999918e+02 3.083779999999999859e+02
3.067139999999999986e+02 3.039970000000000141e+02
3.485720000000000027e+02 3.331999999999999886e+02
3.320230000000000246e+02 3.181120000000000232e+02
3.198550000000000182e+02 3.074039999999999964e+02
3.101209999999999809e+02 3.035110000000000241e+02
3.480849999999999795e+02 3.317400000000000091e+02
3.349440000000000168e+02 3.166519999999999868e+02
3.266700000000000159e+02 3.078910000000000196e+02
3.208290000000000077e+02 3.025369999999999777e+02
