3.886229999999999905e+02 2.927080000000000268e+02
3.862049999999999841e+02 2.844859999999999900e+02
3.774979999999999905e+02 2.728770000000000095e+02
3.644390000000000214e+02 2.762629999999999768e+02
3.523469999999999800e+02 2.767470000000000141e+02
3.828190000000000168e+02 2.956100000000000136e+02
3.745960000000000036e+02 3.057679999999999723e+02
3.649230000000000018e+02 3.110880000000000223e+02
3.591179999999999950e+02 3.164089999999999918e+02
3.760470000000000255e+02 3.048000000000000114e+02
3.634719999999999800e+02 3.144739999999999895e+02
3.528310000000000173e+02 3.149580000000000268e+02
3.431569999999999823e+02 3.149580000000000268e+02
3.687919999999999732e+02 3.077019999999999982e+02
3.571840000000000259e+02 3.149580000000000268e+02
3.475099999999999909e+02 3.130230000000000246e+02
3.407379999999999995e+02 3.110880000000000223e+02
3.639549999999999841e+02 3.067350000000000136e+02
3.518629999999999995e+02 3.067350000000000136e+02
3.417060000000000173e+02 3.062509999999999764e+02
3.421899999999999977e+02 2.965779999999999745e+02
