3.750869999999999891e+02 3.930779999999999745e+02
3.596159999999999854e+02 3.985140000000000100e+02
3.433090000000000259e+02 4.031129999999999995e+02
3.295099999999999909e+02 4.098029999999999973e+02
3.157119999999999891e+02 4.127300000000000182e+02
3.575249999999999773e+02 4.135670000000000073e+02
3.533439999999999941e+02 4.227660000000000196e+02
3.458170000000000073e+02 4.328009999999999877e+02
3.437269999999999754e+02 4.382370000000000232e+02
3.717420000000000186e+02 4.123120000000000118e+02
3.692330000000000041e+02 4.256929999999999836e+02
3.658879999999999768e+02 4.344730000000000132e+02
3.604519999999999982e+02 4.390729999999999791e+02
3.805230000000000246e+02 4.127300000000000182e+02
3.821949999999999932e+02 4.223480000000000132e+02
3.801039999999999850e+02 4.256929999999999836e+02
3.788500000000000227e+02 4.323829999999999814e+02
3.905579999999999927e+02 4.173299999999999841e+02
3.993389999999999986e+02 4.223480000000000132e+02
4.072830000000000155e+02 4.282010000000000218e+02
3.834499999999999886e+02 4.219289999999999736e+02
