3.648980000000000246e+02 2.512470000000000141e+02
3.706669999999999732e+02 2.377849999999999966e+02
3.798020000000000209e+02 2.224000000000000057e+02
3.846100000000000136e+02 2.074960000000000093e+02
3.918220000000000027e+02 1.993220000000000027e+02
3.894180000000000064e+02 2.190339999999999918e+02
3.879750000000000227e+02 2.002839999999999918e+02
3.822060000000000173e+02 1.978799999999999955e+02
3.788399999999999750e+02 2.012460000000000093e+02
3.846100000000000136e+02 2.224000000000000057e+02
3.764370000000000118e+02 2.002839999999999918e+02
3.692250000000000227e+02 2.041299999999999955e+02
3.692250000000000227e+02 2.103799999999999955e+02
3.793210000000000264e+02 2.257649999999999864e+02
3.682629999999999768e+02 2.050920000000000130e+02
3.639359999999999786e+02 2.113420000000000130e+02
3.648980000000000246e+02 2.171109999999999900e+02
3.721100000000000136e+02 2.291310000000000002e+02
3.610520000000000209e+02 2.161500000000000057e+02
3.600899999999999750e+02 2.195149999999999864e+02
3.615319999999999823e+02 2.243230000000000075e+02
