3.728029999999999973e+02 3.952860000000000014e+02
3.589470000000000027e+02 3.982250000000000227e+02
3.459300000000000068e+02 4.066229999999999905e+02
3.413109999999999786e+02 4.183799999999999955e+02
3.358519999999999754e+02 4.288770000000000095e+02
3.581070000000000277e+02 4.162799999999999727e+02
3.606259999999999764e+02 4.297169999999999845e+02
3.627259999999999991e+02 4.402149999999999750e+02
3.660849999999999795e+02 4.477730000000000246e+02
3.707040000000000077e+02 4.188000000000000114e+02
3.732230000000000132e+02 4.326560000000000059e+02
3.765819999999999936e+02 4.435740000000000123e+02
3.824610000000000127e+02 4.490319999999999823e+02
3.803620000000000232e+02 4.183799999999999955e+02
3.833009999999999877e+02 4.297169999999999845e+02
3.866600000000000250e+02 4.397950000000000159e+02
3.900190000000000055e+02 4.477730000000000246e+02
3.904390000000000214e+02 4.183799999999999955e+02
3.950579999999999927e+02 4.280380000000000109e+02
3.992570000000000050e+02 4.343360000000000127e+02
4.026159999999999854e+02 4.389549999999999841e+02
