3.687210000000000036e+02 3.102900000000000205e+02
3.639130000000000109e+02 3.030779999999999745e+02
3.523740000000000236e+02 2.987509999999999764e+02
3.408340000000000032e+02 2.915389999999999873e+02
3.341030000000000086e+02 2.799990000000000236e+02
3.509309999999999832e+02 3.227909999999999968e+02
3.393919999999999959e+02 3.309649999999999750e+02
3.201589999999999918e+02 3.434660000000000082e+02
3.119859999999999900e+02 3.492359999999999900e+02
3.451610000000000014e+02 3.295230000000000246e+02
3.268910000000000196e+02 3.372149999999999750e+02
3.115049999999999955e+02 3.449080000000000155e+02
3.018890000000000100e+02 3.511589999999999918e+02
3.408340000000000032e+02 3.319270000000000209e+02
3.244870000000000232e+02 3.381770000000000209e+02
3.129470000000000027e+02 3.434660000000000082e+02
3.023700000000000045e+02 3.497160000000000082e+02
3.369879999999999995e+02 3.304839999999999804e+02
3.244870000000000232e+02 3.372149999999999750e+02
3.172749999999999773e+02 3.415430000000000064e+02
3.119859999999999900e+02 3.487549999999999955e+02
