3.583179999999999836e+02 2.516709999999999923e+02
3.670579999999999927e+02 2.392520000000000095e+02
3.785570000000000164e+02 2.222319999999999993e+02
3.771770000000000209e+02 2.065920000000000130e+02
3.799370000000000118e+02 1.946320000000000050e+02
3.785570000000000164e+02 2.190120000000000005e+02
3.707379999999999995e+02 1.992319999999999993e+02
3.688980000000000246e+02 1.996920000000000073e+02
3.679780000000000086e+02 2.019919999999999902e+02
3.693580000000000041e+02 2.240720000000000027e+02
3.615380000000000109e+02 2.029120000000000061e+02
3.587780000000000200e+02 2.075120000000000005e+02
3.615380000000000109e+02 2.139519999999999982e+02
3.606179999999999950e+02 2.282119999999999891e+02
3.514180000000000064e+02 2.084319999999999879e+02
3.518779999999999859e+02 2.162520000000000095e+02
3.546379999999999768e+02 2.222319999999999993e+02
3.509580000000000268e+02 2.323520000000000039e+02
3.458980000000000246e+02 2.180920000000000130e+02
3.468179999999999836e+02 2.236119999999999948e+02
3.481979999999999791e+02 2.295920000000000130e+02
