3.678419999999999845e+02 3.923469999999999800e+02
3.539409999999999741e+02 3.972529999999999859e+02
3.400400000000000205e+02 4.046120000000000232e+02
3.359519999999999982e+02 4.152420000000000186e+02
3.351340000000000146e+02 4.303690000000000282e+02
3.514879999999999995e+02 4.127889999999999873e+02
3.514879999999999995e+02 4.283249999999999886e+02
3.486259999999999764e+02 4.381370000000000005e+02
3.514879999999999995e+02 4.463140000000000214e+02
3.633450000000000273e+02 4.127889999999999873e+02
3.637529999999999859e+02 4.279159999999999968e+02
3.641619999999999777e+02 4.389549999999999841e+02
3.653890000000000100e+02 4.475409999999999968e+02
3.743829999999999814e+02 4.144239999999999782e+02
3.743829999999999814e+02 4.295520000000000209e+02
3.747919999999999732e+02 4.377289999999999850e+02
3.760190000000000055e+02 4.459060000000000059e+02
3.841960000000000264e+02 4.160600000000000023e+02
3.858310000000000173e+02 4.270989999999999895e+02
3.882839999999999918e+02 4.324139999999999873e+02
3.915550000000000068e+02 4.381370000000000005e+02
