3.633439999999999941e+02 3.950389999999999873e+02
3.495090000000000146e+02 3.995149999999999864e+02
3.373009999999999877e+02 4.060260000000000105e+02
3.352669999999999959e+02 4.170129999999999768e+02
3.348600000000000136e+02 4.300350000000000250e+02
3.507300000000000182e+02 4.117230000000000132e+02
3.511370000000000005e+02 4.271859999999999786e+02
3.486949999999999932e+02 4.365450000000000159e+02
3.507300000000000182e+02 4.454979999999999905e+02
3.613100000000000023e+02 4.137579999999999814e+02
3.637509999999999764e+02 4.284069999999999823e+02
3.641580000000000155e+02 4.398009999999999877e+02
3.670070000000000050e+02 4.471250000000000000e+02
3.727040000000000077e+02 4.149780000000000086e+02
3.739239999999999782e+02 4.288140000000000214e+02
3.755520000000000209e+02 4.369519999999999982e+02
3.771800000000000068e+02 4.459049999999999727e+02
3.828770000000000095e+02 4.166059999999999945e+02
3.853179999999999836e+02 4.263720000000000141e+02
3.885740000000000123e+02 4.316619999999999777e+02
3.918290000000000077e+02 4.373589999999999804e+02
