3.613929999999999723e+02 2.434960000000000093e+02
3.505629999999999882e+02 2.373750000000000000e+02
3.434990000000000236e+02 2.227779999999999916e+02
3.439700000000000273e+02 2.086510000000000105e+02
3.430289999999999964e+02 1.973499999999999943e+02
3.566840000000000259e+02 2.067680000000000007e+02
3.590380000000000109e+02 1.902870000000000061e+02
3.580969999999999800e+02 1.869910000000000139e+02
3.543299999999999841e+02 1.893449999999999989e+02
3.661019999999999754e+02 2.072390000000000043e+02
3.698690000000000282e+02 1.898160000000000025e+02
3.698690000000000282e+02 1.832239999999999895e+02
3.736360000000000241e+02 1.851069999999999993e+02
3.736360000000000241e+02 2.091220000000000141e+02
3.783439999999999941e+02 1.959379999999999882e+02
3.783439999999999941e+02 1.902870000000000061e+02
3.821109999999999900e+02 1.959379999999999882e+02
3.811700000000000159e+02 2.147729999999999961e+02
3.858779999999999859e+02 2.048839999999999861e+02
3.891750000000000114e+02 2.030010000000000048e+02
3.915289999999999964e+02 2.044130000000000109e+02
