3.621639999999999873e+02 2.448340000000000032e+02
3.500539999999999736e+02 2.383139999999999930e+02
3.435339999999999918e+02 2.243410000000000082e+02
3.440000000000000000e+02 2.099029999999999916e+02
3.440000000000000000e+02 1.982589999999999861e+02
3.556429999999999723e+02 2.085049999999999955e+02
3.561089999999999804e+02 1.936009999999999991e+02
3.579719999999999800e+02 1.908069999999999879e+02
3.579719999999999800e+02 1.889430000000000121e+02
3.658899999999999864e+02 2.099029999999999916e+02
3.677529999999999859e+02 1.912719999999999914e+02
3.663559999999999945e+02 1.903410000000000082e+02
3.630960000000000036e+02 1.945329999999999870e+02
3.738079999999999927e+02 2.113000000000000114e+02
3.784649999999999750e+02 1.936009999999999991e+02
3.742740000000000009e+02 1.954639999999999986e+02
3.700819999999999936e+02 2.029159999999999968e+02
3.793969999999999914e+02 2.145600000000000023e+02
3.849859999999999900e+02 2.024499999999999886e+02
3.803290000000000077e+02 2.019850000000000136e+02
3.747389999999999759e+02 2.066419999999999959e+02
