3.724359999999999786e+02 2.456150000000000091e+02
3.830240000000000009e+02 2.354869999999999948e+02
3.940729999999999791e+02 2.235169999999999959e+02
4.014390000000000214e+02 2.101670000000000016e+02
4.101859999999999786e+02 2.000389999999999873e+02
3.816429999999999723e+02 2.078650000000000091e+02
3.825640000000000214e+02 1.885300000000000011e+02
3.816429999999999723e+02 1.747189999999999941e+02
3.793410000000000082e+02 1.627489999999999952e+02
3.715149999999999864e+02 2.097059999999999889e+02
3.719759999999999991e+02 1.876090000000000089e+02
3.715149999999999864e+02 1.710360000000000014e+02
3.701340000000000146e+02 1.590660000000000025e+02
3.618480000000000132e+02 2.115480000000000018e+02
3.618480000000000132e+02 1.903710000000000093e+02
3.618480000000000132e+02 1.770209999999999866e+02
3.613870000000000005e+02 1.650509999999999877e+02
3.535609999999999786e+02 2.147700000000000102e+02
3.531009999999999991e+02 1.968160000000000025e+02
3.531009999999999991e+02 1.880689999999999884e+02
3.535609999999999786e+02 1.793220000000000027e+02
