3.653999999999999773e+02 3.940299999999999727e+02
3.511419999999999959e+02 3.965459999999999923e+02
3.377230000000000132e+02 4.036750000000000114e+02
3.326909999999999741e+02 4.158360000000000127e+02
3.276589999999999918e+02 4.254809999999999945e+02
3.511419999999999959e+02 4.158360000000000127e+02
3.515620000000000118e+02 4.242230000000000132e+02
3.515620000000000118e+02 4.334479999999999791e+02
3.523999999999999773e+02 4.430930000000000177e+02
3.641419999999999959e+02 4.166739999999999782e+02
3.649809999999999945e+02 4.267389999999999759e+02
3.649809999999999945e+02 4.368029999999999973e+02
3.674970000000000141e+02 4.447699999999999818e+02
3.742060000000000173e+02 4.170939999999999941e+02
3.775609999999999786e+02 4.296739999999999782e+02
3.792379999999999995e+02 4.359639999999999986e+02
3.813349999999999795e+02 4.435120000000000005e+02
3.830120000000000005e+02 4.162549999999999955e+02
3.893020000000000209e+02 4.250609999999999786e+02
3.943349999999999795e+02 4.300930000000000177e+02
3.981089999999999804e+02 4.338670000000000186e+02
