3.720550000000000068e+02 3.950760000000000218e+02
3.562789999999999964e+02 3.984870000000000232e+02
3.396510000000000105e+02 4.048829999999999814e+02
3.255799999999999841e+02 4.117049999999999841e+02
3.119359999999999786e+02 4.146890000000000214e+02
3.575579999999999927e+02 4.117049999999999841e+02
3.511630000000000109e+02 4.244959999999999809e+02
3.434879999999999995e+02 4.334499999999999886e+02
3.396510000000000105e+02 4.389929999999999950e+02
3.703500000000000227e+02 4.134100000000000250e+02
3.656600000000000250e+02 4.236429999999999723e+02
3.613960000000000150e+02 4.347289999999999850e+02
3.567060000000000173e+02 4.415509999999999877e+02
3.797300000000000182e+02 4.155419999999999732e+02
3.793039999999999736e+02 4.215110000000000241e+02
3.775980000000000132e+02 4.279069999999999823e+02
3.771720000000000255e+02 4.343029999999999973e+02
3.891100000000000136e+02 4.185269999999999868e+02
3.972110000000000127e+02 4.227900000000000205e+02
4.070179999999999723e+02 4.287599999999999909e+02
4.117080000000000268e+02 4.334499999999999886e+02
