3.714950000000000045e+02 2.946789999999999736e+02
3.710070000000000050e+02 2.819689999999999941e+02
3.661179999999999950e+02 2.673039999999999736e+02
3.666070000000000277e+02 2.531270000000000095e+02
3.719839999999999804e+02 2.413950000000000102e+02
3.411870000000000118e+02 2.800140000000000100e+02
3.250550000000000068e+02 2.883240000000000123e+02
3.128340000000000032e+02 2.927239999999999895e+02
3.025690000000000168e+02 3.005450000000000159e+02
3.358100000000000023e+02 2.883240000000000123e+02
3.138120000000000118e+02 2.961460000000000150e+02
3.001250000000000000e+02 3.015230000000000246e+02
2.893700000000000045e+02 3.078779999999999859e+02
3.294549999999999841e+02 2.902789999999999964e+02
3.133229999999999791e+02 2.956569999999999823e+02
2.986580000000000155e+02 3.010339999999999918e+02
2.913249999999999886e+02 3.078779999999999859e+02
3.255439999999999827e+02 2.888129999999999882e+02
3.157669999999999959e+02 2.922350000000000136e+02
3.059909999999999854e+02 2.961460000000000150e+02
3.011019999999999754e+02 3.010339999999999918e+02
