3.687830000000000155e+02 2.423319999999999936e+02
3.772719999999999914e+02 2.300689999999999884e+02
3.871770000000000209e+02 2.168619999999999948e+02
3.918940000000000055e+02 2.012969999999999970e+02
3.984970000000000141e+02 1.890339999999999918e+02
3.777440000000000282e+02 2.041270000000000095e+02
3.763290000000000077e+02 1.866759999999999877e+02
3.734990000000000236e+02 1.777139999999999986e+02
3.701979999999999791e+02 1.720550000000000068e+02
3.692540000000000191e+02 2.050709999999999980e+02
3.668960000000000150e+02 1.852609999999999957e+02
3.621789999999999736e+02 1.772429999999999950e+02
3.584060000000000059e+02 1.729979999999999905e+02
3.612359999999999900e+02 2.088439999999999941e+02
3.579340000000000259e+02 1.899780000000000086e+02
3.541610000000000014e+02 1.824310000000000116e+02
3.499159999999999968e+02 1.786579999999999870e+02
3.532180000000000177e+02 2.130889999999999986e+02
3.499159999999999968e+02 1.994110000000000014e+02
3.470860000000000127e+02 1.937510000000000048e+02
3.461429999999999723e+02 1.895060000000000002e+02
