3.810950000000000273e+02 3.917110000000000127e+02
3.690889999999999986e+02 3.966789999999999736e+02
3.562549999999999955e+02 4.033029999999999973e+02
3.541850000000000023e+02 4.140670000000000073e+02
3.550129999999999768e+02 4.281419999999999959e+02
3.699169999999999732e+02 4.144809999999999945e+02
3.724010000000000105e+02 4.268999999999999773e+02
3.728149999999999977e+02 4.364220000000000255e+02
3.761270000000000095e+02 4.438740000000000236e+02
3.823369999999999891e+02 4.148949999999999818e+02
3.844069999999999823e+02 4.268999999999999773e+02
3.868910000000000196e+02 4.393199999999999932e+02
3.926870000000000118e+02 4.455299999999999727e+02
3.931009999999999991e+02 4.148949999999999818e+02
3.943419999999999845e+02 4.252450000000000045e+02
3.984820000000000277e+02 4.343519999999999754e+02
4.022080000000000268e+02 4.438740000000000236e+02
4.026220000000000141e+02 4.144809999999999945e+02
4.067620000000000005e+02 4.244169999999999732e+02
4.113159999999999741e+02 4.302119999999999891e+02
4.154560000000000173e+02 4.351800000000000068e+02
