3.706299999999999955e+02 3.979080000000000155e+02
3.832819999999999823e+02 4.164649999999999750e+02
3.347810000000000059e+02 4.109820000000000277e+02
3.187549999999999955e+02 4.135129999999999768e+02
3.035720000000000027e+02 4.122479999999999905e+02
3.465899999999999750e+02 4.232130000000000223e+02
3.402640000000000100e+02 4.324909999999999854e+02
3.352029999999999745e+02 4.379739999999999895e+02
3.292989999999999782e+02 4.430350000000000250e+02
3.567119999999999891e+02 4.206829999999999927e+02
3.537599999999999909e+02 4.295389999999999873e+02
3.495419999999999732e+02 4.274300000000000068e+02
3.402640000000000100e+02 4.320699999999999932e+02
3.672559999999999718e+02 4.202610000000000241e+02
3.643029999999999973e+02 4.299610000000000127e+02
3.634599999999999795e+02 4.261650000000000205e+02
3.634599999999999795e+02 4.147780000000000200e+02
3.706299999999999955e+02 4.286960000000000264e+02
3.706299999999999955e+02 4.324909999999999854e+02
3.706299999999999955e+02 4.438779999999999859e+02
3.756899999999999977e+02 4.502049999999999841e+02
