3.653600000000000136e+02 2.394000000000000057e+02
3.541840000000000259e+02 2.342769999999999868e+02
3.462679999999999723e+02 2.207729999999999961e+02
3.439399999999999977e+02 2.068029999999999973e+02
3.420769999999999982e+02 1.965579999999999927e+02
3.597719999999999914e+02 2.040089999999999861e+02
3.583750000000000000e+02 1.900389999999999873e+02
3.583750000000000000e+02 1.877110000000000127e+02
3.588410000000000082e+02 1.863139999999999930e+02
3.690860000000000127e+02 2.026119999999999948e+02
3.700169999999999959e+02 1.853820000000000050e+02
3.695509999999999877e+02 1.863139999999999930e+02
3.681539999999999964e+02 1.937640000000000100e+02
3.770020000000000095e+02 2.044749999999999943e+02
3.807269999999999754e+02 1.895730000000000075e+02
3.797959999999999923e+02 1.909699999999999989e+02
3.765360000000000014e+02 1.984209999999999923e+02
3.853840000000000146e+02 2.063369999999999891e+02
3.881779999999999973e+02 1.956270000000000095e+02
3.881779999999999973e+02 1.974900000000000091e+02
3.863149999999999977e+02 2.016810000000000116e+02
