3.803319999999999936e+02 1.881860000000000070e+02
3.670899999999999750e+02 1.862239999999999895e+02
3.494329999999999927e+02 1.798480000000000132e+02
3.347200000000000273e+02 1.749430000000000121e+02
3.219680000000000177e+02 1.685670000000000073e+02
3.636560000000000059e+02 1.563060000000000116e+02
3.567900000000000205e+02 1.406109999999999900e+02
3.455099999999999909e+02 1.366879999999999882e+02
3.371720000000000255e+02 1.371779999999999973e+02
3.685609999999999786e+02 1.538540000000000134e+02
3.572799999999999727e+02 1.371779999999999973e+02
3.455099999999999909e+02 1.357069999999999936e+02
3.352099999999999795e+02 1.371779999999999973e+02
3.729750000000000227e+02 1.528729999999999905e+02
3.616949999999999932e+02 1.371779999999999973e+02
3.484519999999999982e+02 1.357069999999999936e+02
3.406050000000000182e+02 1.371779999999999973e+02
3.764080000000000155e+02 1.523820000000000050e+02
3.651279999999999859e+02 1.386500000000000057e+02
3.572799999999999727e+02 1.371779999999999973e+02
3.499239999999999782e+02 1.366879999999999882e+02
