3.806999999999999886e+02 3.928670000000000186e+02
3.678670000000000186e+02 3.965930000000000177e+02
3.558609999999999900e+02 4.044590000000000032e+02
3.546190000000000282e+02 4.148090000000000259e+02
3.550330000000000155e+02 4.280559999999999832e+02
3.695230000000000246e+02 4.148090000000000259e+02
3.711789999999999736e+02 4.276419999999999959e+02
3.728349999999999795e+02 4.371639999999999873e+02
3.761460000000000150e+02 4.446159999999999854e+02
3.815280000000000200e+02 4.152230000000000132e+02
3.852540000000000191e+02 4.272280000000000086e+02
3.873240000000000123e+02 4.384060000000000059e+02
3.927060000000000173e+02 4.450299999999999727e+02
3.922919999999999732e+02 4.143949999999999818e+02
3.964320000000000164e+02 4.255720000000000027e+02
3.989159999999999968e+02 4.346800000000000068e+02
4.022269999999999754e+02 4.442019999999999982e+02
4.022269999999999754e+02 4.123249999999999886e+02
4.067810000000000059e+02 4.243299999999999841e+02
4.109209999999999923e+02 4.301259999999999764e+02
4.146469999999999914e+02 4.350939999999999941e+02
