3.777429999999999950e+02 2.943559999999999945e+02
3.691120000000000232e+02 2.871639999999999873e+02
3.623999999999999773e+02 2.737389999999999759e+02
3.604820000000000277e+02 2.646290000000000191e+02
3.609619999999999891e+02 2.559979999999999905e+02
3.772629999999999768e+02 2.512040000000000077e+02
3.796610000000000014e+02 2.320250000000000057e+02
3.810989999999999895e+02 2.190800000000000125e+02
3.839759999999999991e+02 2.070929999999999893e+02
3.844549999999999841e+02 2.555190000000000055e+02
3.911680000000000064e+02 2.334639999999999986e+02
3.945240000000000009e+02 2.185999999999999943e+02
3.959619999999999891e+02 2.051750000000000114e+02
3.906879999999999882e+02 2.622320000000000277e+02
3.988389999999999986e+02 2.425730000000000075e+02
3.926059999999999945e+02 2.334639999999999986e+02
3.820579999999999927e+02 2.320250000000000057e+02
3.926059999999999945e+02 2.699030000000000200e+02
3.993190000000000168e+02 2.588750000000000000e+02
3.945240000000000009e+02 2.526419999999999959e+02
3.839759999999999991e+02 2.507239999999999895e+02
