3.605269999999999868e+02 4.103750000000000000e+02
3.453290000000000077e+02 4.164540000000000077e+02
3.312710000000000150e+02 4.259529999999999745e+02
3.267119999999999891e+02 4.373509999999999991e+02
3.202529999999999859e+02 4.457099999999999795e+02
3.487490000000000236e+02 4.343109999999999786e+02
3.510289999999999964e+02 4.464700000000000273e+02
3.487490000000000236e+02 4.563480000000000132e+02
3.479889999999999759e+02 4.654669999999999845e+02
3.635670000000000073e+02 4.289920000000000186e+02
3.662269999999999754e+02 4.457099999999999795e+02
3.669859999999999900e+02 4.601480000000000246e+02
3.704060000000000059e+02 4.681270000000000095e+02
3.757250000000000227e+02 4.293720000000000141e+02
3.761050000000000182e+02 4.434300000000000068e+02
3.821840000000000259e+02 4.552090000000000032e+02
3.852239999999999895e+02 4.658469999999999800e+02
3.856039999999999850e+02 4.316519999999999868e+02
3.916829999999999927e+02 4.426700000000000159e+02
3.973820000000000050e+02 4.495090000000000146e+02
4.030810000000000173e+02 4.555889999999999986e+02
