3.618489999999999895e+02 2.441239999999999952e+02
3.505590000000000259e+02 2.365980000000000132e+02
3.439739999999999895e+02 2.215459999999999923e+02
3.439739999999999895e+02 2.093149999999999977e+02
3.435040000000000191e+02 1.980260000000000105e+02
3.552629999999999768e+02 2.069629999999999939e+02
3.576150000000000091e+02 1.933220000000000027e+02
3.585559999999999832e+02 1.895589999999999975e+02
3.599669999999999845e+02 1.876769999999999925e+02
3.651419999999999959e+02 2.079039999999999964e+02
3.670230000000000246e+02 1.914410000000000025e+02
3.689049999999999727e+02 1.881479999999999961e+02
3.721970000000000027e+02 1.872069999999999936e+02
3.736089999999999804e+02 2.102560000000000002e+02
3.773720000000000141e+02 1.952040000000000077e+02
3.778419999999999845e+02 1.919110000000000014e+02
3.740790000000000077e+02 1.966150000000000091e+02
3.806639999999999873e+02 2.144900000000000091e+02
3.853679999999999950e+02 2.031999999999999886e+02
3.848980000000000246e+02 2.003779999999999859e+02
3.839569999999999936e+02 2.013189999999999884e+02
