3.701650000000000205e+02 3.955769999999999982e+02
3.560099999999999909e+02 4.014060000000000059e+02
3.431030000000000086e+02 4.109820000000000277e+02
3.468500000000000227e+02 4.205570000000000164e+02
3.501809999999999832e+02 4.305489999999999782e+02
3.622549999999999955e+02 4.130629999999999882e+02
3.593399999999999750e+02 4.305489999999999782e+02
3.593399999999999750e+02 4.401250000000000000e+02
3.626709999999999923e+02 4.472019999999999982e+02
3.722470000000000141e+02 4.138960000000000150e+02
3.705810000000000173e+02 4.293000000000000114e+02
3.726630000000000109e+02 4.372099999999999795e+02
3.743279999999999745e+02 4.476190000000000282e+02
3.818220000000000027e+02 4.143120000000000118e+02
3.809900000000000091e+02 4.272189999999999941e+02
3.826549999999999727e+02 4.367939999999999827e+02
3.847370000000000232e+02 4.467860000000000014e+02
3.897330000000000041e+02 4.172269999999999754e+02
3.909820000000000277e+02 4.272189999999999941e+02
3.934789999999999850e+02 4.338799999999999955e+02
3.959769999999999754e+02 4.401250000000000000e+02
