3.739259999999999877e+02 3.934390000000000214e+02
3.594060000000000059e+02 3.967579999999999814e+02
3.457160000000000082e+02 4.004909999999999854e+02
3.341000000000000227e+02 4.000760000000000218e+02
3.216539999999999964e+02 3.955129999999999768e+02
3.672880000000000109e+02 4.145960000000000036e+02
3.747559999999999718e+02 4.257970000000000255e+02
3.822230000000000132e+02 4.332649999999999864e+02
3.892749999999999773e+02 4.390729999999999791e+02
3.801490000000000009e+02 4.145960000000000036e+02
3.872010000000000218e+02 4.257970000000000255e+02
3.946689999999999827e+02 4.336800000000000068e+02
4.033799999999999955e+02 4.390729999999999791e+02
3.876159999999999854e+02 4.137669999999999959e+02
3.946689999999999827e+02 4.228929999999999723e+02
4.013059999999999832e+02 4.316050000000000182e+02
4.079440000000000168e+02 4.374130000000000109e+02
3.963279999999999745e+02 4.108629999999999995e+02
4.029660000000000082e+02 4.204039999999999964e+02
4.079440000000000168e+02 4.262119999999999891e+02
4.137520000000000095e+02 4.320199999999999818e+02
