3.741610000000000014e+02 3.969780000000000086e+02
3.594490000000000123e+02 4.033399999999999750e+02
3.467239999999999895e+02 4.124859999999999900e+02
3.495079999999999814e+02 4.232219999999999800e+02
3.526890000000000214e+02 4.343559999999999945e+02
3.681970000000000027e+02 4.120880000000000223e+02
3.650160000000000196e+02 4.319700000000000273e+02
3.634250000000000114e+02 4.423079999999999927e+02
3.654130000000000109e+02 4.502610000000000241e+02
3.785350000000000250e+02 4.144739999999999895e+02
3.777400000000000091e+02 4.307769999999999868e+02
3.809209999999999923e+02 4.435009999999999764e+02
3.848969999999999914e+02 4.510559999999999832e+02
3.880779999999999745e+02 4.148720000000000141e+02
3.888740000000000236e+02 4.307769999999999868e+02
3.920550000000000068e+02 4.403199999999999932e+02
3.952359999999999900e+02 4.486709999999999923e+02
3.972239999999999895e+02 4.176549999999999727e+02
3.996100000000000136e+02 4.295840000000000032e+02
4.027909999999999968e+02 4.363439999999999941e+02
4.067669999999999959e+02 4.407180000000000177e+02
