3.698020000000000209e+02 3.946190000000000282e+02
3.552389999999999759e+02 4.006150000000000091e+02
3.415319999999999823e+02 4.087540000000000191e+02
3.355350000000000250e+02 4.203179999999999836e+02
3.282540000000000191e+02 4.276000000000000227e+02
3.569519999999999982e+02 4.138929999999999723e+02
3.595219999999999914e+02 4.280280000000000200e+02
3.595219999999999914e+02 4.383079999999999927e+02
3.629490000000000123e+02 4.460179999999999723e+02
3.698020000000000209e+02 4.168919999999999959e+02
3.723720000000000141e+02 4.280280000000000200e+02
3.736569999999999823e+02 4.413070000000000164e+02
3.796530000000000200e+02 4.481600000000000250e+02
3.796530000000000200e+02 4.173199999999999932e+02
3.805099999999999909e+02 4.258870000000000005e+02
3.860779999999999745e+02 4.357379999999999995e+02
3.899329999999999927e+02 4.455899999999999750e+02
3.895049999999999955e+02 4.168919999999999959e+02
3.942169999999999845e+02 4.263149999999999977e+02
4.002130000000000223e+02 4.314549999999999841e+02
4.040679999999999836e+02 4.357379999999999995e+02
