3.780090000000000146e+02 3.903709999999999809e+02
3.615129999999999768e+02 3.969689999999999941e+02
3.446050000000000182e+02 4.035679999999999836e+02
3.301709999999999923e+02 4.101659999999999968e+02
3.157370000000000232e+02 4.134649999999999750e+02
3.582139999999999986e+02 4.072789999999999964e+02
3.540899999999999750e+02 4.229499999999999886e+02
3.479039999999999964e+02 4.336730000000000018e+02
3.454300000000000068e+02 4.373840000000000146e+02
3.697610000000000241e+02 4.089289999999999736e+02
3.676990000000000123e+02 4.241870000000000118e+02
3.648120000000000118e+02 4.336730000000000018e+02
3.615129999999999768e+02 4.427450000000000045e+02
3.775969999999999800e+02 4.093410000000000082e+02
3.784209999999999923e+02 4.225380000000000109e+02
3.780090000000000146e+02 4.299610000000000127e+02
3.747099999999999795e+02 4.398589999999999804e+02
3.850199999999999818e+02 4.109909999999999854e+02
3.846070000000000277e+02 4.175889999999999986e+02
3.829580000000000268e+02 4.254250000000000114e+02
3.817210000000000036e+02 4.328480000000000132e+02
