3.671309999999999718e+02 2.464770000000000039e+02
3.547780000000000200e+02 2.421999999999999886e+02
3.433740000000000236e+02 2.279459999999999980e+02
3.376730000000000018e+02 2.127419999999999902e+02
3.319710000000000036e+02 2.027640000000000100e+02
3.557280000000000086e+02 2.089410000000000025e+02
3.533519999999999754e+02 1.904099999999999966e+02
3.509759999999999991e+02 1.785320000000000107e+02
3.500260000000000105e+02 1.680790000000000077e+02
3.661809999999999832e+02 2.084660000000000082e+02
3.661809999999999832e+02 1.885099999999999909e+02
3.642799999999999727e+02 1.747309999999999945e+02
3.642799999999999727e+02 1.638029999999999973e+02
3.742579999999999814e+02 2.089410000000000025e+02
3.747330000000000041e+02 1.918360000000000127e+02
3.747330000000000041e+02 1.794819999999999993e+02
3.737830000000000155e+02 1.699799999999999898e+02
3.832860000000000014e+02 2.122669999999999959e+02
3.856610000000000014e+02 1.999130000000000109e+02
3.880369999999999777e+02 1.932609999999999957e+02
3.889870000000000232e+02 1.861339999999999861e+02
