3.709049999999999727e+02 3.975729999999999791e+02
3.550339999999999918e+02 4.016429999999999723e+02
3.416059999999999945e+02 4.097810000000000059e+02
3.367219999999999800e+02 4.215819999999999936e+02
3.289909999999999854e+02 4.289069999999999823e+02
3.546270000000000095e+02 4.203620000000000232e+02
3.509649999999999750e+02 4.317559999999999718e+02
3.448609999999999900e+02 4.390799999999999841e+02
3.411990000000000123e+02 4.451840000000000259e+02
3.672420000000000186e+02 4.256519999999999868e+02
3.627660000000000196e+02 4.293140000000000214e+02
3.737529999999999859e+02 4.451840000000000259e+02
3.770090000000000146e+02 4.516949999999999932e+02
3.774159999999999968e+02 4.260590000000000259e+02
3.835199999999999818e+02 4.325699999999999932e+02
3.904370000000000118e+02 4.411150000000000091e+02
3.969479999999999791e+02 4.459979999999999905e+02
3.936929999999999836e+02 4.260590000000000259e+02
3.957280000000000086e+02 4.305350000000000250e+02
3.908439999999999941e+02 4.394870000000000232e+02
3.997970000000000255e+02 4.480330000000000155e+02
