3.701469999999999914e+02 3.097730000000000246e+02
3.584820000000000277e+02 2.976220000000000141e+02
3.443879999999999768e+02 2.815840000000000032e+02
3.302930000000000064e+02 2.738070000000000164e+02
3.142549999999999955e+02 2.684610000000000127e+02
3.662590000000000146e+02 2.704049999999999727e+02
3.643149999999999977e+02 2.519370000000000118e+02
3.502200000000000273e+02 2.461040000000000134e+02
3.395280000000000200e+02 2.427019999999999982e+02
3.696610000000000014e+02 2.752649999999999864e+02
3.662590000000000146e+02 2.548530000000000086e+02
3.541080000000000041e+02 2.470769999999999982e+02
3.419580000000000268e+02 2.451320000000000050e+02
3.716050000000000182e+02 2.815840000000000032e+02
3.706329999999999814e+02 2.660310000000000059e+02
3.628570000000000277e+02 2.548530000000000086e+02
3.507060000000000173e+02 2.509650000000000034e+02
3.745210000000000150e+02 2.917900000000000205e+02
3.716050000000000182e+02 2.810980000000000132e+02
3.667450000000000045e+02 2.733210000000000264e+02
3.628570000000000277e+02 2.660310000000000059e+02
