3.731619999999999777e+02 2.494360000000000070e+02
3.818990000000000009e+02 2.379389999999999930e+02
3.887970000000000255e+02 2.200049999999999955e+02
3.851179999999999950e+02 2.039099999999999966e+02
3.846580000000000155e+02 1.905749999999999886e+02
3.768399999999999750e+02 2.094279999999999973e+02
3.708620000000000232e+02 1.887350000000000136e+02
3.671840000000000259e+02 1.758590000000000089e+02
3.625849999999999795e+02 1.657429999999999950e+02
3.658039999999999736e+02 2.126469999999999914e+02
3.598260000000000218e+02 1.891949999999999932e+02
3.566070000000000277e+02 1.753990000000000009e+02
3.529279999999999973e+02 1.639029999999999916e+02
3.556870000000000118e+02 2.163259999999999934e+02
3.515489999999999782e+02 1.956330000000000098e+02
3.506290000000000191e+02 1.804579999999999984e+02
3.483299999999999841e+02 1.689619999999999891e+02
3.478700000000000045e+02 2.200049999999999955e+02
3.446510000000000105e+02 2.025310000000000059e+02
3.441909999999999741e+02 1.933340000000000032e+02
3.441909999999999741e+02 1.850560000000000116e+02
