3.640899999999999750e+02 3.940539999999999736e+02
3.494139999999999873e+02 3.974080000000000155e+02
3.364159999999999968e+02 4.041170000000000186e+02
3.334809999999999945e+02 4.146000000000000227e+02
3.271909999999999741e+02 4.242440000000000282e+02
3.498340000000000032e+02 4.154379999999999882e+02
3.506720000000000255e+02 4.255020000000000095e+02
3.506720000000000255e+02 4.343070000000000164e+02
3.523489999999999895e+02 4.426929999999999836e+02
3.615740000000000123e+02 4.162769999999999868e+02
3.645090000000000146e+02 4.263399999999999750e+02
3.653480000000000132e+02 4.359839999999999804e+02
3.674440000000000168e+02 4.443700000000000045e+02
3.724759999999999991e+02 4.158580000000000041e+02
3.754110000000000014e+02 4.250819999999999936e+02
3.787649999999999864e+02 4.343070000000000164e+02
3.808620000000000232e+02 4.435319999999999823e+02
3.825389999999999873e+02 4.137610000000000241e+02
3.879900000000000091e+02 4.238240000000000123e+02
3.934409999999999741e+02 4.301139999999999759e+02
3.976340000000000146e+02 4.343070000000000164e+02
