3.688140000000000214e+02 3.945310000000000059e+02
3.534399999999999977e+02 4.005299999999999727e+02
3.399409999999999741e+02 4.084049999999999727e+02
3.346920000000000073e+02 4.185289999999999964e+02
3.275679999999999836e+02 4.249030000000000200e+02
3.568149999999999977e+02 4.155289999999999964e+02
3.605640000000000214e+02 4.271530000000000200e+02
3.613140000000000214e+02 4.365269999999999868e+02
3.639390000000000214e+02 4.440260000000000105e+02
3.695640000000000214e+02 4.159039999999999964e+02
3.733129999999999882e+02 4.267780000000000200e+02
3.751879999999999882e+02 4.387769999999999868e+02
3.804379999999999882e+02 4.455260000000000105e+02
3.789379999999999882e+02 4.144039999999999964e+02
3.811870000000000118e+02 4.260280000000000200e+02
3.864370000000000118e+02 4.342769999999999868e+02
3.898120000000000118e+02 4.429010000000000105e+02
3.898120000000000118e+02 4.136539999999999964e+02
3.935609999999999786e+02 4.234030000000000200e+02
3.988109999999999786e+02 4.286530000000000200e+02
4.025600000000000023e+02 4.339019999999999868e+02
