3.733029999999999973e+02 3.947570000000000050e+02
3.580120000000000005e+02 3.990040000000000191e+02
3.444209999999999923e+02 4.083480000000000132e+02
3.414479999999999791e+02 4.193919999999999959e+02
3.350760000000000218e+02 4.287359999999999900e+02
3.584370000000000118e+02 4.147189999999999941e+02
3.609859999999999900e+02 4.300099999999999909e+02
3.618349999999999795e+02 4.410529999999999973e+02
3.665070000000000050e+02 4.482740000000000009e+02
3.711789999999999736e+02 4.172679999999999723e+02
3.737280000000000086e+02 4.321340000000000146e+02
3.775509999999999877e+02 4.431770000000000209e+02
3.830720000000000027e+02 4.491240000000000236e+02
3.813729999999999905e+02 4.176929999999999836e+02
3.826469999999999914e+02 4.308600000000000136e+02
3.868949999999999818e+02 4.406290000000000191e+02
3.911419999999999959e+02 4.478489999999999895e+02
3.911419999999999959e+02 4.181170000000000186e+02
3.949649999999999750e+02 4.283109999999999786e+02
3.983629999999999995e+02 4.338330000000000268e+02
4.013360000000000127e+02 4.385049999999999955e+02
