3.644759999999999991e+02 2.473770000000000095e+02
3.520989999999999895e+02 2.407119999999999891e+02
3.421019999999999754e+02 2.264310000000000116e+02
3.401979999999999791e+02 2.116730000000000018e+02
3.349610000000000127e+02 2.002479999999999905e+02
3.573360000000000127e+02 2.088170000000000073e+02
3.582880000000000109e+02 1.897750000000000057e+02
3.573360000000000127e+02 1.759699999999999989e+02
3.582880000000000109e+02 1.659730000000000132e+02
3.682850000000000250e+02 2.097690000000000055e+02
3.701890000000000214e+02 1.878710000000000093e+02
3.716170000000000186e+02 1.745420000000000016e+02
3.720930000000000177e+02 1.621639999999999873e+02
3.759019999999999868e+02 2.111970000000000027e+02
3.792339999999999804e+02 1.926310000000000002e+02
3.811379999999999768e+02 1.793019999999999925e+02
3.830419999999999732e+02 1.683530000000000086e+02
3.839940000000000282e+02 2.154819999999999993e+02
3.906589999999999918e+02 2.016759999999999877e+02
3.930389999999999873e+02 1.940600000000000023e+02
3.954200000000000159e+02 1.864430000000000121e+02
