3.760269999999999868e+02 4.012860000000000014e+02
3.614069999999999823e+02 4.069710000000000036e+02
3.488179999999999836e+02 4.142810000000000059e+02
3.427259999999999991e+02 4.244340000000000259e+02
3.354159999999999968e+02 4.321499999999999773e+02
3.687169999999999845e+02 4.276829999999999927e+02
3.683109999999999786e+02 4.358050000000000068e+02
3.658740000000000236e+02 4.463639999999999759e+02
3.679049999999999727e+02 4.512370000000000232e+02
3.817130000000000223e+02 4.289010000000000105e+02
3.849610000000000127e+02 4.410849999999999795e+02
3.853679999999999950e+02 4.483940000000000055e+02
3.890230000000000246e+02 4.544859999999999900e+02
3.918650000000000091e+02 4.272769999999999868e+02
3.975509999999999877e+02 4.362110000000000127e+02
4.016120000000000232e+02 4.443330000000000268e+02
4.048609999999999900e+02 4.516429999999999723e+02
4.032359999999999900e+02 4.252459999999999809e+02
4.109519999999999982e+02 4.321499999999999773e+02
4.174499999999999886e+02 4.366170000000000186e+02
4.235419999999999732e+02 4.414909999999999854e+02
