3.724560000000000173e+02 3.955860000000000127e+02
3.566840000000000259e+02 3.989959999999999809e+02
3.396329999999999814e+02 4.062429999999999950e+02
3.255670000000000073e+02 4.122099999999999795e+02
3.123530000000000086e+02 4.139150000000000205e+02
3.617989999999999782e+02 4.100790000000000077e+02
3.515690000000000168e+02 4.237189999999999941e+02
3.456009999999999991e+02 4.271290000000000191e+02
3.396329999999999814e+02 4.373600000000000136e+02
3.733079999999999927e+02 4.130629999999999882e+02
3.669139999999999873e+02 4.232930000000000064e+02
3.635040000000000191e+02 4.330969999999999800e+02
3.566840000000000259e+02 4.382119999999999891e+02
3.831120000000000232e+02 4.143410000000000082e+02
3.903589999999999804e+02 4.254239999999999782e+02
3.984580000000000268e+02 4.335230000000000246e+02
4.078349999999999795e+02 4.424750000000000227e+02
3.907850000000000250e+02 4.190299999999999727e+02
4.001630000000000109e+02 4.237189999999999941e+02
4.078349999999999795e+02 4.284080000000000155e+02
4.150819999999999936e+02 4.335230000000000246e+02
