3.717669999999999959e+02 2.457599999999999909e+02
3.823720000000000141e+02 2.351560000000000059e+02
3.934370000000000118e+02 2.236289999999999907e+02
4.008140000000000214e+02 2.093360000000000127e+02
4.114180000000000064e+02 2.005759999999999934e+02
3.814499999999999886e+02 2.084139999999999873e+02
3.823720000000000141e+02 1.890500000000000114e+02
3.819110000000000014e+02 1.742959999999999923e+02
3.791440000000000055e+02 1.623079999999999927e+02
3.708450000000000273e+02 2.088750000000000000e+02
3.703840000000000146e+02 1.872059999999999889e+02
3.703840000000000146e+02 1.719910000000000139e+02
3.690009999999999764e+02 1.595420000000000016e+02
3.607019999999999982e+02 2.121030000000000086e+02
3.607019999999999982e+02 1.908940000000000055e+02
3.616240000000000236e+02 1.761399999999999864e+02
3.607019999999999982e+02 1.646140000000000043e+02
3.533249999999999886e+02 2.157909999999999968e+02
3.528639999999999759e+02 1.978100000000000023e+02
3.528639999999999759e+02 1.872059999999999889e+02
3.533249999999999886e+02 1.793679999999999950e+02
