3.954590000000000032e+02 2.648249999999999886e+02
3.845319999999999823e+02 2.610240000000000009e+02
3.712280000000000086e+02 2.595980000000000132e+02
3.555489999999999782e+02 2.586480000000000246e+02
3.412950000000000159e+02 2.586480000000000246e+02
3.783550000000000182e+02 2.904820000000000277e+02
3.603000000000000114e+02 2.990339999999999918e+02
3.469959999999999809e+02 2.966580000000000155e+02
3.379689999999999941e+02 2.952330000000000041e+02
3.778799999999999955e+02 2.957080000000000268e+02
3.574490000000000123e+02 3.037850000000000250e+02
3.450960000000000036e+02 2.985590000000000259e+02
3.346429999999999723e+02 2.919069999999999823e+02
3.759789999999999850e+02 2.957080000000000268e+02
3.583990000000000009e+02 3.028349999999999795e+02
3.460459999999999923e+02 2.985590000000000259e+02
3.374940000000000282e+02 2.919069999999999823e+02
3.731279999999999859e+02 2.952330000000000041e+02
3.593500000000000227e+02 2.990339999999999918e+02
3.488969999999999914e+02 2.966580000000000155e+02
3.417699999999999818e+02 2.942830000000000155e+02
