3.639610000000000127e+02 3.925459999999999923e+02
3.506390000000000100e+02 3.971259999999999764e+02
3.377330000000000041e+02 4.050360000000000014e+02
3.352350000000000136e+02 4.150280000000000200e+02
3.385649999999999977e+02 4.300160000000000196e+02
3.510550000000000068e+02 4.137789999999999964e+02
3.514719999999999800e+02 4.296000000000000227e+02
3.543860000000000241e+02 4.395919999999999845e+02
3.602149999999999750e+02 4.462529999999999859e+02
3.631290000000000191e+02 4.137789999999999964e+02
3.635450000000000159e+02 4.300160000000000196e+02
3.672919999999999732e+02 4.395919999999999845e+02
3.710389999999999873e+02 4.466689999999999827e+02
3.735369999999999777e+02 4.133629999999999995e+02
3.731209999999999809e+02 4.271019999999999754e+02
3.747860000000000014e+02 4.370939999999999941e+02
3.781170000000000186e+02 4.445869999999999891e+02
3.814470000000000027e+02 4.154440000000000168e+02
3.814470000000000027e+02 4.266850000000000023e+02
3.839449999999999932e+02 4.333469999999999800e+02
3.864429999999999836e+02 4.383430000000000177e+02
