3.828570000000000277e+02 3.033779999999999859e+02
3.828570000000000277e+02 2.922479999999999905e+02
3.765659999999999741e+02 2.791829999999999927e+02
3.635009999999999764e+02 2.738600000000000136e+02
3.514039999999999964e+02 2.738600000000000136e+02
3.731789999999999736e+02 3.004739999999999895e+02
3.533389999999999986e+02 2.975710000000000264e+02
3.494680000000000177e+02 2.859580000000000268e+02
3.514039999999999964e+02 2.777320000000000277e+02
3.664039999999999964e+02 3.086999999999999886e+02
3.470489999999999782e+02 3.145070000000000050e+02
3.354359999999999786e+02 3.096680000000000064e+02
3.267259999999999991e+02 3.048290000000000077e+02
3.605980000000000132e+02 3.130550000000000068e+02
3.426940000000000168e+02 3.174100000000000250e+02
3.281770000000000209e+02 3.169270000000000209e+02
3.180160000000000196e+02 3.203140000000000214e+02
3.547909999999999968e+02 3.149909999999999854e+02
3.373709999999999809e+02 3.198299999999999841e+02
3.272099999999999795e+02 3.188620000000000232e+02
3.185000000000000000e+02 3.212810000000000059e+02
