3.723009999999999877e+02 2.501090000000000089e+02
3.589750000000000227e+02 2.429699999999999989e+02
3.504080000000000155e+02 2.272640000000000100e+02
3.527880000000000109e+02 2.115579999999999927e+02
3.532640000000000100e+02 1.963290000000000077e+02
3.613550000000000182e+02 2.115579999999999927e+02
3.613550000000000182e+02 1.920449999999999875e+02
3.613550000000000182e+02 1.777669999999999959e+02
3.618310000000000173e+02 1.663449999999999989e+02
3.708729999999999905e+02 2.120339999999999918e+02
3.689700000000000273e+02 1.896649999999999920e+02
3.689700000000000273e+02 1.744360000000000070e+02
3.699209999999999923e+02 1.620610000000000070e+02
3.789639999999999986e+02 2.139379999999999882e+02
3.765840000000000032e+02 1.934730000000000132e+02
3.761089999999999804e+02 1.787189999999999941e+02
3.765840000000000032e+02 1.668209999999999980e+02
3.875310000000000059e+02 2.191730000000000018e+02
3.851510000000000105e+02 2.034670000000000130e+02
3.846750000000000114e+02 1.929970000000000141e+02
3.841990000000000123e+02 1.830020000000000095e+02
