3.662559999999999718e+02 2.462599999999999909e+02
3.544940000000000282e+02 2.415550000000000068e+02
3.436720000000000255e+02 2.283820000000000050e+02
3.394379999999999882e+02 2.128549999999999898e+02
3.323809999999999718e+02 2.020339999999999918e+02
3.549639999999999986e+02 2.095620000000000118e+02
3.540230000000000246e+02 1.907419999999999902e+02
3.511999999999999886e+02 1.789799999999999898e+02
3.507300000000000182e+02 1.676879999999999882e+02
3.657860000000000014e+02 2.090920000000000130e+02
3.657860000000000014e+02 1.879190000000000111e+02
3.657860000000000014e+02 1.752160000000000082e+02
3.662559999999999718e+02 1.643950000000000102e+02
3.737839999999999918e+02 2.100329999999999870e+02
3.747250000000000227e+02 1.912129999999999939e+02
3.761360000000000241e+02 1.794509999999999934e+02
3.756659999999999968e+02 1.690999999999999943e+02
3.827230000000000132e+02 2.133259999999999934e+02
3.878990000000000009e+02 2.010929999999999893e+02
3.888399999999999750e+02 1.940360000000000014e+02
3.916630000000000109e+02 1.869780000000000086e+02
