3.693229999999999791e+02 3.960450000000000159e+02
3.553430000000000177e+02 4.007049999999999841e+02
3.417880000000000109e+02 4.087540000000000191e+02
3.358570000000000277e+02 4.193439999999999941e+02
3.286560000000000059e+02 4.273919999999999959e+02
3.561909999999999741e+02 4.129900000000000091e+02
3.591560000000000059e+02 4.273919999999999959e+02
3.591560000000000059e+02 4.384060000000000059e+02
3.629680000000000177e+02 4.460310000000000059e+02
3.693229999999999791e+02 4.159549999999999841e+02
3.722880000000000109e+02 4.282400000000000091e+02
3.735590000000000259e+02 4.409479999999999791e+02
3.794889999999999759e+02 4.481490000000000009e+02
3.794889999999999759e+02 4.163790000000000191e+02
3.803369999999999891e+02 4.269689999999999941e+02
3.858439999999999941e+02 4.367119999999999891e+02
3.896560000000000059e+02 4.456080000000000041e+02
3.896560000000000059e+02 4.163790000000000191e+02
3.947389999999999759e+02 4.269689999999999941e+02
3.998229999999999791e+02 4.316290000000000191e+02
4.036349999999999909e+02 4.362880000000000109e+02
