3.693799999999999955e+02 3.942490000000000236e+02
3.552479999999999905e+02 3.989599999999999795e+02
3.424010000000000105e+02 4.079519999999999982e+02
3.359780000000000086e+02 4.195140000000000100e+02
3.286979999999999791e+02 4.276510000000000105e+02
3.582459999999999809e+02 4.169449999999999932e+02
3.591019999999999754e+02 4.280790000000000077e+02
3.591019999999999754e+02 4.383559999999999945e+02
3.629560000000000173e+02 4.456360000000000241e+02
3.698079999999999927e+02 4.182300000000000182e+02
3.723770000000000095e+02 4.289350000000000023e+02
3.736619999999999777e+02 4.417819999999999823e+02
3.796569999999999823e+02 4.477769999999999868e+02
3.796569999999999823e+02 4.178020000000000209e+02
3.805129999999999768e+02 4.263659999999999854e+02
3.865090000000000146e+02 4.370720000000000027e+02
3.899340000000000259e+02 4.456360000000000241e+02
3.895059999999999718e+02 4.169449999999999932e+02
3.955009999999999764e+02 4.267939999999999827e+02
4.002119999999999891e+02 4.315049999999999955e+02
4.040659999999999741e+02 4.357869999999999777e+02
