3.613890000000000100e+02 2.468319999999999936e+02
3.492799999999999727e+02 2.393799999999999955e+02
3.418279999999999745e+02 2.240109999999999957e+02
3.413620000000000232e+02 2.095740000000000123e+02
3.390339999999999918e+02 1.983959999999999866e+02
3.548690000000000282e+02 2.077110000000000127e+02
3.599920000000000186e+02 1.914099999999999966e+02
3.571970000000000027e+02 1.839579999999999984e+02
3.571970000000000027e+02 1.774379999999999882e+02
3.646490000000000009e+02 2.086419999999999959e+02
3.688410000000000082e+02 1.904790000000000134e+02
3.660459999999999923e+02 1.806980000000000075e+02
3.613890000000000100e+02 1.765070000000000050e+02
3.721009999999999991e+02 2.109710000000000036e+02
3.762919999999999732e+02 1.946699999999999875e+02
3.753609999999999900e+02 1.858209999999999980e+02
3.697719999999999914e+02 1.806980000000000075e+02
3.781549999999999727e+02 2.174910000000000139e+02
3.865380000000000109e+02 2.058480000000000132e+02
3.874700000000000273e+02 1.993269999999999982e+02
3.865380000000000109e+02 1.956020000000000039e+02
