3.670649999999999977e+02 3.928460000000000036e+02
3.518990000000000009e+02 3.957160000000000082e+02
3.379630000000000223e+02 4.030939999999999941e+02
3.326340000000000146e+02 4.149809999999999945e+02
3.260760000000000218e+02 4.231789999999999736e+02
3.514889999999999759e+02 4.158000000000000114e+02
3.510790000000000077e+02 4.256379999999999768e+02
3.506689999999999827e+02 4.346560000000000059e+02
3.514889999999999759e+02 4.420339999999999918e+02
3.637860000000000014e+02 4.162099999999999795e+02
3.654259999999999877e+02 4.260480000000000018e+02
3.646059999999999945e+02 4.362950000000000159e+02
3.670649999999999977e+02 4.440830000000000268e+02
3.740330000000000155e+02 4.158000000000000114e+02
3.748530000000000086e+02 4.235880000000000223e+02
3.789519999999999982e+02 4.330160000000000196e+02
3.805919999999999845e+02 4.420339999999999918e+02
3.834610000000000127e+02 4.149809999999999945e+02
3.887900000000000205e+02 4.227690000000000055e+02
3.937080000000000268e+02 4.285070000000000050e+02
3.982169999999999845e+02 4.326059999999999945e+02
