3.741179999999999950e+02 2.562810000000000059e+02
3.587379999999999995e+02 2.474259999999999877e+02
3.424259999999999877e+02 2.339099999999999966e+02
3.303090000000000259e+02 2.259869999999999948e+02
3.163269999999999982e+02 2.203940000000000055e+02
3.620009999999999764e+02 2.143360000000000127e+02
3.573399999999999750e+02 1.947609999999999957e+02
3.536120000000000232e+02 1.817119999999999891e+02
3.508149999999999977e+02 1.705260000000000105e+02
3.750500000000000114e+02 2.152680000000000007e+02
3.797110000000000127e+02 1.914989999999999952e+02
3.834390000000000214e+02 1.770509999999999877e+02
3.876340000000000146e+02 1.640010000000000048e+02
3.843720000000000141e+02 2.189960000000000093e+02
3.955570000000000164e+02 1.984900000000000091e+02
4.016159999999999854e+02 1.859060000000000059e+02
4.062760000000000105e+02 1.747210000000000036e+02
3.941589999999999918e+02 2.255209999999999866e+02
4.090729999999999791e+02 2.171320000000000050e+02
4.179279999999999973e+02 2.124710000000000036e+02
4.267830000000000155e+02 2.078110000000000070e+02
