3.623670000000000186e+02 2.454000000000000057e+02
3.505950000000000273e+02 2.388079999999999927e+02
3.430600000000000023e+02 2.237390000000000043e+02
3.416480000000000246e+02 2.105540000000000020e+02
3.402350000000000136e+02 1.987820000000000107e+02
3.553039999999999736e+02 2.081999999999999886e+02
3.586000000000000227e+02 1.893640000000000043e+02
3.586000000000000227e+02 1.766500000000000057e+02
3.590710000000000264e+02 1.653480000000000132e+02
3.647219999999999800e+02 2.077290000000000134e+02
3.666050000000000182e+02 1.860680000000000121e+02
3.670760000000000218e+02 1.733530000000000086e+02
3.675470000000000255e+02 1.620519999999999925e+02
3.717850000000000250e+02 2.096119999999999948e+02
3.746100000000000136e+02 1.898350000000000080e+02
3.746100000000000136e+02 1.775920000000000130e+02
3.750810000000000173e+02 1.667609999999999957e+02
3.783770000000000095e+02 2.129089999999999918e+02
3.830860000000000127e+02 1.997230000000000132e+02
3.854409999999999741e+02 1.903060000000000116e+02
3.882660000000000196e+02 1.823000000000000114e+02
