3.722980000000000018e+02 3.967300000000000182e+02
3.588940000000000055e+02 4.014599999999999795e+02
3.450969999999999800e+02 4.077679999999999723e+02
3.372130000000000223e+02 4.184119999999999777e+02
3.305110000000000241e+02 4.278729999999999905e+02
3.585000000000000000e+02 4.211709999999999923e+02
3.565289999999999964e+02 4.302379999999999995e+02
3.525869999999999891e+02 4.389110000000000014e+02
3.521929999999999836e+02 4.464010000000000105e+02
3.711150000000000091e+02 4.203829999999999814e+02
3.699320000000000164e+02 4.314209999999999923e+02
3.679610000000000127e+02 4.404879999999999995e+02
3.671730000000000018e+02 4.495550000000000068e+02
3.805760000000000218e+02 4.207769999999999868e+02
3.817590000000000146e+02 4.337860000000000014e+02
3.821530000000000200e+02 4.404879999999999995e+02
3.813650000000000091e+02 4.471890000000000214e+02
3.904320000000000164e+02 4.207769999999999868e+02
3.939800000000000182e+02 4.282669999999999959e+02
3.979220000000000255e+02 4.337860000000000014e+02
4.006809999999999832e+02 4.393050000000000068e+02
