3.779900000000000091e+02 3.977740000000000009e+02
3.616829999999999927e+02 4.063349999999999795e+02
3.441539999999999964e+02 4.153029999999999973e+02
3.282549999999999955e+02 4.193799999999999955e+02
3.131720000000000255e+02 4.169340000000000259e+02
3.788050000000000068e+02 4.312019999999999982e+02
3.841039999999999850e+02 4.381320000000000050e+02
3.873659999999999854e+02 4.458779999999999859e+02
3.922579999999999814e+02 4.528079999999999927e+02
3.682060000000000173e+02 4.238639999999999759e+02
3.743210000000000264e+02 4.320169999999999959e+02
4.232389999999999759e+02 4.328319999999999936e+02
3.576070000000000277e+02 4.381320000000000050e+02
3.808430000000000177e+02 4.197869999999999777e+02
4.065260000000000105e+02 4.332400000000000091e+02
4.150860000000000127e+02 4.418009999999999877e+02
4.240550000000000068e+02 4.454700000000000273e+02
3.865500000000000114e+02 4.316100000000000136e+02
4.187549999999999955e+02 4.303870000000000005e+02
4.285389999999999873e+02 4.336480000000000246e+02
4.375070000000000050e+02 4.360939999999999941e+02
