3.671879999999999882e+02 3.930280000000000200e+02
3.540319999999999823e+02 3.964230000000000018e+02
3.400280000000000200e+02 4.036370000000000005e+02
3.408770000000000095e+02 4.142470000000000141e+02
3.396039999999999850e+02 4.261290000000000191e+02
3.531840000000000259e+02 4.108519999999999754e+02
3.574270000000000209e+02 4.252810000000000059e+02
3.599739999999999895e+02 4.346170000000000186e+02
3.650659999999999741e+02 4.418310000000000173e+02
3.654900000000000091e+02 4.117010000000000218e+02
3.671879999999999882e+02 4.248559999999999945e+02
3.714320000000000164e+02 4.367389999999999759e+02
3.752509999999999764e+02 4.448020000000000209e+02
3.756750000000000114e+02 4.108519999999999754e+02
3.769479999999999791e+02 4.240070000000000050e+02
3.790699999999999932e+02 4.337679999999999723e+02
3.824649999999999750e+02 4.422549999999999955e+02
3.854359999999999786e+02 4.117010000000000218e+02
3.867090000000000032e+02 4.235830000000000268e+02
3.888310000000000173e+02 4.291000000000000227e+02
3.913770000000000095e+02 4.346170000000000186e+02
