3.724289999999999736e+02 3.948310000000000173e+02
3.584180000000000064e+02 3.982269999999999754e+02
3.444080000000000155e+02 4.079920000000000186e+02
3.414359999999999786e+02 4.198799999999999955e+02
3.350670000000000073e+02 4.287959999999999923e+02
3.579940000000000282e+02 4.143609999999999900e+02
3.609660000000000082e+02 4.296449999999999818e+02
3.618149999999999977e+02 4.406840000000000259e+02
3.664850000000000136e+02 4.479019999999999868e+02
3.711549999999999727e+02 4.156349999999999909e+02
3.732780000000000200e+02 4.317679999999999723e+02
3.766750000000000114e+02 4.423820000000000050e+02
3.826190000000000282e+02 4.491750000000000114e+02
3.813450000000000273e+02 4.164839999999999804e+02
3.821940000000000168e+02 4.296449999999999818e+02
3.864399999999999977e+02 4.394100000000000250e+02
3.911100000000000136e+02 4.479019999999999868e+02
3.911100000000000136e+02 4.181820000000000164e+02
3.949309999999999832e+02 4.283720000000000141e+02
3.983279999999999745e+02 4.338910000000000196e+02
4.017239999999999895e+02 4.385609999999999786e+02
