3.693799999999999955e+02 3.954730000000000132e+02
3.552459999999999809e+02 4.001840000000000259e+02
3.419700000000000273e+02 4.078929999999999723e+02
3.355459999999999923e+02 4.198840000000000146e+02
3.286929999999999836e+02 4.275930000000000177e+02
3.573879999999999768e+02 4.147450000000000045e+02
3.591009999999999991e+02 4.284499999999999886e+02
3.595289999999999964e+02 4.383000000000000114e+02
3.629560000000000173e+02 4.455810000000000173e+02
3.693799999999999955e+02 4.168870000000000005e+02
3.723779999999999859e+02 4.280219999999999914e+02
3.736619999999999777e+02 4.408700000000000045e+02
3.796580000000000155e+02 4.481510000000000105e+02
3.796580000000000155e+02 4.164580000000000268e+02
3.809429999999999836e+02 4.267370000000000232e+02
3.860819999999999936e+02 4.365869999999999891e+02
3.899370000000000118e+02 4.451530000000000200e+02
3.895090000000000146e+02 4.156019999999999754e+02
3.937909999999999968e+02 4.263090000000000259e+02
3.997869999999999777e+02 4.314479999999999791e+02
4.040699999999999932e+02 4.357309999999999945e+02
