3.643419999999999845e+02 2.519840000000000089e+02
3.710000000000000000e+02 2.377179999999999893e+02
3.795600000000000023e+02 2.253530000000000086e+02
3.881190000000000282e+02 2.110869999999999891e+02
3.890699999999999932e+02 2.020519999999999925e+02
3.881190000000000282e+02 2.234509999999999934e+02
3.876440000000000055e+02 2.068069999999999879e+02
3.814619999999999891e+02 2.015759999999999934e+02
3.776569999999999823e+02 2.030029999999999859e+02
3.828879999999999768e+02 2.291579999999999870e+02
3.748039999999999736e+02 2.068069999999999879e+02
3.681460000000000150e+02 2.053799999999999955e+02
3.662440000000000282e+02 2.077580000000000098e+02
3.762309999999999945e+02 2.334379999999999882e+02
3.657690000000000055e+02 2.134650000000000034e+02
3.610129999999999768e+02 2.134650000000000034e+02
3.600620000000000118e+02 2.153669999999999902e+02
3.686220000000000141e+02 2.372419999999999902e+02
3.605380000000000109e+02 2.234509999999999934e+02
3.572090000000000032e+02 2.220250000000000057e+02
3.572090000000000032e+02 2.229759999999999991e+02
