3.660419999999999732e+02 2.481510000000000105e+02
3.679479999999999791e+02 2.371930000000000121e+02
3.750950000000000273e+02 2.219459999999999980e+02
3.889119999999999777e+02 2.090809999999999889e+02
3.946299999999999955e+02 1.995519999999999925e+02
3.865299999999999727e+02 2.143220000000000027e+02
3.893890000000000100e+02 1.943110000000000070e+02
3.841469999999999914e+02 1.847820000000000107e+02
3.793829999999999814e+02 1.795409999999999968e+02
3.817649999999999864e+02 2.162280000000000086e+02
3.827180000000000177e+02 1.943110000000000070e+02
3.750950000000000273e+02 1.828760000000000048e+02
3.650889999999999986e+02 1.766819999999999879e+02
3.760480000000000018e+02 2.190869999999999891e+02
3.760480000000000018e+02 1.971699999999999875e+02
3.674710000000000036e+02 1.895459999999999923e+02
3.598480000000000132e+02 1.885929999999999893e+02
3.684239999999999782e+02 2.243280000000000030e+02
3.641360000000000241e+02 2.086049999999999898e+02
3.574660000000000082e+02 2.033640000000000043e+02
3.527010000000000218e+02 1.995519999999999925e+02
