3.802200000000000273e+02 2.534310000000000116e+02
3.939689999999999941e+02 2.423429999999999893e+02
4.077180000000000177e+02 2.299240000000000066e+02
4.174750000000000227e+02 2.192800000000000011e+02
4.272330000000000041e+02 2.157319999999999993e+02
3.833240000000000123e+02 2.148449999999999989e+02
3.842110000000000127e+02 1.944430000000000121e+02
3.864289999999999736e+02 1.798060000000000116e+02
3.859850000000000136e+02 1.673880000000000052e+02
3.700190000000000055e+02 2.157319999999999993e+02
3.655830000000000268e+02 1.913379999999999939e+02
3.615919999999999845e+02 1.793629999999999995e+02
3.584870000000000232e+02 1.687179999999999893e+02
3.611480000000000246e+02 2.214970000000000141e+02
3.478419999999999845e+02 2.015389999999999873e+02
3.407459999999999809e+02 1.913379999999999939e+02
3.336499999999999773e+02 1.837980000000000018e+02
3.536080000000000041e+02 2.277069999999999936e+02
3.407459999999999809e+02 2.183930000000000007e+02
3.327629999999999768e+02 2.144010000000000105e+02
3.234490000000000123e+02 2.090790000000000077e+02
