3.680899999999999750e+02 2.426179999999999950e+02
3.783550000000000182e+02 2.314190000000000111e+02
3.900210000000000150e+02 2.202210000000000036e+02
3.984200000000000159e+02 2.057560000000000002e+02
4.072850000000000250e+02 1.950240000000000009e+02
3.788220000000000027e+02 2.048220000000000027e+02
3.774220000000000255e+02 1.842920000000000016e+02
3.746229999999999905e+02 1.716930000000000121e+02
3.708899999999999864e+02 1.600279999999999916e+02
3.699560000000000173e+02 2.057560000000000002e+02
3.671569999999999823e+02 1.833580000000000041e+02
3.662239999999999895e+02 1.679600000000000080e+02
3.634239999999999782e+02 1.553619999999999948e+02
3.601580000000000155e+02 2.090219999999999914e+02
3.592239999999999895e+02 1.870910000000000082e+02
3.587579999999999814e+02 1.726260000000000048e+02
3.568910000000000196e+02 1.609610000000000127e+02
3.517590000000000146e+02 2.127549999999999955e+02
3.508249999999999886e+02 1.945569999999999879e+02
3.503589999999999804e+02 1.847580000000000098e+02
3.494250000000000114e+02 1.763590000000000089e+02
