3.812119999999999891e+02 2.474859999999999900e+02
3.705210000000000150e+02 2.367949999999999875e+02
3.616890000000000214e+02 2.214559999999999889e+02
3.500690000000000168e+02 2.112299999999999898e+02
3.365889999999999986e+02 2.079759999999999991e+02
3.733100000000000023e+02 2.103000000000000114e+02
3.519279999999999973e+02 2.065809999999999889e+02
3.444909999999999854e+02 2.010029999999999859e+02
3.356589999999999918e+02 1.958899999999999864e+02
3.802819999999999823e+02 2.070459999999999923e+02
3.612250000000000227e+02 2.037920000000000016e+02
3.542520000000000095e+02 2.037920000000000016e+02
3.468149999999999977e+02 2.005389999999999873e+02
3.844660000000000082e+02 2.079759999999999991e+02
3.691270000000000095e+02 2.047220000000000084e+02
3.644780000000000086e+02 2.023979999999999961e+02
3.500690000000000168e+02 2.005389999999999873e+02
3.872549999999999955e+02 2.121589999999999918e+02
3.728450000000000273e+02 2.075109999999999957e+02
3.691270000000000095e+02 2.075109999999999957e+02
3.663380000000000223e+02 2.089050000000000011e+02
