3.688349999999999795e+02 3.990930000000000177e+02
3.543310000000000173e+02 4.051360000000000241e+02
3.394239999999999782e+02 4.119850000000000136e+02
3.233090000000000259e+02 4.184309999999999832e+02
3.092080000000000268e+02 4.208489999999999895e+02
3.515099999999999909e+02 4.285040000000000191e+02
3.494959999999999809e+02 4.353530000000000086e+02
3.474820000000000277e+02 4.409929999999999950e+02
3.482869999999999777e+02 4.462300000000000182e+02
3.627909999999999968e+02 4.276979999999999791e+02
3.635969999999999800e+02 4.317269999999999754e+02
3.623879999999999768e+02 4.289060000000000059e+02
3.640000000000000000e+02 4.281009999999999991e+02
3.708489999999999895e+02 4.281009999999999991e+02
3.732660000000000196e+02 4.341440000000000055e+02
3.768919999999999959e+02 4.426050000000000182e+02
3.809209999999999923e+02 4.482450000000000045e+02
3.768919999999999959e+02 4.305179999999999723e+02
3.772950000000000159e+02 4.341440000000000055e+02
3.785040000000000191e+02 4.438129999999999882e+02
3.833380000000000223e+02 4.502590000000000146e+02
