3.689230000000000018e+02 2.528919999999999959e+02
3.768249999999999886e+02 2.398770000000000095e+02
3.884460000000000264e+02 2.236080000000000041e+02
3.926299999999999955e+02 2.096630000000000109e+02
3.986720000000000255e+02 1.985070000000000050e+02
3.884460000000000264e+02 2.208189999999999884e+02
3.800790000000000077e+02 1.994370000000000118e+02
3.782200000000000273e+02 2.026910000000000025e+02
3.772900000000000205e+02 2.091980000000000075e+02
3.800790000000000077e+02 2.250029999999999859e+02
3.717119999999999891e+02 2.031560000000000059e+02
3.689230000000000018e+02 2.096630000000000109e+02
3.717119999999999891e+02 2.166359999999999957e+02
3.698530000000000086e+02 2.291860000000000070e+02
3.614859999999999900e+02 2.096630000000000109e+02
3.619510000000000218e+02 2.175649999999999977e+02
3.652049999999999841e+02 2.245380000000000109e+02
3.605559999999999832e+02 2.329050000000000011e+02
3.563729999999999905e+02 2.184950000000000045e+02
3.573020000000000209e+02 2.250029999999999859e+02
3.582320000000000277e+02 2.296510000000000105e+02
