3.734680000000000177e+02 2.522100000000000080e+02
3.589950000000000045e+02 2.442729999999999961e+02
3.412529999999999859e+02 2.311999999999999886e+02
3.291139999999999759e+02 2.232630000000000052e+02
3.155749999999999886e+02 2.181279999999999859e+02
3.622629999999999768e+02 2.111239999999999952e+02
3.561929999999999836e+02 1.919819999999999993e+02
3.519909999999999854e+02 1.793770000000000095e+02
3.510579999999999927e+02 1.667709999999999866e+02
3.739350000000000023e+02 2.115910000000000082e+02
3.781370000000000005e+02 1.887139999999999986e+02
3.823380000000000223e+02 1.733069999999999879e+02
3.870070000000000050e+02 1.616349999999999909e+02
3.846730000000000018e+02 2.153259999999999934e+02
3.958779999999999859e+02 1.947839999999999918e+02
4.010140000000000100e+02 1.835790000000000077e+02
4.070830000000000268e+02 1.728400000000000034e+02
3.930769999999999982e+02 2.223290000000000077e+02
4.080169999999999959e+02 2.139259999999999877e+02
4.178210000000000264e+02 2.097239999999999895e+02
4.262250000000000227e+02 2.036539999999999964e+02
