3.672679999999999723e+02 2.473820000000000050e+02
3.775160000000000196e+02 2.338729999999999905e+02
3.891619999999999777e+02 2.222259999999999991e+02
3.970819999999999936e+02 2.087170000000000130e+02
4.050009999999999764e+02 1.989339999999999975e+02
3.812429999999999950e+02 2.105800000000000125e+02
3.817090000000000032e+02 1.924130000000000109e+02
3.798460000000000036e+02 1.872880000000000109e+02
3.779820000000000277e+02 1.854250000000000114e+02
3.723919999999999959e+02 2.119780000000000086e+02
3.728580000000000041e+02 1.942760000000000105e+02
3.695969999999999800e+02 1.886860000000000070e+02
3.672679999999999723e+02 1.882199999999999989e+02
3.640070000000000050e+02 2.147729999999999961e+02
3.635409999999999968e+02 1.994000000000000057e+02
3.616779999999999973e+02 1.961390000000000100e+02
3.602799999999999727e+02 1.956730000000000018e+02
3.556220000000000141e+02 2.203629999999999995e+02
3.551560000000000059e+02 2.096490000000000009e+02
3.551560000000000059e+02 2.059219999999999970e+02
3.551560000000000059e+02 2.035929999999999893e+02
