3.757669999999999959e+02 3.920600000000000023e+02
3.598910000000000196e+02 3.974909999999999854e+02
3.448500000000000227e+02 4.075190000000000055e+02
3.377470000000000141e+02 4.192169999999999845e+02
3.298090000000000259e+02 4.275729999999999791e+02
3.573840000000000146e+02 4.125319999999999823e+02
3.561299999999999955e+02 4.271549999999999727e+02
3.527880000000000109e+02 4.367649999999999864e+02
3.515350000000000250e+02 4.463740000000000236e+02
3.703360000000000127e+02 4.175459999999999923e+02
3.695000000000000000e+02 4.300799999999999841e+02
3.669929999999999950e+02 4.396899999999999977e+02
3.665760000000000218e+02 4.497169999999999845e+02
3.799449999999999932e+02 4.179639999999999986e+02
3.816170000000000186e+02 4.317509999999999764e+02
3.824519999999999982e+02 4.405249999999999773e+02
3.811990000000000123e+02 4.476279999999999859e+02
3.899730000000000132e+02 4.179639999999999986e+02
3.937330000000000041e+02 4.279909999999999854e+02
3.979110000000000014e+02 4.338399999999999750e+02
4.012529999999999859e+02 4.392719999999999914e+02
