3.797010000000000218e+02 2.937620000000000005e+02
3.682520000000000095e+02 2.904230000000000018e+02
3.539409999999999741e+02 2.789739999999999895e+02
3.424920000000000186e+02 2.722950000000000159e+02
3.300889999999999986e+02 2.722950000000000159e+02
3.701600000000000250e+02 2.570299999999999727e+02
3.706370000000000005e+02 2.350860000000000127e+02
3.701600000000000250e+02 2.222059999999999889e+02
3.720679999999999836e+02 2.102800000000000011e+02
3.820860000000000127e+02 2.570299999999999727e+02
3.849490000000000123e+02 2.336550000000000011e+02
3.873340000000000032e+02 2.183899999999999864e+02
3.911499999999999773e+02 2.069410000000000025e+02
3.911499999999999773e+02 2.608460000000000036e+02
3.987830000000000155e+02 2.412880000000000109e+02
4.021220000000000141e+02 2.279310000000000116e+02
4.059379999999999882e+02 2.174360000000000070e+02
3.992599999999999909e+02 2.680020000000000095e+02
4.126170000000000186e+02 2.570299999999999727e+02
4.202490000000000236e+02 2.493969999999999914e+02
4.274049999999999727e+02 2.431959999999999980e+02
