3.743750000000000000e+02 3.928039999999999736e+02
3.604730000000000132e+02 3.973020000000000209e+02
3.453450000000000273e+02 4.058879999999999768e+02
3.383940000000000055e+02 4.185629999999999882e+02
3.298079999999999927e+02 4.279669999999999845e+02
3.572019999999999982e+02 4.128389999999999986e+02
3.551580000000000155e+02 4.275579999999999927e+02
3.518870000000000005e+02 4.377799999999999727e+02
3.514780000000000086e+02 4.467749999999999773e+02
3.698770000000000095e+02 4.177450000000000045e+02
3.686499999999999773e+02 4.296019999999999754e+02
3.678330000000000268e+02 4.402330000000000041e+02
3.674239999999999782e+02 4.484100000000000250e+02
3.792810000000000059e+02 4.181539999999999964e+02
3.805079999999999814e+02 4.312379999999999995e+02
3.817339999999999804e+02 4.402330000000000041e+02
3.817339999999999804e+02 4.475930000000000177e+02
3.886850000000000023e+02 4.177450000000000045e+02
3.935910000000000082e+02 4.279669999999999845e+02
3.976800000000000068e+02 4.336909999999999741e+02
4.009510000000000218e+02 4.385980000000000132e+02
