3.861730000000000018e+02 2.883949999999999818e+02
3.847280000000000086e+02 2.816510000000000105e+02
3.765389999999999873e+02 2.720169999999999959e+02
3.644970000000000141e+02 2.734619999999999891e+02
3.529370000000000118e+02 2.753890000000000100e+02
3.818380000000000223e+02 2.941750000000000114e+02
3.736490000000000009e+02 3.033269999999999982e+02
3.644970000000000141e+02 3.076619999999999777e+02
3.587169999999999845e+02 3.124789999999999850e+02
3.760579999999999927e+02 3.033269999999999982e+02
3.625710000000000264e+02 3.119970000000000141e+02
3.524549999999999841e+02 3.119970000000000141e+02
3.423399999999999750e+02 3.110339999999999918e+02
3.702780000000000200e+02 3.062169999999999845e+02
3.572719999999999914e+02 3.124789999999999850e+02
3.481200000000000045e+02 3.110339999999999918e+02
3.404130000000000109e+02 3.081440000000000055e+02
3.640160000000000196e+02 3.042900000000000205e+02
3.524549999999999841e+02 3.057350000000000136e+02
3.428220000000000027e+02 3.038079999999999927e+02
3.418580000000000041e+02 2.956200000000000045e+02
