3.678100000000000023e+02 3.928809999999999718e+02
3.536610000000000014e+02 3.977320000000000277e+02
3.391080000000000041e+02 4.054130000000000109e+02
3.366829999999999927e+02 4.167320000000000277e+02
3.350659999999999741e+02 4.300720000000000027e+02
3.520439999999999827e+02 4.122850000000000250e+02
3.516399999999999864e+02 4.280500000000000114e+02
3.488100000000000023e+02 4.377520000000000095e+02
3.512359999999999900e+02 4.462420000000000186e+02
3.645760000000000218e+02 4.122850000000000250e+02
3.641720000000000255e+02 4.284549999999999841e+02
3.645760000000000218e+02 4.385609999999999786e+02
3.657889999999999873e+02 4.474540000000000077e+02
3.746820000000000164e+02 4.139019999999999868e+02
3.730649999999999977e+02 4.280500000000000114e+02
3.742780000000000200e+02 4.373480000000000132e+02
3.767029999999999745e+02 4.462420000000000186e+02
3.839800000000000182e+02 4.159230000000000018e+02
3.860009999999999764e+02 4.272420000000000186e+02
3.888310000000000173e+02 4.333059999999999832e+02
3.916610000000000014e+02 4.381569999999999823e+02
