3.818589999999999804e+02 2.758330000000000268e+02
3.774569999999999936e+02 2.577359999999999900e+02
3.676750000000000114e+02 2.386610000000000014e+02
3.578919999999999959e+02 2.259439999999999884e+02
3.549580000000000268e+02 2.137160000000000082e+02
3.593600000000000136e+02 2.518669999999999902e+02
3.402850000000000250e+02 2.533340000000000032e+02
3.280570000000000164e+02 2.577359999999999900e+02
3.202309999999999945e+02 2.636050000000000182e+02
3.564250000000000114e+02 2.645830000000000268e+02
3.334370000000000118e+02 2.660509999999999877e+02
3.202309999999999945e+02 2.724089999999999918e+02
3.133840000000000146e+02 2.753439999999999941e+02
3.549580000000000268e+02 2.728980000000000246e+02
3.339259999999999877e+02 2.758330000000000268e+02
3.207200000000000273e+02 2.807239999999999895e+02
3.119169999999999732e+02 2.851259999999999764e+02
3.510450000000000159e+02 2.807239999999999895e+02
3.353940000000000055e+02 2.851259999999999764e+02
3.265899999999999750e+02 2.895280000000000200e+02
3.187640000000000100e+02 2.949080000000000155e+02
