3.928269999999999982e+02 3.883360000000000127e+02
3.911309999999999718e+02 4.023310000000000173e+02
3.898589999999999804e+02 4.184470000000000027e+02
3.699259999999999877e+02 4.226879999999999882e+02
3.614449999999999932e+02 4.256560000000000059e+02
3.673820000000000050e+02 4.184470000000000027e+02
3.410880000000000223e+02 4.150539999999999736e+02
3.283650000000000091e+02 4.159019999999999868e+02
3.177629999999999768e+02 4.184470000000000027e+02
3.614449999999999932e+02 4.095409999999999968e+02
3.406639999999999873e+02 4.125090000000000146e+02
3.279409999999999741e+02 4.159019999999999868e+02
3.173389999999999986e+02 4.175989999999999895e+02
3.601720000000000255e+02 4.023310000000000173e+02
3.427850000000000250e+02 4.082690000000000055e+02
3.296379999999999768e+02 4.086929999999999836e+02
3.207320000000000277e+02 4.048759999999999764e+02
3.584759999999999991e+02 3.955459999999999923e+02
3.466009999999999991e+02 3.997869999999999777e+02
3.364230000000000018e+02 4.027549999999999955e+02
3.245489999999999782e+02 4.053000000000000114e+02
