3.628100000000000023e+02 2.452470000000000141e+02
3.509130000000000109e+02 2.390600000000000023e+02
3.432980000000000018e+02 2.243060000000000116e+02
3.423460000000000036e+02 2.109809999999999945e+02
3.399660000000000082e+02 1.990829999999999984e+02
3.551960000000000264e+02 2.071730000000000018e+02
3.570989999999999895e+02 1.886129999999999995e+02
3.585269999999999868e+02 1.767150000000000034e+02
3.609069999999999823e+02 1.657690000000000055e+02
3.647139999999999986e+02 2.071730000000000018e+02
3.661419999999999959e+02 1.862330000000000041e+02
3.670939999999999941e+02 1.733830000000000098e+02
3.699490000000000123e+02 1.619610000000000127e+02
3.718530000000000086e+02 2.081250000000000000e+02
3.742320000000000277e+02 1.909919999999999902e+02
3.742320000000000277e+02 1.776659999999999968e+02
3.747080000000000268e+02 1.681479999999999961e+02
3.789920000000000186e+02 2.119319999999999879e+02
3.823229999999999791e+02 1.990829999999999984e+02
3.851779999999999973e+02 1.905159999999999911e+02
3.866059999999999945e+02 1.829019999999999868e+02
