3.615810000000000173e+02 2.448839999999999861e+02
3.493430000000000177e+02 2.373530000000000086e+02
3.422819999999999823e+02 2.222899999999999920e+02
3.422819999999999823e+02 2.081699999999999875e+02
3.422819999999999823e+02 1.968729999999999905e+02
3.540500000000000114e+02 2.058160000000000025e+02
3.573439999999999941e+02 1.907539999999999907e+02
3.568740000000000236e+02 1.893420000000000130e+02
3.559320000000000164e+02 1.898129999999999882e+02
3.644049999999999727e+02 2.062870000000000061e+02
3.676999999999999886e+02 1.865180000000000007e+02
3.653460000000000036e+02 1.860469999999999970e+02
3.634630000000000223e+02 1.931069999999999993e+02
3.724069999999999823e+02 2.086399999999999864e+02
3.789959999999999809e+02 1.931069999999999993e+02
3.757010000000000218e+02 1.916949999999999932e+02
3.724069999999999823e+02 2.025209999999999866e+02
3.794669999999999845e+02 2.124060000000000059e+02
3.841739999999999782e+02 2.020509999999999877e+02
3.832320000000000277e+02 1.996970000000000027e+02
3.794669999999999845e+02 2.039329999999999927e+02
