3.735690000000000168e+02 3.955939999999999941e+02
3.595090000000000146e+02 3.997289999999999850e+02
3.446220000000000141e+02 4.071730000000000018e+02
3.367649999999999864e+02 4.187520000000000095e+02
3.301490000000000009e+02 4.286759999999999877e+02
3.566139999999999759e+02 4.137889999999999873e+02
3.562010000000000218e+02 4.282629999999999768e+02
3.528929999999999723e+02 4.381870000000000118e+02
3.524789999999999850e+02 4.464580000000000268e+02
3.698469999999999800e+02 4.175110000000000241e+02
3.698469999999999800e+02 4.307440000000000282e+02
3.673659999999999854e+02 4.394279999999999973e+02
3.669519999999999982e+02 4.489390000000000214e+02
3.797719999999999914e+02 4.187520000000000095e+02
3.826659999999999968e+02 4.344660000000000082e+02
3.826659999999999968e+02 4.410819999999999936e+02
3.814259999999999877e+02 4.481120000000000232e+02
3.896960000000000264e+02 4.191650000000000205e+02
3.942450000000000045e+02 4.286759999999999877e+02
3.987939999999999827e+02 4.340520000000000209e+02
4.016890000000000214e+02 4.390140000000000100e+02
