3.698070000000000164e+02 3.950690000000000168e+02
3.552459999999999809e+02 4.006370000000000005e+02
3.415419999999999732e+02 4.083460000000000036e+02
3.351179999999999950e+02 4.190520000000000209e+02
3.282649999999999864e+02 4.280459999999999923e+02
3.569590000000000032e+02 4.151979999999999791e+02
3.595289999999999964e+02 4.284739999999999895e+02
3.595289999999999964e+02 4.387529999999999859e+02
3.629549999999999841e+02 4.456050000000000182e+02
3.693790000000000191e+02 4.177679999999999723e+02
3.723770000000000095e+02 4.297590000000000146e+02
3.740899999999999750e+02 4.417509999999999764e+02
3.800860000000000127e+02 4.481750000000000114e+02
3.796580000000000155e+02 4.173389999999999986e+02
3.800860000000000127e+02 4.293310000000000173e+02
3.860819999999999936e+02 4.383249999999999886e+02
3.899359999999999786e+02 4.456050000000000182e+02
3.895079999999999814e+02 4.169110000000000014e+02
3.942189999999999941e+02 4.263330000000000268e+02
3.997860000000000014e+02 4.314719999999999800e+02
4.040690000000000168e+02 4.361829999999999927e+02
