3.783659999999999854e+02 3.972080000000000268e+02
3.626519999999999868e+02 4.046720000000000255e+02
3.457590000000000146e+02 4.133149999999999977e+02
3.280799999999999841e+02 4.192080000000000268e+02
3.143299999999999841e+02 4.164580000000000268e+02
3.815090000000000146e+02 4.313870000000000005e+02
3.838659999999999854e+02 4.380649999999999977e+02
3.874019999999999868e+02 4.459220000000000255e+02
3.929019999999999868e+02 4.529940000000000282e+02
3.697239999999999895e+02 4.219580000000000268e+02
3.744379999999999882e+02 4.317789999999999964e+02
3.610810000000000173e+02 4.345289999999999964e+02
4.333670000000000186e+02 4.357080000000000268e+02
3.787590000000000146e+02 4.188149999999999977e+02
3.744379999999999882e+02 4.317789999999999964e+02
3.716879999999999882e+02 4.239220000000000255e+02
3.779739999999999895e+02 4.184220000000000255e+02
3.846519999999999868e+02 4.298149999999999977e+02
4.188310000000000173e+02 4.298149999999999977e+02
4.278670000000000186e+02 4.321720000000000255e+02
4.278670000000000186e+02 4.317789999999999964e+02
