3.807289999999999850e+02 3.913650000000000091e+02
3.692789999999999964e+02 3.960299999999999727e+02
3.561320000000000050e+02 4.036639999999999873e+02
3.540110000000000241e+02 4.142660000000000196e+02
3.557080000000000268e+02 4.278369999999999891e+02
3.697029999999999745e+02 4.146899999999999977e+02
3.726709999999999923e+02 4.269889999999999759e+02
3.730950000000000273e+02 4.367429999999999950e+02
3.764879999999999995e+02 4.448000000000000114e+02
3.811530000000000200e+02 4.151139999999999759e+02
3.845459999999999923e+02 4.257160000000000082e+02
3.870899999999999750e+02 4.380149999999999864e+02
3.930269999999999868e+02 4.452239999999999895e+02
3.921789999999999736e+02 4.146899999999999977e+02
3.947239999999999895e+02 4.244440000000000168e+02
3.985409999999999968e+02 4.341979999999999791e+02
4.023570000000000277e+02 4.443759999999999764e+02
4.015090000000000146e+02 4.138419999999999845e+02
4.065980000000000132e+02 4.240199999999999818e+02
4.108389999999999986e+02 4.295330000000000155e+02
4.146560000000000059e+02 4.350459999999999923e+02
