3.802420000000000186e+02 3.939259999999999877e+02
3.666349999999999909e+02 3.988740000000000236e+02
3.534399999999999977e+02 4.054719999999999800e+02
3.493170000000000073e+02 4.153679999999999950e+02
3.410699999999999932e+02 4.211410000000000196e+02
3.707579999999999814e+02 4.157799999999999727e+02
3.724080000000000155e+02 4.265009999999999764e+02
3.732330000000000041e+02 4.363980000000000246e+02
3.765310000000000059e+02 4.438199999999999932e+02
3.827160000000000082e+02 4.161929999999999836e+02
3.843659999999999854e+02 4.273260000000000218e+02
3.872520000000000095e+02 4.388720000000000141e+02
3.921999999999999886e+02 4.450570000000000164e+02
3.926129999999999995e+02 4.166050000000000182e+02
3.930249999999999773e+02 4.256770000000000209e+02
3.987980000000000018e+02 4.359850000000000136e+02
4.016840000000000259e+02 4.446440000000000055e+02
4.029209999999999923e+02 4.157799999999999727e+02
4.066320000000000050e+02 4.256770000000000209e+02
4.107559999999999718e+02 4.302119999999999891e+02
4.152909999999999968e+02 4.359850000000000136e+02
