3.739250000000000114e+02 3.927950000000000159e+02
3.592090000000000032e+02 3.985179999999999723e+02
3.440849999999999795e+02 4.071019999999999754e+02
3.375450000000000159e+02 4.189560000000000173e+02
3.301870000000000118e+02 4.279490000000000123e+02
3.575740000000000123e+02 4.144599999999999795e+02
3.559390000000000214e+02 4.275400000000000205e+02
3.526689999999999827e+02 4.373500000000000227e+02
3.510339999999999918e+02 4.463430000000000177e+02
3.698369999999999891e+02 4.173210000000000264e+02
3.694279999999999973e+02 4.291750000000000114e+02
3.669759999999999991e+02 4.393940000000000055e+02
3.669759999999999991e+02 4.483870000000000005e+02
3.796469999999999914e+02 4.177300000000000182e+02
3.821000000000000227e+02 4.308100000000000023e+02
3.821000000000000227e+02 4.398029999999999973e+02
3.821000000000000227e+02 4.475690000000000168e+02
3.890489999999999782e+02 4.181379999999999768e+02
3.927280000000000086e+02 4.279490000000000123e+02
3.980419999999999732e+02 4.344889999999999759e+02
4.013120000000000118e+02 4.389850000000000136e+02
