3.662450000000000045e+02 2.460540000000000020e+02
3.543600000000000136e+02 2.403489999999999895e+02
3.434259999999999877e+02 2.275130000000000052e+02
3.396220000000000141e+02 2.127750000000000057e+02
3.329669999999999845e+02 2.018400000000000034e+02
3.557860000000000014e+02 2.089720000000000084e+02
3.538849999999999909e+02 1.904310000000000116e+02
3.510319999999999823e+02 1.790209999999999866e+02
3.505570000000000164e+02 1.676109999999999900e+02
3.657699999999999818e+02 2.089720000000000084e+02
3.657699999999999818e+02 1.871030000000000086e+02
3.657699999999999818e+02 1.747419999999999902e+02
3.657699999999999818e+02 1.638079999999999927e+02
3.738519999999999754e+02 2.094470000000000027e+02
3.743269999999999982e+02 1.909060000000000059e+02
3.748029999999999973e+02 1.790209999999999866e+02
3.738519999999999754e+02 1.690370000000000061e+02
3.824089999999999918e+02 2.127750000000000057e+02
3.857370000000000232e+02 1.994629999999999939e+02
3.885899999999999750e+02 1.928079999999999927e+02
3.890649999999999977e+02 1.861519999999999868e+02
