3.791179999999999950e+02 3.039289999999999736e+02
3.685559999999999832e+02 2.890459999999999923e+02
3.608740000000000236e+02 2.712819999999999823e+02
3.642350000000000136e+02 2.631200000000000045e+02
3.719159999999999968e+02 2.587989999999999782e+02
3.771970000000000027e+02 2.539979999999999905e+02
3.805579999999999927e+02 2.309530000000000030e+02
3.810380000000000109e+02 2.170300000000000011e+02
3.834390000000000214e+02 2.050269999999999868e+02
3.853589999999999804e+02 2.587989999999999782e+02
3.944809999999999945e+02 2.333540000000000134e+02
3.949610000000000127e+02 2.199110000000000014e+02
3.944809999999999945e+02 2.059879999999999995e+02
3.891999999999999886e+02 2.655210000000000150e+02
3.988020000000000209e+02 2.439159999999999968e+02
3.988020000000000209e+02 2.429559999999999889e+02
3.762370000000000232e+02 2.621600000000000250e+02
3.911209999999999809e+02 2.732019999999999982e+02
3.916009999999999991e+02 2.602400000000000091e+02
3.824789999999999850e+02 2.583190000000000168e+02
3.723960000000000150e+02 2.587989999999999782e+02
