3.645190000000000055e+02 2.481560000000000059e+02
3.721410000000000196e+02 2.376759999999999877e+02
3.821449999999999818e+02 2.252899999999999920e+02
3.873849999999999909e+02 2.109979999999999905e+02
3.935779999999999745e+02 2.019470000000000027e+02
3.802400000000000091e+02 2.119509999999999934e+02
3.835740000000000123e+02 1.909900000000000091e+02
3.840509999999999877e+02 1.766990000000000123e+02
3.835740000000000123e+02 1.643129999999999882e+02
3.740470000000000255e+02 2.133799999999999955e+02
3.759519999999999982e+02 1.886080000000000041e+02
3.749990000000000236e+02 1.743170000000000073e+02
3.740470000000000255e+02 1.614540000000000077e+02
3.678539999999999850e+02 2.152860000000000014e+02
3.697590000000000146e+02 1.943249999999999886e+02
3.692830000000000155e+02 1.800329999999999870e+02
3.697590000000000146e+02 1.685999999999999943e+02
3.607080000000000268e+02 2.200490000000000066e+02
3.607080000000000268e+02 2.052820000000000107e+02
3.611840000000000259e+02 1.952769999999999868e+02
3.621370000000000005e+02 1.871790000000000020e+02
