3.618469999999999800e+02 2.454099999999999966e+02
3.486739999999999782e+02 2.383530000000000086e+02
3.416170000000000186e+02 2.232980000000000018e+02
3.406759999999999877e+02 2.091839999999999975e+02
3.397350000000000136e+02 1.974219999999999970e+02
3.543199999999999932e+02 2.073019999999999925e+02
3.571419999999999959e+02 1.870709999999999980e+02
3.580830000000000268e+02 1.748389999999999986e+02
3.580830000000000268e+02 1.644879999999999995e+02
3.623179999999999836e+02 2.077719999999999914e+02
3.651399999999999864e+02 1.856599999999999966e+02
3.660810000000000173e+02 1.715459999999999923e+02
3.665520000000000209e+02 1.602539999999999907e+02
3.703159999999999741e+02 2.087129999999999939e+02
3.731390000000000100e+02 1.898940000000000055e+02
3.731390000000000100e+02 1.767210000000000036e+02
3.736089999999999804e+02 1.659000000000000057e+02
3.778430000000000177e+02 2.124770000000000039e+02
3.825480000000000018e+02 1.978919999999999959e+02
3.853709999999999809e+02 1.894240000000000066e+02
3.881940000000000168e+02 1.814259999999999877e+02
