3.706879999999999882e+02 3.965899999999999750e+02
3.807850000000000250e+02 4.155219999999999914e+02
3.349279999999999973e+02 4.104739999999999895e+02
3.181000000000000227e+02 4.134189999999999827e+02
3.042160000000000082e+02 4.121569999999999823e+02
3.475489999999999782e+02 4.230950000000000273e+02
3.408179999999999836e+02 4.327710000000000150e+02
3.349279999999999973e+02 4.386610000000000014e+02
3.286170000000000186e+02 4.428679999999999950e+02
3.555430000000000064e+02 4.205710000000000264e+02
3.534390000000000214e+02 4.298260000000000218e+02
3.450249999999999773e+02 4.298260000000000218e+02
3.387139999999999986e+02 4.331920000000000073e+02
3.652189999999999941e+02 4.180459999999999923e+02
3.618530000000000086e+02 4.285640000000000214e+02
3.534390000000000214e+02 4.235160000000000196e+02
3.513349999999999795e+02 4.205710000000000264e+02
3.702669999999999959e+02 4.096320000000000050e+02
3.639569999999999936e+02 4.264610000000000127e+02
3.626949999999999932e+02 4.193090000000000259e+02
3.673220000000000027e+02 4.146809999999999832e+02
