3.694130000000000109e+02 3.963260000000000218e+02
3.548509999999999991e+02 4.006089999999999804e+02
3.415729999999999791e+02 4.087459999999999809e+02
3.355769999999999982e+02 4.198820000000000050e+02
3.287239999999999895e+02 4.275919999999999845e+02
3.569920000000000186e+02 4.173120000000000118e+02
3.591340000000000146e+02 4.280199999999999818e+02
3.595620000000000118e+02 4.382989999999999782e+02
3.629879999999999995e+02 4.460090000000000146e+02
3.694130000000000109e+02 4.185969999999999800e+02
3.719830000000000041e+02 4.288770000000000095e+02
3.736960000000000264e+02 4.417259999999999991e+02
3.801200000000000045e+02 4.481499999999999773e+02
3.796920000000000073e+02 4.181689999999999827e+02
3.805489999999999782e+02 4.271630000000000109e+02
3.861159999999999854e+02 4.370140000000000100e+02
3.899710000000000036e+02 4.455799999999999841e+02
3.895430000000000064e+02 4.173120000000000118e+02
3.942540000000000191e+02 4.271630000000000109e+02
4.002500000000000000e+02 4.314460000000000264e+02
4.041050000000000182e+02 4.357289999999999850e+02
