3.728940000000000055e+02 3.971920000000000073e+02
3.579289999999999736e+02 3.989019999999999868e+02
3.425369999999999777e+02 4.040330000000000155e+02
3.280000000000000000e+02 4.100190000000000055e+02
3.143170000000000073e+02 4.121569999999999823e+02
3.647699999999999818e+02 4.113020000000000209e+02
3.532259999999999991e+02 4.219909999999999854e+02
3.823009999999999877e+02 4.318249999999999886e+02
3.887139999999999986e+02 4.386659999999999968e+02
3.771700000000000159e+02 4.125840000000000032e+02
3.912799999999999727e+02 4.228460000000000036e+02
4.019689999999999941e+02 4.322529999999999859e+02
4.096650000000000205e+02 4.390939999999999941e+02
3.857210000000000036e+02 4.125840000000000032e+02
3.989759999999999991e+02 4.228460000000000036e+02
4.062450000000000045e+02 4.284039999999999964e+02
4.152230000000000132e+02 4.322529999999999859e+02
3.951279999999999859e+02 4.121569999999999823e+02
4.028240000000000123e+02 4.198530000000000086e+02
4.088100000000000023e+02 4.254110000000000014e+02
4.139409999999999741e+02 4.309700000000000273e+02
