3.731259999999999764e+02 2.510200000000000102e+02
3.595260000000000105e+02 2.451270000000000095e+02
3.441129999999999995e+02 2.324339999999999975e+02
3.314200000000000159e+02 2.247270000000000039e+02
3.191800000000000068e+02 2.210999999999999943e+02
3.626999999999999886e+02 2.133930000000000007e+02
3.586200000000000045e+02 1.934470000000000027e+02
3.536329999999999814e+02 1.807529999999999859e+02
3.518199999999999932e+02 1.685130000000000052e+02
3.744859999999999900e+02 2.138470000000000084e+02
3.772060000000000173e+02 1.898199999999999932e+02
3.794730000000000132e+02 1.744070000000000107e+02
3.826460000000000150e+02 1.630730000000000075e+02
3.844599999999999795e+02 2.174730000000000132e+02
3.930729999999999791e+02 1.957129999999999939e+02
3.980600000000000023e+02 1.830200000000000102e+02
4.021399999999999864e+02 1.716870000000000118e+02
3.935260000000000105e+02 2.233669999999999902e+02
4.075799999999999841e+02 2.129399999999999977e+02
4.157400000000000091e+02 2.061399999999999864e+02
4.225400000000000205e+02 1.993400000000000034e+02
