3.650679999999999836e+02 3.938779999999999859e+02
3.507090000000000032e+02 3.979809999999999945e+02
3.371709999999999923e+02 4.070059999999999718e+02
3.363509999999999991e+02 4.176720000000000255e+02
3.343000000000000114e+02 4.299789999999999850e+02
3.507090000000000032e+02 4.156209999999999809e+02
3.511190000000000282e+02 4.271070000000000277e+02
3.494789999999999850e+02 4.365430000000000064e+02
3.498890000000000100e+02 4.455679999999999836e+02
3.626059999999999945e+02 4.143899999999999864e+02
3.634270000000000209e+02 4.275179999999999723e+02
3.642470000000000141e+02 4.390040000000000191e+02
3.658879999999999768e+02 4.467989999999999782e+02
3.728620000000000232e+02 4.156209999999999809e+02
3.724519999999999982e+02 4.266970000000000027e+02
3.736829999999999927e+02 4.369529999999999745e+02
3.761440000000000055e+02 4.463890000000000100e+02
3.835280000000000200e+02 4.164409999999999741e+02
3.855790000000000077e+02 4.262869999999999777e+02
3.888609999999999900e+02 4.320299999999999727e+02
3.921429999999999723e+02 4.373629999999999995e+02
