3.811320000000000050e+02 3.911410000000000196e+02
3.694119999999999777e+02 3.961639999999999873e+02
3.568539999999999850e+02 4.032799999999999727e+02
3.539239999999999782e+02 4.141639999999999873e+02
3.551789999999999736e+02 4.279769999999999754e+02
3.698299999999999841e+02 4.141639999999999873e+02
3.727599999999999909e+02 4.267219999999999800e+02
3.731789999999999736e+02 4.367679999999999723e+02
3.761089999999999804e+02 4.438840000000000146e+02
3.823879999999999768e+02 4.145819999999999936e+02
3.853179999999999836e+02 4.267219999999999800e+02
3.869929999999999950e+02 4.384420000000000073e+02
3.928530000000000086e+02 4.459769999999999754e+02
3.928530000000000086e+02 4.145819999999999936e+02
3.945269999999999868e+02 4.237919999999999732e+02
3.987130000000000223e+02 4.338380000000000223e+02
4.020620000000000118e+02 4.438840000000000146e+02
4.020620000000000118e+02 4.141639999999999873e+02
4.066669999999999732e+02 4.242099999999999795e+02
4.108519999999999754e+02 4.300699999999999932e+02
4.150380000000000109e+02 4.355120000000000005e+02
