3.737819999999999823e+02 3.942409999999999854e+02
3.574440000000000168e+02 3.985400000000000205e+02
3.441150000000000091e+02 4.079990000000000236e+02
3.411050000000000182e+02 4.196080000000000041e+02
3.350860000000000127e+02 4.286370000000000005e+02
3.578740000000000236e+02 4.153090000000000259e+02
3.608829999999999814e+02 4.307869999999999777e+02
3.621730000000000018e+02 4.411059999999999945e+02
3.664730000000000132e+02 4.479859999999999900e+02
3.703419999999999845e+02 4.170280000000000200e+02
3.729220000000000255e+02 4.325070000000000050e+02
3.772219999999999800e+02 4.428260000000000218e+02
3.823809999999999718e+02 4.492749999999999773e+02
3.810910000000000082e+02 4.170280000000000200e+02
3.823809999999999718e+02 4.312169999999999845e+02
3.866809999999999832e+02 4.402459999999999809e+02
3.909800000000000182e+02 4.479859999999999900e+02
3.905509999999999877e+02 4.178879999999999768e+02
3.948500000000000227e+02 4.282069999999999936e+02
3.982900000000000205e+02 4.337970000000000255e+02
4.017289999999999850e+02 4.389560000000000173e+02
