3.786949999999999932e+02 2.498220000000000027e+02
3.650459999999999923e+02 2.432319999999999993e+02
3.499850000000000136e+02 2.314660000000000082e+02
3.344529999999999745e+02 2.300540000000000020e+02
3.222149999999999750e+02 2.314660000000000082e+02
3.641039999999999850e+02 2.079329999999999927e+02
3.608100000000000023e+02 1.895769999999999982e+02
3.589270000000000209e+02 1.778100000000000023e+02
3.593980000000000246e+02 1.665140000000000100e+02
3.678700000000000045e+02 2.079329999999999927e+02
3.626929999999999836e+02 1.891059999999999945e+02
3.622219999999999800e+02 1.745149999999999864e+02
3.622219999999999800e+02 1.632189999999999941e+02
3.706940000000000168e+02 2.131100000000000136e+02
3.664580000000000268e+02 1.938129999999999882e+02
3.655160000000000196e+02 1.811049999999999898e+02
3.655160000000000196e+02 1.698089999999999975e+02
3.735179999999999723e+02 2.206399999999999864e+02
3.706940000000000168e+02 2.046380000000000052e+02
3.697520000000000095e+02 1.956949999999999932e+02
3.692819999999999823e+02 1.858110000000000070e+02
