3.615799999999999841e+02 2.430860000000000127e+02
3.504030000000000200e+02 2.351690000000000111e+02
3.452799999999999727e+02 2.211970000000000027e+02
3.494719999999999800e+02 2.039660000000000082e+02
3.536630000000000109e+02 1.932549999999999955e+02
3.545950000000000273e+02 2.072259999999999991e+02
3.569230000000000018e+02 1.937210000000000036e+02
3.592520000000000095e+02 1.899950000000000045e+02
3.606490000000000009e+02 1.899950000000000045e+02
3.643740000000000236e+02 2.086229999999999905e+02
3.685659999999999741e+02 1.904610000000000127e+02
3.685659999999999741e+02 1.904610000000000127e+02
3.653059999999999832e+02 1.997750000000000057e+02
3.727570000000000050e+02 2.114180000000000064e+02
3.788109999999999786e+02 1.937210000000000036e+02
3.760169999999999959e+02 1.946519999999999868e+02
3.718260000000000218e+02 2.016380000000000052e+02
3.797429999999999950e+02 2.151430000000000007e+02
3.867280000000000086e+02 2.016380000000000052e+02
3.825369999999999777e+02 2.007059999999999889e+02
3.783460000000000036e+02 2.048979999999999961e+02
