3.666960000000000264e+02 3.950310000000000059e+02
3.534510000000000218e+02 3.987570000000000050e+02
3.402049999999999841e+02 4.053790000000000191e+02
3.377219999999999800e+02 4.165550000000000068e+02
3.352379999999999995e+02 4.302149999999999750e+02
3.517950000000000159e+02 4.148999999999999773e+02
3.517950000000000159e+02 4.289730000000000132e+02
3.497250000000000227e+02 4.380790000000000077e+02
3.513809999999999718e+02 4.451159999999999854e+02
3.629710000000000036e+02 4.153140000000000214e+02
3.646259999999999764e+02 4.302149999999999750e+02
3.646259999999999764e+02 4.409759999999999991e+02
3.671100000000000136e+02 4.480129999999999768e+02
3.737330000000000041e+02 4.161410000000000196e+02
3.741460000000000150e+02 4.306290000000000191e+02
3.753879999999999768e+02 4.380790000000000077e+02
3.766299999999999955e+02 4.455299999999999727e+02
3.840810000000000173e+02 4.173829999999999814e+02
3.853220000000000027e+02 4.256610000000000014e+02
3.886340000000000146e+02 4.318700000000000045e+02
3.915310000000000059e+02 4.384929999999999950e+02
