3.611080000000000041e+02 2.465850000000000080e+02
3.493410000000000082e+02 2.390540000000000020e+02
3.418100000000000023e+02 2.225800000000000125e+02
3.408679999999999950e+02 2.094010000000000105e+02
3.385149999999999864e+02 1.976339999999999861e+02
3.531059999999999945e+02 2.061059999999999945e+02
3.559300000000000068e+02 1.882199999999999989e+02
3.568720000000000141e+02 1.759830000000000041e+02
3.592250000000000227e+02 1.646860000000000070e+02
3.611080000000000041e+02 2.075180000000000007e+02
3.639320000000000164e+02 1.868079999999999927e+02
3.644030000000000200e+02 1.722170000000000130e+02
3.672269999999999754e+02 1.604499999999999886e+02
3.686390000000000100e+02 2.098720000000000141e+02
3.714630000000000223e+02 1.905740000000000123e+02
3.719329999999999927e+02 1.764530000000000030e+02
3.724039999999999964e+02 1.651570000000000107e+02
3.761700000000000159e+02 2.136370000000000005e+02
3.799350000000000023e+02 1.985749999999999886e+02
3.827590000000000146e+02 1.901030000000000086e+02
3.837010000000000218e+02 1.802189999999999941e+02
