3.724470000000000027e+02 3.947860000000000014e+02
3.580129999999999768e+02 3.990310000000000059e+02
3.444279999999999973e+02 4.079460000000000264e+02
3.414560000000000173e+02 4.198330000000000268e+02
3.350889999999999986e+02 4.287479999999999905e+02
3.584370000000000118e+02 4.147379999999999995e+02
3.609839999999999804e+02 4.300210000000000150e+02
3.618340000000000032e+02 4.406340000000000146e+02
3.660790000000000077e+02 4.474270000000000209e+02
3.711730000000000018e+02 4.160120000000000005e+02
3.732959999999999923e+02 4.325679999999999836e+02
3.771159999999999854e+02 4.431809999999999832e+02
3.826349999999999909e+02 4.491250000000000000e+02
3.813620000000000232e+02 4.164359999999999786e+02
3.826349999999999909e+02 4.312950000000000159e+02
3.868799999999999955e+02 4.397850000000000250e+02
3.907010000000000218e+02 4.478509999999999991e+02
3.911259999999999764e+02 4.181340000000000146e+02
3.949460000000000264e+02 4.283229999999999791e+02
3.983430000000000177e+02 4.329929999999999950e+02
4.021630000000000109e+02 4.385120000000000005e+02
