3.697660000000000196e+02 3.947919999999999732e+02
3.562130000000000223e+02 3.990280000000000200e+02
3.430830000000000268e+02 4.058039999999999736e+02
3.358829999999999814e+02 4.180869999999999891e+02
3.286829999999999927e+02 4.278279999999999745e+02
3.566360000000000241e+02 4.146979999999999791e+02
3.591770000000000209e+02 4.282509999999999764e+02
3.596009999999999991e+02 4.384159999999999968e+02
3.629889999999999759e+02 4.456159999999999854e+02
3.693419999999999845e+02 4.168159999999999741e+02
3.718829999999999814e+02 4.290989999999999895e+02
3.735769999999999982e+02 4.422280000000000086e+02
3.799300000000000068e+02 4.481569999999999823e+02
3.790830000000000268e+02 4.168159999999999741e+02
3.799300000000000068e+02 4.257099999999999795e+02
3.858600000000000136e+02 4.362989999999999782e+02
3.896720000000000255e+02 4.451929999999999836e+02
3.892479999999999905e+02 4.155459999999999923e+02
3.939069999999999823e+02 4.257099999999999795e+02
3.998360000000000127e+02 4.316399999999999864e+02
4.040720000000000027e+02 4.354519999999999982e+02
