3.645930000000000177e+02 2.461800000000000068e+02
3.528229999999999791e+02 2.391189999999999998e+02
3.448199999999999932e+02 2.245250000000000057e+02
3.419959999999999809e+02 2.104019999999999868e+02
3.382289999999999850e+02 2.005149999999999864e+02
3.580020000000000095e+02 2.085190000000000055e+02
3.608260000000000218e+02 1.910999999999999943e+02
3.570600000000000023e+02 1.835680000000000121e+02
3.504689999999999941e+02 1.816850000000000023e+02
3.678879999999999768e+02 2.089890000000000043e+02
3.707130000000000223e+02 1.901589999999999918e+02
3.674169999999999732e+02 1.807429999999999950e+02
3.608260000000000218e+02 1.769770000000000039e+02
3.758910000000000196e+02 2.104019999999999868e+02
3.796569999999999823e+02 1.939250000000000114e+02
3.782450000000000045e+02 1.826260000000000048e+02
3.744789999999999850e+02 1.741519999999999868e+02
3.829529999999999745e+02 2.141680000000000064e+02
3.890729999999999791e+02 2.023990000000000009e+02
3.904850000000000136e+02 1.943950000000000102e+02
3.871899999999999977e+02 1.863919999999999959e+02
