3.658750000000000000e+02 3.931259999999999764e+02
3.507529999999999859e+02 3.964870000000000232e+02
3.368910000000000196e+02 4.044680000000000177e+02
3.305910000000000082e+02 4.153890000000000100e+02
3.226089999999999804e+02 4.229499999999999886e+02
3.507529999999999859e+02 4.153890000000000100e+02
3.494929999999999950e+02 4.250509999999999877e+02
3.478129999999999882e+02 4.330319999999999823e+02
3.473929999999999723e+02 4.410129999999999768e+02
3.633550000000000182e+02 4.162300000000000182e+02
3.641949999999999932e+02 4.254710000000000036e+02
3.646150000000000091e+02 4.342919999999999732e+02
3.662950000000000159e+02 4.426929999999999836e+02
3.734359999999999786e+02 4.174900000000000091e+02
3.742760000000000105e+02 4.233700000000000045e+02
3.784769999999999754e+02 4.334519999999999982e+02
3.801569999999999823e+02 4.422730000000000246e+02
3.835179999999999723e+02 4.174900000000000091e+02
3.898179999999999836e+02 4.246309999999999718e+02
3.944390000000000214e+02 4.288310000000000173e+02
3.986399999999999864e+02 4.330319999999999823e+02
