3.887450000000000045e+02 3.891630000000000109e+02
3.689830000000000041e+02 3.922370000000000232e+02
3.487830000000000155e+02 3.948720000000000141e+02
3.351700000000000159e+02 4.032149999999999750e+02
3.211179999999999950e+02 4.054110000000000014e+02
3.492219999999999800e+02 4.014590000000000032e+02
3.347309999999999945e+02 4.102420000000000186e+02
3.233129999999999882e+02 4.181460000000000150e+02
3.167259999999999991e+02 4.216589999999999918e+02
3.540529999999999973e+02 4.049719999999999800e+02
3.351700000000000159e+02 4.128759999999999764e+02
3.215570000000000164e+02 4.190240000000000009e+02
3.110179999999999723e+02 4.234159999999999968e+02
3.597620000000000005e+02 4.093629999999999995e+02
3.461480000000000246e+02 4.181460000000000150e+02
3.316569999999999823e+02 4.251720000000000255e+02
3.215570000000000164e+02 4.300029999999999859e+02
3.637139999999999986e+02 4.146329999999999814e+02
3.544920000000000186e+02 4.229769999999999754e+02
3.457090000000000032e+02 4.269289999999999736e+02
3.369270000000000209e+02 4.300029999999999859e+02
