3.972200000000000273e+02 2.752520000000000095e+02
3.866630000000000109e+02 2.733330000000000268e+02
3.717880000000000109e+02 2.728530000000000086e+02
3.573919999999999959e+02 2.733330000000000268e+02
3.449159999999999968e+02 2.733330000000000268e+02
3.833039999999999736e+02 3.021240000000000236e+02
3.655500000000000114e+02 3.126809999999999832e+02
3.525939999999999941e+02 3.107610000000000241e+02
3.425169999999999959e+02 3.088419999999999845e+02
3.818650000000000091e+02 3.083620000000000232e+02
3.626700000000000159e+02 3.169990000000000236e+02
3.487549999999999955e+02 3.098009999999999877e+02
3.405969999999999800e+02 3.050029999999999859e+02
3.785059999999999718e+02 3.083620000000000232e+02
3.607509999999999764e+02 3.136399999999999864e+02
3.497139999999999986e+02 3.093220000000000027e+02
3.410769999999999982e+02 3.016440000000000055e+02
3.756259999999999764e+02 3.059630000000000223e+02
3.612309999999999945e+02 3.098009999999999877e+02
3.530729999999999791e+02 3.059630000000000223e+02
3.449159999999999968e+02 3.002040000000000077e+02
