3.675369999999999777e+02 2.542230000000000132e+02
3.555550000000000068e+02 2.489509999999999934e+02
3.445330000000000155e+02 2.350519999999999925e+02
3.383020000000000209e+02 2.245089999999999861e+02
3.306340000000000146e+02 2.154029999999999916e+02
3.627440000000000282e+02 2.154029999999999916e+02
3.637029999999999745e+02 1.986289999999999907e+02
3.660989999999999895e+02 1.876069999999999993e+02
3.675369999999999777e+02 1.770629999999999882e+02
3.737669999999999959e+02 2.149240000000000066e+02
3.756840000000000259e+02 1.962330000000000041e+02
3.785590000000000259e+02 1.842520000000000095e+02
3.795179999999999723e+02 1.746670000000000016e+02
3.819139999999999873e+02 2.173199999999999932e+02
3.852690000000000055e+02 2.005459999999999923e+02
3.862269999999999754e+02 1.895240000000000009e+02
3.881440000000000055e+02 1.808969999999999914e+02
3.895819999999999936e+02 2.221129999999999995e+02
3.948539999999999850e+02 2.096519999999999868e+02
3.977289999999999850e+02 2.034219999999999970e+02
4.010840000000000032e+02 1.971920000000000073e+02
