3.789649999999999750e+02 3.894710000000000036e+02
3.610640000000000214e+02 3.958639999999999759e+02
3.440160000000000196e+02 4.031100000000000136e+02
3.290989999999999895e+02 4.099289999999999736e+02
3.158870000000000005e+02 4.133389999999999986e+02
3.602119999999999891e+02 4.099289999999999736e+02
3.542450000000000045e+02 4.231419999999999959e+02
3.491309999999999718e+02 4.329440000000000168e+02
3.461469999999999914e+02 4.372060000000000173e+02
3.708670000000000186e+02 4.103550000000000182e+02
3.678840000000000146e+02 4.239940000000000282e+02
3.640480000000000018e+02 4.337970000000000255e+02
3.619169999999999732e+02 4.423210000000000264e+02
3.789649999999999750e+02 4.103550000000000182e+02
3.789649999999999750e+02 4.218629999999999995e+02
3.781120000000000232e+02 4.303870000000000005e+02
3.755550000000000068e+02 4.406159999999999854e+02
3.853580000000000041e+02 4.112080000000000268e+02
3.849320000000000164e+02 4.171750000000000114e+02
3.819479999999999791e+02 4.265509999999999877e+02
3.815219999999999914e+02 4.308129999999999882e+02
