3.582330000000000041e+02 2.506990000000000123e+02
3.678929999999999723e+02 2.387379999999999995e+02
3.780140000000000100e+02 2.221779999999999973e+02
3.761739999999999782e+02 2.069970000000000141e+02
3.793940000000000055e+02 1.954970000000000141e+02
3.789340000000000259e+02 2.189579999999999984e+02
3.706530000000000200e+02 2.005569999999999879e+02
3.674329999999999927e+02 2.000970000000000084e+02
3.660529999999999973e+02 2.019370000000000118e+02
3.697330000000000041e+02 2.240180000000000007e+02
3.609929999999999950e+02 2.033170000000000073e+02
3.586929999999999836e+02 2.079170000000000016e+02
3.609929999999999950e+02 2.138969999999999914e+02
3.609929999999999950e+02 2.281579999999999870e+02
3.513330000000000268e+02 2.097570000000000050e+02
3.513330000000000268e+02 2.161970000000000027e+02
3.550129999999999768e+02 2.217179999999999893e+02
3.513330000000000268e+02 2.318379999999999939e+02
3.448929999999999723e+02 2.189579999999999984e+02
3.467330000000000041e+02 2.240180000000000007e+02
3.476530000000000200e+02 2.295380000000000109e+02
