3.771229999999999905e+02 3.889490000000000123e+02
3.594220000000000255e+02 3.965350000000000250e+02
3.417200000000000273e+02 4.041220000000000141e+02
3.265470000000000255e+02 4.108650000000000091e+02
3.130609999999999786e+02 4.142370000000000232e+02
3.556279999999999859e+02 4.112869999999999777e+02
3.501490000000000009e+02 4.243519999999999754e+02
3.434060000000000059e+02 4.357320000000000277e+02
3.425629999999999882e+02 4.386820000000000164e+02
3.670079999999999814e+02 4.117080000000000268e+02
3.632149999999999750e+02 4.256159999999999854e+02
3.590000000000000000e+02 4.348890000000000100e+02
3.547850000000000250e+02 4.441610000000000014e+02
3.745939999999999941e+02 4.108650000000000091e+02
3.741730000000000018e+02 4.247740000000000009e+02
3.724870000000000232e+02 4.340459999999999923e+02
3.670079999999999814e+02 4.412110000000000127e+02
3.817590000000000146e+02 4.100219999999999914e+02
3.813380000000000223e+02 4.167660000000000196e+02
3.851309999999999718e+02 4.306739999999999782e+02
3.813380000000000223e+02 4.340459999999999923e+02
