3.700120000000000005e+02 3.969490000000000123e+02
3.567379999999999995e+02 4.021779999999999973e+02
3.446700000000000159e+02 4.082119999999999891e+02
3.426589999999999918e+02 4.182690000000000055e+02
3.466809999999999832e+02 4.339569999999999936e+02
3.599560000000000173e+02 4.251070000000000277e+02
3.571399999999999864e+02 4.327509999999999764e+02
3.567379999999999995e+02 4.420029999999999859e+02
3.567379999999999995e+02 4.508519999999999754e+02
3.708170000000000073e+02 4.234979999999999905e+02
3.748399999999999750e+02 4.355659999999999741e+02
3.792649999999999864e+02 4.452210000000000036e+02
3.852989999999999782e+02 4.504499999999999886e+02
3.812760000000000105e+02 4.198779999999999859e+02
3.840919999999999845e+02 4.327509999999999764e+02
3.881139999999999759e+02 4.420029999999999859e+02
3.925389999999999873e+02 4.488410000000000082e+02
3.917350000000000136e+02 4.170620000000000118e+02
3.937459999999999809e+02 4.291299999999999955e+02
3.977690000000000055e+02 4.355659999999999741e+02
4.017909999999999968e+02 4.411979999999999791e+02
