3.699630000000000223e+02 3.948679999999999950e+02
3.569610000000000127e+02 4.001499999999999773e+02
3.451770000000000209e+02 4.078700000000000045e+02
3.439580000000000268e+02 4.196539999999999964e+02
3.476150000000000091e+02 4.338750000000000000e+02
3.606170000000000186e+02 4.224979999999999905e+02
3.569610000000000127e+02 4.334689999999999941e+02
3.565539999999999736e+02 4.428140000000000214e+02
3.573670000000000186e+02 4.497219999999999800e+02
3.719940000000000282e+02 4.204660000000000082e+02
3.744320000000000164e+02 4.330620000000000118e+02
3.789019999999999868e+02 4.432210000000000036e+02
3.854030000000000200e+02 4.493149999999999977e+02
3.825590000000000259e+02 4.176220000000000141e+02
3.854030000000000200e+02 4.302180000000000177e+02
3.870280000000000200e+02 4.399700000000000273e+02
3.927169999999999845e+02 4.476899999999999977e+02
3.906850000000000023e+02 4.172160000000000082e+02
3.943419999999999845e+02 4.273740000000000236e+02
3.959680000000000177e+02 4.346879999999999882e+02
3.996240000000000236e+02 4.403759999999999764e+02
