3.693419999999999845e+02 3.976800000000000068e+02
3.547259999999999991e+02 4.039440000000000168e+02
3.401100000000000136e+02 4.118790000000000191e+02
3.334279999999999973e+02 4.223190000000000168e+02
3.254940000000000282e+02 4.285830000000000268e+02
3.547259999999999991e+02 4.168899999999999864e+02
3.551429999999999723e+02 4.315059999999999718e+02
3.522200000000000273e+02 4.415280000000000200e+02
3.526379999999999768e+02 4.482099999999999795e+02
3.689239999999999782e+02 4.206480000000000246e+02
3.668360000000000127e+02 4.319230000000000018e+02
3.660009999999999764e+02 4.415280000000000200e+02
3.660009999999999764e+02 4.511329999999999814e+02
3.789460000000000264e+02 4.210659999999999741e+02
3.797819999999999823e+02 4.319230000000000018e+02
3.801990000000000123e+02 4.411109999999999900e+02
3.797819999999999823e+02 4.490450000000000159e+02
3.893860000000000241e+02 4.206480000000000246e+02
3.910570000000000164e+02 4.310880000000000223e+02
3.948149999999999977e+02 4.360989999999999895e+02
3.973210000000000264e+02 4.411109999999999900e+02
