3.764519999999999982e+02 4.007590000000000146e+02
3.621390000000000100e+02 4.063260000000000218e+02
3.490190000000000055e+02 4.138790000000000191e+02
3.414649999999999750e+02 4.242160000000000082e+02
3.347060000000000173e+02 4.321680000000000064e+02
3.681030000000000086e+02 4.301800000000000068e+02
3.653199999999999932e+02 4.476739999999999782e+02
3.661150000000000091e+02 4.476739999999999782e+02
3.685000000000000000e+02 4.508539999999999850e+02
3.816200000000000045e+02 4.293849999999999909e+02
3.851979999999999791e+02 4.417099999999999795e+02
3.855960000000000036e+02 4.488659999999999854e+02
3.891739999999999782e+02 4.540350000000000250e+02
3.919569999999999936e+02 4.277950000000000159e+02
3.975230000000000246e+02 4.373369999999999891e+02
4.014990000000000236e+02 4.448910000000000196e+02
4.050769999999999982e+02 4.512520000000000095e+02
4.034870000000000232e+02 4.246139999999999759e+02
4.106429999999999723e+02 4.317699999999999818e+02
4.170049999999999955e+02 4.361440000000000055e+02
4.233659999999999854e+02 4.417099999999999795e+02
