3.722989999999999782e+02 3.949220000000000255e+02
3.579970000000000141e+02 3.999689999999999941e+02
3.445360000000000014e+02 4.075409999999999968e+02
3.411709999999999923e+02 4.193190000000000168e+02
3.348609999999999900e+02 4.289940000000000282e+02
3.584180000000000064e+02 4.159540000000000077e+02
3.609409999999999741e+02 4.302559999999999718e+02
3.617830000000000155e+02 4.407719999999999914e+02
3.668310000000000173e+02 4.475029999999999859e+02
3.706159999999999854e+02 4.159540000000000077e+02
3.727200000000000273e+02 4.310969999999999800e+02
3.769259999999999877e+02 4.416139999999999759e+02
3.819739999999999895e+02 4.504470000000000027e+02
3.811329999999999814e+02 4.163750000000000000e+02
3.819739999999999895e+02 4.294150000000000205e+02
3.849180000000000064e+02 4.399309999999999832e+02
3.908079999999999927e+02 4.479230000000000018e+02
3.903870000000000005e+02 4.172160000000000082e+02
3.941730000000000018e+02 4.268910000000000196e+02
3.975380000000000109e+02 4.340419999999999732e+02
4.004820000000000277e+02 4.386689999999999827e+02
