3.627679999999999723e+02 2.442110000000000127e+02
3.513620000000000232e+02 2.370829999999999984e+02
3.437579999999999814e+02 2.223499999999999943e+02
3.451840000000000259e+02 2.071430000000000007e+02
3.480350000000000250e+02 1.962119999999999891e+02
3.551639999999999873e+02 2.052419999999999902e+02
3.584909999999999854e+02 1.890840000000000032e+02
3.584909999999999854e+02 1.895589999999999975e+02
3.556390000000000100e+02 1.957369999999999948e+02
3.637180000000000177e+02 2.071430000000000007e+02
3.675199999999999818e+02 1.876579999999999870e+02
3.665699999999999932e+02 1.909850000000000136e+02
3.641929999999999836e+02 1.981129999999999995e+02
3.736979999999999791e+02 2.099939999999999998e+02
3.775000000000000000e+02 1.919350000000000023e+02
3.755989999999999895e+02 1.957369999999999948e+02
3.722719999999999914e+02 2.028660000000000139e+02
3.808269999999999982e+02 2.142709999999999866e+02
3.851039999999999850e+02 2.023909999999999911e+02
3.851039999999999850e+02 2.000140000000000100e+02
3.855790000000000077e+02 2.033410000000000082e+02
