3.706129999999999995e+02 3.973240000000000123e+02
3.549089999999999918e+02 4.035230000000000246e+02
3.412710000000000150e+02 4.117889999999999873e+02
3.342459999999999809e+02 4.221200000000000045e+02
3.247409999999999854e+02 4.295590000000000259e+02
3.557359999999999900e+02 4.233600000000000136e+02
3.544959999999999809e+02 4.332780000000000200e+02
3.516030000000000086e+02 4.427839999999999918e+02
3.528430000000000177e+02 4.493960000000000150e+02
3.689599999999999795e+02 4.237730000000000246e+02
3.677200000000000273e+02 4.336920000000000073e+02
3.660670000000000073e+02 4.415439999999999827e+02
3.660670000000000073e+02 4.502219999999999800e+02
3.780520000000000209e+02 4.229470000000000027e+02
3.801179999999999950e+02 4.328650000000000091e+02
3.805310000000000059e+02 4.411299999999999955e+02
3.805310000000000059e+02 4.498090000000000259e+02
3.887970000000000255e+02 4.233600000000000136e+02
3.912760000000000105e+02 4.307989999999999782e+02
3.945830000000000268e+02 4.365849999999999795e+02
3.974750000000000227e+02 4.407169999999999845e+02
