3.718419999999999845e+02 3.959759999999999991e+02
3.577040000000000077e+02 3.997189999999999941e+02
3.448140000000000214e+02 4.072029999999999745e+02
3.414870000000000232e+02 4.180149999999999864e+02
3.352500000000000000e+02 4.292420000000000186e+02
3.577040000000000077e+02 4.171829999999999927e+02
3.610310000000000059e+02 4.304889999999999759e+02
3.618620000000000232e+02 4.408849999999999909e+02
3.664359999999999786e+02 4.479529999999999745e+02
3.701789999999999736e+02 4.171829999999999927e+02
3.739209999999999923e+02 4.317370000000000232e+02
3.772470000000000141e+02 4.429639999999999986e+02
3.822370000000000232e+02 4.496170000000000186e+02
3.809900000000000091e+02 4.167669999999999959e+02
3.818210000000000264e+02 4.309049999999999727e+02
3.863949999999999818e+02 4.400529999999999973e+02
3.909689999999999941e+02 4.475380000000000109e+02
3.905539999999999736e+02 4.171829999999999927e+02
3.938799999999999955e+02 4.275779999999999745e+02
3.976229999999999905e+02 4.338159999999999741e+02
4.009490000000000123e+02 4.392210000000000036e+02
