3.735389999999999873e+02 3.036890000000000214e+02
3.659660000000000082e+02 2.918570000000000277e+02
3.531890000000000214e+02 2.786059999999999945e+02
3.370980000000000132e+02 2.729270000000000209e+02
3.257400000000000091e+02 2.648820000000000050e+02
3.673860000000000241e+02 2.913840000000000146e+02
3.508220000000000027e+02 2.857049999999999841e+02
3.389909999999999854e+02 2.838120000000000118e+02
3.285790000000000077e+02 2.809719999999999800e+02
3.659660000000000082e+02 3.032149999999999750e+02
3.460899999999999750e+02 2.961170000000000186e+02
3.318919999999999959e+02 2.918570000000000277e+02
3.219540000000000077e+02 2.885439999999999827e+02
3.636000000000000227e+02 3.117339999999999804e+02
3.432500000000000000e+02 3.065280000000000200e+02
3.290520000000000209e+02 3.013220000000000027e+02
3.191139999999999759e+02 2.994289999999999736e+02
3.588679999999999950e+02 3.183600000000000136e+02
3.432500000000000000e+02 3.145740000000000123e+02
3.318919999999999959e+02 3.112610000000000241e+02
3.224270000000000209e+02 3.093679999999999950e+02
