3.755579999999999927e+02 3.915790000000000077e+02
3.639300000000000068e+02 4.019150000000000205e+02
3.548849999999999909e+02 4.161279999999999859e+02
3.510090000000000146e+02 4.251720000000000255e+02
3.445489999999999782e+02 4.346469999999999914e+02
3.755579999999999927e+02 4.187119999999999891e+02
3.863249999999999886e+02 4.286179999999999950e+02
3.958000000000000114e+02 4.359390000000000214e+02
4.035529999999999973e+02 4.376619999999999777e+02
3.850330000000000155e+02 4.161279999999999859e+02
3.958000000000000114e+02 4.256030000000000086e+02
4.031220000000000141e+02 4.324940000000000282e+02
4.113050000000000068e+02 4.372320000000000277e+02
3.897710000000000150e+02 4.126820000000000164e+02
3.996770000000000209e+02 4.221580000000000155e+02
4.069979999999999905e+02 4.281870000000000118e+02
4.147509999999999764e+02 4.320629999999999882e+02
3.958000000000000114e+02 4.109599999999999795e+02
4.022610000000000241e+02 4.187119999999999891e+02
4.069979999999999905e+02 4.247420000000000186e+02
4.113050000000000068e+02 4.281870000000000118e+02
