3.853229999999999791e+02 3.063740000000000236e+02
3.881759999999999877e+02 2.987649999999999864e+02
3.857980000000000018e+02 2.878269999999999982e+02
3.772379999999999995e+02 2.787909999999999968e+02
3.734340000000000259e+02 2.669019999999999868e+02
3.767629999999999768e+02 3.101789999999999736e+02
3.696290000000000191e+02 3.201659999999999968e+02
3.615439999999999827e+02 3.258729999999999905e+02
3.539350000000000023e+02 3.344329999999999927e+02
3.691530000000000200e+02 3.173129999999999882e+02
3.567880000000000109e+02 3.258729999999999905e+02
3.439479999999999791e+02 3.277749999999999773e+02
3.311070000000000277e+02 3.330070000000000050e+02
3.615439999999999827e+02 3.192149999999999750e+02
3.506059999999999945e+02 3.253969999999999914e+02
3.391920000000000073e+02 3.282509999999999764e+02
3.273029999999999973e+02 3.349089999999999918e+02
3.572640000000000100e+02 3.173129999999999882e+02
3.468009999999999877e+02 3.239710000000000036e+02
3.391920000000000073e+02 3.258729999999999905e+02
3.320590000000000259e+02 3.292019999999999982e+02
