3.702350000000000136e+02 3.983109999999999786e+02
3.541750000000000114e+02 4.046510000000000105e+02
3.406499999999999773e+02 4.122579999999999814e+02
3.338879999999999768e+02 4.219789999999999850e+02
3.254350000000000023e+02 4.291639999999999873e+02
3.545969999999999800e+02 4.232470000000000141e+02
3.545969999999999800e+02 4.321220000000000141e+02
3.512160000000000082e+02 4.431109999999999900e+02
3.529069999999999823e+02 4.486050000000000182e+02
3.672769999999999868e+02 4.228240000000000123e+02
3.672769999999999868e+02 4.333899999999999864e+02
3.655860000000000127e+02 4.414200000000000159e+02
3.660090000000000146e+02 4.515640000000000214e+02
3.778419999999999845e+02 4.228240000000000123e+02
3.786879999999999882e+02 4.325450000000000159e+02
3.803779999999999859e+02 4.414200000000000159e+02
3.803779999999999859e+02 4.490280000000000200e+02
3.879859999999999900e+02 4.219789999999999850e+02
3.913670000000000186e+02 4.312769999999999868e+02
3.947479999999999905e+02 4.355029999999999859e+02
3.977060000000000173e+02 4.409979999999999905e+02
