3.773450000000000273e+02 2.598159999999999741e+02
3.879769999999999754e+02 2.464099999999999966e+02
3.958360000000000127e+02 2.283820000000000050e+02
3.935240000000000009e+02 2.131270000000000095e+02
3.926000000000000227e+02 1.992589999999999861e+02
3.847409999999999854e+02 2.200610000000000070e+02
3.810430000000000064e+02 1.978720000000000141e+02
3.773450000000000273e+02 1.840039999999999907e+02
3.727219999999999800e+02 1.733710000000000093e+02
3.736469999999999914e+02 2.219099999999999966e+02
3.694859999999999900e+02 1.974099999999999966e+02
3.662500000000000000e+02 1.830790000000000077e+02
3.648629999999999995e+02 1.692110000000000127e+02
3.625520000000000209e+02 2.242210000000000036e+02
3.607029999999999745e+02 2.024950000000000045e+02
3.602409999999999854e+02 1.863149999999999977e+02
3.588539999999999850e+02 1.747580000000000098e+02
3.546929999999999836e+02 2.274569999999999936e+02
3.537690000000000055e+02 2.089660000000000082e+02
3.542309999999999945e+02 1.983340000000000032e+02
3.546929999999999836e+02 1.881639999999999873e+02
