3.719159999999999968e+02 3.984839999999999804e+02
3.581050000000000182e+02 4.057950000000000159e+02
3.438879999999999768e+02 4.135129999999999768e+02
3.333269999999999982e+02 4.232620000000000005e+02
3.227660000000000196e+02 4.285419999999999732e+02
3.617610000000000241e+02 4.305729999999999791e+02
3.585110000000000241e+02 4.358539999999999850e+02
3.556680000000000064e+02 4.435720000000000027e+02
3.556680000000000064e+02 4.484460000000000264e+02
3.751650000000000205e+02 4.289490000000000123e+02
3.788210000000000264e+02 4.370729999999999791e+02
3.816639999999999873e+02 4.456030000000000086e+02
3.873509999999999991e+02 4.516960000000000264e+02
3.877570000000000050e+02 4.256990000000000123e+02
3.942570000000000050e+02 4.326039999999999850e+02
4.023809999999999718e+02 4.395099999999999909e+02
4.109110000000000014e+02 4.460090000000000146e+02
3.946630000000000109e+02 4.196059999999999945e+02
4.068489999999999895e+02 4.293550000000000182e+02
4.174100000000000250e+02 4.326039999999999850e+02
4.259399999999999977e+02 4.338229999999999791e+02
