3.825419999999999732e+02 2.684390000000000214e+02
3.737660000000000196e+02 2.523489999999999895e+02
3.581630000000000109e+02 2.382100000000000080e+02
3.440240000000000009e+02 2.308959999999999866e+02
3.308600000000000136e+02 2.274840000000000089e+02
3.727900000000000205e+02 2.484490000000000123e+02
3.542629999999999768e+02 2.503990000000000009e+02
3.406109999999999900e+02 2.489360000000000070e+02
3.274470000000000027e+02 2.469859999999999900e+02
3.732780000000000200e+02 2.606379999999999768e+02
3.523129999999999882e+02 2.606379999999999768e+02
3.352479999999999905e+02 2.577119999999999891e+02
3.225710000000000264e+02 2.523489999999999895e+02
3.713279999999999745e+02 2.718519999999999754e+02
3.503620000000000232e+02 2.713639999999999759e+02
3.347599999999999909e+02 2.645380000000000109e+02
3.230590000000000259e+02 2.601499999999999773e+02
3.654769999999999754e+02 2.796530000000000200e+02
3.493870000000000005e+02 2.772149999999999750e+02
3.386610000000000014e+02 2.728269999999999982e+02
3.308600000000000136e+02 2.703890000000000100e+02
