3.611129999999999995e+02 2.439110000000000014e+02
3.499230000000000018e+02 2.364509999999999934e+02
3.433960000000000150e+02 2.215320000000000107e+02
3.452610000000000241e+02 2.094099999999999966e+02
3.438620000000000232e+02 1.982199999999999989e+02
3.564499999999999886e+02 2.070790000000000077e+02
3.573829999999999814e+02 1.935579999999999927e+02
3.587819999999999823e+02 1.893619999999999948e+02
3.601800000000000068e+02 1.874970000000000141e+02
3.648430000000000177e+02 2.094099999999999966e+02
3.690389999999999873e+02 1.912270000000000039e+02
3.709039999999999964e+02 1.884290000000000020e+02
3.685720000000000027e+02 1.898280000000000030e+02
3.732350000000000136e+02 2.112750000000000057e+02
3.783629999999999995e+02 1.954230000000000018e+02
3.788290000000000077e+02 1.930920000000000130e+02
3.732350000000000136e+02 1.996189999999999998e+02
3.802280000000000086e+02 2.154710000000000036e+02
3.862889999999999873e+02 2.028830000000000098e+02
3.848910000000000196e+02 2.010180000000000007e+02
3.834920000000000186e+02 2.019499999999999886e+02
