3.716150000000000091e+02 2.614409999999999741e+02
3.626009999999999991e+02 2.514790000000000134e+02
3.545360000000000014e+02 2.367719999999999914e+02
3.455219999999999914e+02 2.296550000000000011e+02
3.431499999999999773e+02 2.225389999999999873e+02
3.720889999999999986e+02 2.177949999999999875e+02
3.521639999999999873e+02 2.139989999999999952e+02
3.417269999999999754e+02 2.139989999999999952e+02
3.327130000000000223e+02 2.130509999999999877e+02
3.777819999999999823e+02 2.220649999999999977e+02
3.521639999999999873e+02 2.182690000000000055e+02
3.369820000000000277e+02 2.163720000000000141e+02
3.279680000000000177e+02 2.139989999999999952e+02
3.792060000000000173e+02 2.287059999999999889e+02
3.545360000000000014e+02 2.225389999999999873e+02
3.388799999999999955e+02 2.215900000000000034e+02
3.284429999999999836e+02 2.211160000000000139e+02
3.782570000000000050e+02 2.362969999999999970e+02
3.630749999999999886e+02 2.325020000000000095e+02
3.445729999999999791e+02 2.291810000000000116e+02
3.388799999999999955e+02 2.263340000000000032e+02
