3.698849999999999909e+02 3.401979999999999791e+02
3.554320000000000164e+02 3.397309999999999945e+02
3.409789999999999850e+02 3.360020000000000095e+02
3.358500000000000227e+02 3.290079999999999814e+02
3.293229999999999791e+02 3.210819999999999936e+02
3.545000000000000000e+02 3.266770000000000209e+02
3.507699999999999818e+02 3.145550000000000068e+02
3.503029999999999973e+02 3.094259999999999877e+02
3.512359999999999900e+02 3.033650000000000091e+02
3.652230000000000132e+02 3.276089999999999804e+02
3.633580000000000041e+02 3.168860000000000241e+02
3.642900000000000205e+02 3.084940000000000282e+02
3.633580000000000041e+02 2.987029999999999745e+02
3.740810000000000173e+02 3.294739999999999895e+02
3.750140000000000100e+02 3.215480000000000018e+02
3.745480000000000018e+02 3.140880000000000223e+02
3.740810000000000173e+02 3.070950000000000273e+02
3.824739999999999895e+02 3.346030000000000086e+02
3.857370000000000232e+02 3.280760000000000218e+02
3.880690000000000168e+02 3.220140000000000100e+02
3.880690000000000168e+02 3.159529999999999745e+02
