3.720389999999999873e+02 3.955210000000000150e+02
3.578709999999999809e+02 3.998140000000000214e+02
3.445609999999999786e+02 4.075419999999999732e+02
3.411259999999999764e+02 4.195640000000000214e+02
3.351159999999999854e+02 4.285799999999999841e+02
3.587289999999999850e+02 4.144119999999999777e+02
3.608759999999999764e+02 4.298679999999999950e+02
3.617350000000000136e+02 4.397429999999999950e+02
3.660280000000000200e+02 4.470419999999999732e+02
3.711800000000000068e+02 4.165590000000000259e+02
3.737559999999999718e+02 4.320149999999999864e+02
3.767620000000000005e+02 4.423190000000000168e+02
3.819139999999999873e+02 4.491890000000000214e+02
3.814839999999999804e+02 4.165590000000000259e+02
3.827730000000000246e+02 4.302970000000000255e+02
3.866370000000000005e+02 4.393140000000000214e+02
3.905009999999999764e+02 4.479010000000000105e+02
3.909300000000000068e+02 4.174169999999999732e+02
3.947939999999999827e+02 4.281510000000000105e+02
3.986580000000000155e+02 4.333029999999999973e+02
4.020930000000000177e+02 4.388840000000000146e+02
