3.667529999999999859e+02 2.467460000000000093e+02
3.547459999999999809e+02 2.424240000000000066e+02
3.432189999999999941e+02 2.280149999999999864e+02
3.388960000000000150e+02 2.126459999999999866e+02
3.321720000000000255e+02 2.025600000000000023e+02
3.566669999999999732e+02 2.092839999999999918e+02
3.542649999999999864e+02 1.919939999999999998e+02
3.509030000000000200e+02 1.795070000000000050e+02
3.504230000000000018e+02 1.689399999999999977e+02
3.662719999999999914e+02 2.088040000000000020e+02
3.657919999999999732e+02 1.891119999999999948e+02
3.653120000000000118e+02 1.751839999999999975e+02
3.653120000000000118e+02 1.641370000000000005e+02
3.744370000000000118e+02 2.102450000000000045e+02
3.749180000000000064e+02 1.924739999999999895e+02
3.753980000000000246e+02 1.804670000000000130e+02
3.739569999999999936e+02 1.699010000000000105e+02
3.835629999999999882e+02 2.126459999999999866e+02
3.864440000000000168e+02 2.006390000000000100e+02
3.888460000000000036e+02 1.929550000000000125e+02
3.893260000000000218e+02 1.862309999999999945e+02
