3.737339999999999804e+02 3.885960000000000036e+02
3.587760000000000105e+02 3.937250000000000227e+02
3.446730000000000018e+02 4.026990000000000123e+02
3.412540000000000191e+02 4.121009999999999991e+02
3.374080000000000155e+02 4.244950000000000045e+02
3.549300000000000068e+02 4.086820000000000164e+02
3.579209999999999923e+02 4.223580000000000041e+02
3.583489999999999895e+02 4.326150000000000091e+02
3.617679999999999723e+02 4.420169999999999959e+02
3.681779999999999973e+02 4.108190000000000168e+02
3.686050000000000182e+02 4.240679999999999836e+02
3.698879999999999768e+02 4.351789999999999736e+02
3.724519999999999982e+02 4.432989999999999782e+02
3.788620000000000232e+02 4.116739999999999782e+02
3.771530000000000200e+02 4.227860000000000014e+02
3.784350000000000023e+02 4.326150000000000091e+02
3.797169999999999845e+02 4.424440000000000168e+02
3.874100000000000250e+02 4.125289999999999964e+02
3.878369999999999891e+02 4.223580000000000041e+02
3.891190000000000282e+02 4.287690000000000055e+02
3.908290000000000077e+02 4.351789999999999736e+02
