3.658990000000000009e+02 2.492489999999999952e+02
3.742690000000000055e+02 2.357640000000000100e+02
3.817090000000000032e+02 2.222789999999999964e+02
3.872889999999999873e+02 2.097239999999999895e+02
3.965889999999999986e+02 2.050740000000000123e+02
3.649689999999999941e+02 2.092589999999999861e+02
3.645040000000000191e+02 1.874050000000000011e+02
3.612490000000000236e+02 1.748499999999999943e+02
3.584599999999999795e+02 1.636899999999999977e+02
3.561349999999999909e+02 2.120490000000000066e+02
3.505550000000000068e+02 1.878700000000000045e+02
3.463700000000000045e+02 1.753149999999999977e+02
3.426499999999999773e+02 1.641550000000000011e+02
3.496250000000000000e+02 2.162340000000000089e+02
3.412549999999999955e+02 1.948439999999999941e+02
3.352099999999999795e+02 1.827549999999999955e+02
3.314900000000000091e+02 1.715949999999999989e+02
3.426499999999999773e+02 2.222789999999999964e+02
3.324200000000000159e+02 2.097239999999999895e+02
3.273050000000000068e+02 2.018189999999999884e+02
3.226549999999999727e+02 1.943789999999999907e+02
