3.697769999999999868e+02 3.939470000000000027e+02
3.557980000000000018e+02 3.990299999999999727e+02
3.422429999999999950e+02 4.079250000000000114e+02
3.358890000000000100e+02 4.189390000000000214e+02
3.286879999999999882e+02 4.278340000000000032e+02
3.570690000000000168e+02 4.163969999999999914e+02
3.591870000000000118e+02 4.286809999999999832e+02
3.596100000000000136e+02 4.384239999999999782e+02
3.629990000000000236e+02 4.456250000000000000e+02
3.693530000000000086e+02 4.180910000000000082e+02
3.723179999999999836e+02 4.286809999999999832e+02
3.740120000000000005e+02 4.418120000000000118e+02
3.799429999999999836e+02 4.481659999999999968e+02
3.795190000000000055e+02 4.176680000000000064e+02
3.799429999999999836e+02 4.282579999999999814e+02
3.862970000000000255e+02 4.375769999999999982e+02
3.896850000000000023e+02 4.452010000000000218e+02
3.892620000000000005e+02 4.168210000000000264e+02
3.951920000000000073e+02 4.269870000000000232e+02
3.998509999999999991e+02 4.316460000000000150e+02
4.040869999999999891e+02 4.358820000000000050e+02
