3.647710000000000150e+02 3.955579999999999927e+02
3.510559999999999832e+02 3.988829999999999814e+02
3.381720000000000255e+02 4.076109999999999900e+02
3.340160000000000196e+02 4.192479999999999905e+02
3.273659999999999854e+02 4.300529999999999973e+02
3.498090000000000259e+02 4.146759999999999877e+02
3.531340000000000146e+02 4.300529999999999973e+02
3.577049999999999841e+02 4.396120000000000232e+02
3.622769999999999868e+02 4.462620000000000005e+02
3.631080000000000041e+02 4.134289999999999736e+02
3.647710000000000150e+02 4.296379999999999768e+02
3.685110000000000241e+02 4.387810000000000059e+02
3.714200000000000159e+02 4.479239999999999782e+02
3.739139999999999873e+02 4.146759999999999877e+02
3.747450000000000045e+02 4.283910000000000196e+02
3.759920000000000186e+02 4.387810000000000059e+02
3.789010000000000105e+02 4.475090000000000146e+02
3.822259999999999991e+02 4.167540000000000191e+02
3.834730000000000132e+02 4.283910000000000196e+02
3.847189999999999941e+02 4.350409999999999968e+02
3.867970000000000255e+02 4.396120000000000232e+02
