3.848050000000000068e+02 3.073759999999999764e+02
3.838489999999999895e+02 2.959119999999999777e+02
3.742959999999999923e+02 2.863589999999999804e+02
3.623550000000000182e+02 2.806270000000000095e+02
3.504130000000000109e+02 2.820600000000000023e+02
3.714300000000000068e+02 3.068980000000000246e+02
3.537570000000000050e+02 3.064200000000000159e+02
3.475470000000000255e+02 2.954340000000000259e+02
3.499359999999999786e+02 2.873140000000000214e+02
3.656979999999999791e+02 3.145409999999999968e+02
3.489800000000000182e+02 3.221829999999999927e+02
3.356059999999999945e+02 3.188399999999999750e+02
3.246200000000000045e+02 3.154959999999999809e+02
3.613999999999999773e+02 3.169289999999999736e+02
3.427710000000000150e+02 3.255269999999999868e+02
3.289189999999999827e+02 3.260040000000000191e+02
3.188879999999999768e+02 3.293480000000000132e+02
3.575779999999999745e+02 3.178840000000000146e+02
3.360840000000000032e+02 3.260040000000000191e+02
3.270079999999999814e+02 3.264820000000000277e+02
3.188879999999999768e+02 3.298260000000000218e+02
