3.727599999999999909e+02 3.949649999999999750e+02
3.584800000000000182e+02 3.987450000000000045e+02
3.450409999999999968e+02 4.071449999999999818e+02
3.412610000000000241e+02 4.184850000000000136e+02
3.349610000000000127e+02 4.289839999999999804e+02
3.584800000000000182e+02 4.155450000000000159e+02
3.610000000000000000e+02 4.302440000000000282e+02
3.622599999999999909e+02 4.411639999999999873e+02
3.668799999999999955e+02 4.483039999999999736e+02
3.710799999999999841e+02 4.159649999999999750e+02
3.736000000000000227e+02 4.323439999999999941e+02
3.773799999999999955e+02 4.428439999999999941e+02
3.824200000000000159e+02 4.495640000000000214e+02
3.815799999999999841e+02 4.155450000000000159e+02
3.828399999999999750e+02 4.298240000000000123e+02
3.870400000000000205e+02 4.399039999999999964e+02
3.912400000000000091e+02 4.483039999999999736e+02
3.912400000000000091e+02 4.168050000000000068e+02
3.946000000000000227e+02 4.277239999999999895e+02
3.979599999999999795e+02 4.331840000000000259e+02
4.013190000000000168e+02 4.386440000000000055e+02
