3.693729999999999905e+02 2.507829999999999870e+02
3.782069999999999936e+02 2.386949999999999932e+02
3.893650000000000091e+02 2.228880000000000052e+02
3.926190000000000282e+02 2.094050000000000011e+02
3.986630000000000109e+02 1.987110000000000127e+02
3.898299999999999841e+02 2.205629999999999882e+02
3.805310000000000059e+02 1.996409999999999911e+02
3.791370000000000005e+02 2.019660000000000082e+02
3.786720000000000255e+02 2.080099999999999909e+02
3.800659999999999741e+02 2.247470000000000141e+02
3.721630000000000109e+02 2.028959999999999866e+02
3.693729999999999905e+02 2.084749999999999943e+02
3.721630000000000109e+02 2.140540000000000020e+02
3.716979999999999791e+02 2.284670000000000130e+02
3.619340000000000259e+02 2.089399999999999977e+02
3.628639999999999759e+02 2.159139999999999873e+02
3.651890000000000214e+02 2.219579999999999984e+02
3.614689999999999941e+02 2.321860000000000070e+02
3.568199999999999932e+02 2.177729999999999961e+02
3.577500000000000000e+02 2.224230000000000018e+02
3.586800000000000068e+02 2.284670000000000130e+02
