3.709209999999999923e+02 3.936659999999999968e+02
3.561030000000000086e+02 4.002520000000000095e+02
3.429309999999999832e+02 4.113650000000000091e+02
3.462239999999999895e+02 4.212440000000000282e+02
3.495169999999999959e+02 4.319460000000000264e+02
3.598070000000000164e+02 4.171279999999999859e+02
3.589839999999999804e+02 4.315339999999999918e+02
3.598070000000000164e+02 4.414130000000000109e+02
3.643349999999999795e+02 4.475869999999999891e+02
3.709209999999999923e+02 4.154809999999999945e+02
3.705090000000000146e+02 4.294759999999999991e+02
3.725670000000000073e+02 4.401779999999999973e+02
3.754479999999999791e+02 4.488210000000000264e+02
3.803879999999999768e+02 4.154809999999999945e+02
3.803879999999999768e+02 4.270059999999999718e+02
3.812110000000000127e+02 4.372959999999999923e+02
3.832690000000000055e+02 4.475869999999999891e+02
3.894429999999999836e+02 4.179510000000000218e+02
3.894429999999999836e+02 4.278299999999999841e+02
3.923240000000000123e+02 4.344150000000000205e+02
3.947939999999999827e+02 4.414130000000000109e+02
