3.701909999999999741e+02 3.091879999999999882e+02
3.634169999999999732e+02 3.028990000000000009e+02
3.498700000000000045e+02 3.024150000000000205e+02
3.343879999999999768e+02 3.014470000000000027e+02
3.242280000000000086e+02 2.932219999999999800e+02
3.522889999999999873e+02 3.280570000000000164e+02
3.314850000000000136e+02 3.295079999999999814e+02
3.189060000000000059e+02 3.309599999999999795e+02
3.092300000000000182e+02 3.333790000000000191e+02
3.469669999999999845e+02 3.324110000000000014e+02
3.247119999999999891e+02 3.309599999999999795e+02
3.111650000000000205e+02 3.290249999999999773e+02
3.005210000000000150e+02 3.319270000000000209e+02
3.450319999999999823e+02 3.304759999999999991e+02
3.280989999999999895e+02 3.280570000000000164e+02
3.126170000000000186e+02 3.261220000000000141e+02
3.010049999999999955e+02 3.275729999999999791e+02
3.426129999999999995e+02 3.261220000000000141e+02
3.300339999999999918e+02 3.270889999999999986e+02
3.184220000000000255e+02 3.251539999999999964e+02
3.101979999999999791e+02 3.217669999999999959e+02
