3.666320000000000050e+02 3.947789999999999964e+02
3.527330000000000041e+02 3.984580000000000268e+02
3.388330000000000268e+02 4.054080000000000155e+02
3.363799999999999955e+02 4.172640000000000100e+02
3.347450000000000045e+02 4.299370000000000118e+02
3.519150000000000205e+02 4.115400000000000205e+02
3.515059999999999718e+02 4.254399999999999977e+02
3.498709999999999809e+02 4.340249999999999773e+02
3.510969999999999800e+02 4.450629999999999882e+02
3.637710000000000150e+02 4.115400000000000205e+02
3.641789999999999736e+02 4.274839999999999804e+02
3.641789999999999736e+02 4.372959999999999923e+02
3.654060000000000059e+02 4.475160000000000196e+02
3.743999999999999773e+02 4.135849999999999795e+02
3.735819999999999936e+02 4.278929999999999723e+02
3.743999999999999773e+02 4.368870000000000005e+02
3.764440000000000168e+02 4.462900000000000205e+02
3.842110000000000127e+02 4.160369999999999777e+02
3.858460000000000036e+02 4.270749999999999886e+02
3.882989999999999782e+02 4.327989999999999782e+02
3.911610000000000014e+02 4.381129999999999995e+02
