3.697450000000000045e+02 3.939030000000000200e+02
3.557699999999999818e+02 3.989850000000000136e+02
3.422180000000000177e+02 4.074549999999999841e+02
3.358650000000000091e+02 4.184660000000000082e+02
3.286659999999999968e+02 4.277830000000000155e+02
3.574639999999999986e+02 4.167719999999999914e+02
3.591580000000000155e+02 4.282060000000000173e+02
3.595810000000000173e+02 4.383700000000000045e+02
3.629689999999999941e+02 4.455690000000000168e+02
3.697450000000000045e+02 4.171949999999999932e+02
3.722860000000000014e+02 4.290529999999999973e+02
3.739800000000000182e+02 4.417579999999999814e+02
3.794850000000000136e+02 4.481100000000000136e+02
3.794850000000000136e+02 4.171949999999999932e+02
3.824499999999999886e+02 4.282060000000000173e+02
3.862610000000000241e+02 4.370989999999999895e+02
3.896490000000000009e+02 4.451460000000000150e+02
3.896490000000000009e+02 4.167719999999999914e+02
3.955779999999999745e+02 4.273589999999999804e+02
3.998129999999999882e+02 4.315939999999999941e+02
4.040480000000000018e+02 4.358290000000000077e+02
