3.810190000000000055e+02 2.985459999999999923e+02
3.719499999999999886e+02 2.904320000000000164e+02
3.657450000000000045e+02 2.727719999999999914e+02
3.657450000000000045e+02 2.584529999999999745e+02
3.585860000000000127e+02 2.460430000000000064e+02
3.709959999999999809e+02 2.574990000000000236e+02
3.686089999999999804e+02 2.393609999999999900e+02
3.638360000000000127e+02 2.374519999999999982e+02
3.609719999999999800e+02 2.446109999999999900e+02
3.781549999999999727e+02 2.579759999999999991e+02
3.848369999999999891e+02 2.369749999999999943e+02
3.843600000000000136e+02 2.226560000000000059e+02
3.848369999999999891e+02 2.107230000000000132e+02
3.881789999999999736e+02 2.603620000000000232e+02
3.929519999999999982e+02 2.412700000000000102e+02
3.958149999999999977e+02 2.264739999999999895e+02
3.977250000000000227e+02 2.145409999999999968e+02
3.958149999999999977e+02 2.651349999999999909e+02
4.010659999999999741e+02 2.522479999999999905e+02
4.044069999999999823e+02 2.422249999999999943e+02
4.077479999999999905e+02 2.336330000000000098e+02
