3.802149999999999750e+02 3.941580000000000155e+02
3.646589999999999918e+02 3.994800000000000182e+02
3.470570000000000164e+02 4.068489999999999895e+02
3.310910000000000082e+02 4.105330000000000155e+02
3.171730000000000018e+02 4.088960000000000150e+02
3.667060000000000173e+02 4.154449999999999932e+02
3.703899999999999864e+02 4.273170000000000073e+02
3.728469999999999800e+02 4.371419999999999959e+02
3.769399999999999977e+02 4.441009999999999991e+02
3.798059999999999832e+02 4.138079999999999927e+02
3.830810000000000173e+02 4.281360000000000241e+02
3.871739999999999782e+02 4.400070000000000050e+02
3.933149999999999977e+02 4.465570000000000164e+02
3.904490000000000123e+02 4.170830000000000268e+02
3.937239999999999895e+02 4.277259999999999991e+02
4.002740000000000009e+02 4.371419999999999959e+02
4.047769999999999868e+02 4.445099999999999909e+02
4.027300000000000182e+02 4.195389999999999873e+02
4.092799999999999727e+02 4.264979999999999905e+02
4.150110000000000241e+02 4.305919999999999845e+02
4.195140000000000100e+02 4.363229999999999791e+02
