3.697189999999999941e+02 3.940040000000000191e+02
3.559959999999999809e+02 3.960830000000000268e+02
3.439359999999999786e+02 4.014889999999999759e+02
3.401929999999999836e+02 4.114700000000000273e+02
3.372819999999999823e+02 4.243609999999999900e+02
3.555799999999999841e+02 4.139649999999999750e+02
3.572429999999999950e+02 4.243609999999999900e+02
3.593229999999999791e+02 4.339259999999999877e+02
3.634809999999999945e+02 4.409959999999999809e+02
3.672239999999999895e+02 4.143809999999999718e+02
3.680550000000000068e+02 4.256089999999999804e+02
3.705509999999999877e+02 4.351739999999999782e+02
3.734619999999999891e+02 4.430749999999999886e+02
3.776200000000000045e+02 4.143809999999999718e+02
3.772040000000000077e+02 4.239460000000000264e+02
3.784519999999999982e+02 4.339259999999999877e+02
3.809470000000000027e+02 4.414110000000000014e+02
3.876009999999999991e+02 4.139649999999999750e+02
3.880160000000000196e+02 4.239460000000000264e+02
3.905120000000000005e+02 4.285199999999999818e+02
3.909270000000000209e+02 4.339259999999999877e+02
