3.715500000000000114e+02 3.889789999999999850e+02
3.552909999999999968e+02 3.942629999999999768e+02
3.422839999999999918e+02 4.036120000000000232e+02
3.374060000000000059e+02 4.141800000000000068e+02
3.300899999999999750e+02 4.210899999999999750e+02
3.565099999999999909e+02 4.141800000000000068e+02
3.581360000000000241e+02 4.219030000000000200e+02
3.585430000000000064e+02 4.320649999999999977e+02
3.613879999999999768e+02 4.397869999999999777e+02
3.674850000000000136e+02 4.141800000000000068e+02
3.703299999999999841e+02 4.243419999999999845e+02
3.711429999999999723e+02 4.361290000000000191e+02
3.739879999999999995e+02 4.410070000000000050e+02
3.776469999999999914e+02 4.137730000000000246e+02
3.796789999999999736e+02 4.243419999999999845e+02
3.829309999999999832e+02 4.308450000000000273e+02
3.845570000000000164e+02 4.393809999999999718e+02
3.874019999999999868e+02 4.117409999999999854e+02
3.926859999999999786e+02 4.210899999999999750e+02
3.971569999999999823e+02 4.263740000000000236e+02
4.008159999999999741e+02 4.308450000000000273e+02
