3.674130000000000109e+02 3.937219999999999800e+02
3.528600000000000136e+02 3.985729999999999791e+02
3.391150000000000091e+02 4.058500000000000227e+02
3.358809999999999718e+02 4.171689999999999827e+02
3.346680000000000064e+02 4.301050000000000182e+02
3.520509999999999877e+02 4.131270000000000095e+02
3.516469999999999914e+02 4.280840000000000032e+02
3.488170000000000073e+02 4.377860000000000014e+02
3.512429999999999950e+02 4.462749999999999773e+02
3.637740000000000009e+02 4.139350000000000023e+02
3.641789999999999736e+02 4.288919999999999959e+02
3.641789999999999736e+02 4.398070000000000164e+02
3.657959999999999923e+02 4.474879999999999995e+02
3.742850000000000250e+02 4.147440000000000282e+02
3.742850000000000250e+02 4.301050000000000182e+02
3.746890000000000214e+02 4.373820000000000050e+02
3.767110000000000127e+02 4.462749999999999773e+02
3.839870000000000232e+02 4.159560000000000173e+02
3.856039999999999850e+02 4.268709999999999809e+02
3.884340000000000259e+02 4.325310000000000059e+02
3.912640000000000100e+02 4.381899999999999977e+02
