3.719590000000000032e+02 3.921530000000000200e+02
3.575869999999999891e+02 3.959580000000000268e+02
3.436370000000000005e+02 4.031440000000000055e+02
3.406779999999999973e+02 4.128659999999999854e+02
3.372959999999999923e+02 4.242799999999999727e+02
3.550500000000000114e+02 4.086390000000000100e+02
3.580090000000000146e+02 4.225889999999999986e+02
3.584320000000000164e+02 4.331569999999999823e+02
3.618140000000000214e+02 4.420339999999999918e+02
3.673090000000000259e+02 4.103299999999999841e+02
3.690000000000000000e+02 4.234340000000000259e+02
3.694230000000000018e+02 4.356929999999999836e+02
3.728039999999999736e+02 4.433020000000000209e+02
3.783000000000000114e+02 4.115980000000000132e+02
3.783000000000000114e+02 4.221659999999999968e+02
3.787219999999999800e+02 4.327339999999999804e+02
3.799909999999999854e+02 4.424560000000000173e+02
3.871770000000000209e+02 4.124440000000000168e+02
3.884449999999999932e+02 4.221659999999999968e+02
3.892900000000000205e+02 4.285070000000000050e+02
3.909809999999999945e+02 4.352699999999999818e+02
