3.618969999999999914e+02 2.430540000000000020e+02
3.506050000000000182e+02 2.374079999999999870e+02
3.435480000000000018e+02 2.223509999999999991e+02
3.440179999999999723e+02 2.082359999999999900e+02
3.435480000000000018e+02 1.974139999999999873e+02
3.553100000000000023e+02 2.072949999999999875e+02
3.581329999999999814e+02 1.908269999999999982e+02
3.581329999999999814e+02 1.898859999999999957e+02
3.553100000000000023e+02 1.950620000000000118e+02
3.651909999999999741e+02 2.072949999999999875e+02
3.670729999999999791e+02 1.875339999999999918e+02
3.670729999999999791e+02 1.894159999999999968e+02
3.651909999999999741e+02 1.964730000000000132e+02
3.736600000000000250e+02 2.105889999999999986e+02
3.793059999999999832e+02 1.931800000000000068e+02
3.793059999999999832e+02 1.927090000000000032e+02
3.741309999999999718e+02 1.936500000000000057e+02
3.811879999999999882e+02 2.148230000000000075e+02
3.877760000000000105e+02 2.040010000000000048e+02
3.887169999999999845e+02 2.021189999999999998e+02
3.891870000000000118e+02 2.035310000000000059e+02
