3.912980000000000018e+02 3.875919999999999845e+02
3.739689999999999941e+02 3.940899999999999750e+02
3.557740000000000009e+02 4.010210000000000150e+02
3.367119999999999891e+02 4.044870000000000232e+02
3.219830000000000041e+02 4.036209999999999809e+02
3.653050000000000068e+02 4.114189999999999827e+02
3.531750000000000114e+02 4.235489999999999782e+02
3.449429999999999836e+02 4.309130000000000109e+02
3.388779999999999859e+02 4.365450000000000159e+02
3.739689999999999941e+02 4.157509999999999764e+02
3.653050000000000068e+02 4.291809999999999832e+02
3.583729999999999905e+02 4.374119999999999777e+02
3.531750000000000114e+02 4.434769999999999754e+02
3.835000000000000000e+02 4.174839999999999804e+02
3.787339999999999804e+02 4.296139999999999759e+02
3.744019999999999868e+02 4.378450000000000273e+02
3.683369999999999891e+02 4.430439999999999827e+02
3.899979999999999905e+02 4.183500000000000227e+02
3.878319999999999936e+02 4.261480000000000246e+02
3.873990000000000009e+02 4.335129999999999768e+02
3.839329999999999927e+02 4.365450000000000159e+02
