3.783290000000000077e+02 3.256019999999999754e+02
3.645629999999999882e+02 3.214719999999999800e+02
3.452900000000000205e+02 3.205539999999999736e+02
3.306059999999999945e+02 3.228480000000000132e+02
3.172989999999999782e+02 3.205539999999999736e+02
3.549270000000000209e+02 3.278960000000000150e+02
3.466669999999999732e+02 3.356970000000000027e+02
3.425369999999999777e+02 3.430389999999999873e+02
3.411600000000000250e+02 3.490040000000000191e+02
3.654809999999999945e+02 3.320260000000000105e+02
3.627280000000000086e+02 3.361560000000000059e+02
3.576800000000000068e+02 3.462509999999999764e+02
3.563029999999999973e+02 3.480869999999999891e+02
3.746580000000000155e+02 3.366150000000000091e+02
3.705289999999999964e+02 3.453330000000000268e+02
3.686929999999999836e+02 3.499220000000000255e+02
3.673159999999999741e+02 3.535930000000000177e+02
3.820000000000000000e+02 3.430389999999999873e+02
3.815419999999999732e+02 3.494630000000000223e+02
3.820000000000000000e+02 3.540520000000000209e+02
3.829180000000000064e+02 3.572640000000000100e+02
