3.694429999999999836e+02 3.953969999999999914e+02
3.555880000000000223e+02 4.001600000000000250e+02
3.421659999999999968e+02 4.075199999999999818e+02
3.352389999999999759e+02 4.179110000000000014e+02
3.283109999999999786e+02 4.278690000000000282e+02
3.568870000000000005e+02 4.148799999999999955e+02
3.590520000000000209e+02 4.287350000000000136e+02
3.594850000000000136e+02 4.391259999999999764e+02
3.629479999999999791e+02 4.460539999999999736e+02
3.694429999999999836e+02 4.170450000000000159e+02
3.720400000000000205e+02 4.283020000000000209e+02
3.737719999999999914e+02 4.412909999999999968e+02
3.798340000000000032e+02 4.482189999999999941e+02
3.798340000000000032e+02 4.170450000000000159e+02
3.811329999999999814e+02 4.252719999999999914e+02
3.854619999999999891e+02 4.352300000000000182e+02
3.897919999999999732e+02 4.451879999999999882e+02
3.897919999999999732e+02 4.161789999999999736e+02
3.945550000000000068e+02 4.261379999999999768e+02
4.001829999999999927e+02 4.317660000000000196e+02
4.040799999999999841e+02 4.360960000000000036e+02
