3.735910000000000082e+02 3.076829999999999927e+02
3.585289999999999964e+02 3.052540000000000191e+02
3.434669999999999845e+02 2.906770000000000209e+02
3.337490000000000236e+02 2.799879999999999995e+02
3.220880000000000223e+02 2.712420000000000186e+02
3.619300000000000068e+02 2.785299999999999727e+02
3.619300000000000068e+02 2.586089999999999804e+02
3.624159999999999968e+02 2.440329999999999870e+02
3.653310000000000173e+02 2.318859999999999957e+02
3.740769999999999982e+02 2.770729999999999791e+02
3.774780000000000086e+02 2.547220000000000084e+02
3.808790000000000191e+02 2.401459999999999866e+02
3.823369999999999891e+02 2.279989999999999952e+02
3.847660000000000196e+02 2.795020000000000095e+02
3.896250000000000000e+02 2.590950000000000273e+02
3.920539999999999736e+02 2.459770000000000039e+02
3.930260000000000105e+02 2.343160000000000025e+02
3.944839999999999804e+02 2.867900000000000205e+02
4.017719999999999914e+02 2.712420000000000186e+02
4.051730000000000018e+02 2.624959999999999809e+02
4.085740000000000123e+02 2.542359999999999900e+02
