3.696759999999999877e+02 3.944560000000000173e+02
3.558550000000000182e+02 3.986440000000000055e+02
3.428729999999999905e+02 4.070199999999999818e+02
3.357529999999999859e+02 4.183279999999999745e+02
3.290520000000000209e+02 4.279599999999999795e+02
3.566929999999999836e+02 4.149769999999999754e+02
3.592060000000000173e+02 4.283790000000000191e+02
3.596250000000000000e+02 4.384300000000000068e+02
3.629750000000000227e+02 4.455500000000000114e+02
3.696759999999999877e+02 4.166530000000000200e+02
3.726080000000000041e+02 4.292169999999999845e+02
3.738639999999999759e+02 4.417810000000000059e+02
3.797269999999999754e+02 4.480629999999999882e+02
3.797269999999999754e+02 4.153960000000000150e+02
3.822400000000000091e+02 4.283790000000000191e+02
3.860090000000000146e+02 4.375930000000000177e+02
3.897789999999999964e+02 4.451309999999999718e+02
3.893600000000000136e+02 4.149769999999999754e+02
3.939669999999999845e+02 4.254470000000000027e+02
3.994110000000000014e+02 4.317289999999999850e+02
4.040179999999999723e+02 4.359180000000000064e+02
