3.550339999999999918e+02 2.794590000000000032e+02
3.458269999999999982e+02 2.712210000000000036e+02
3.346809999999999832e+02 2.581370000000000005e+02
3.225659999999999741e+02 2.503839999999999861e+02
3.109359999999999786e+02 2.426299999999999955e+02
3.375889999999999986e+02 2.498990000000000009e+02
3.240199999999999818e+02 2.498990000000000009e+02
3.167509999999999764e+02 2.421459999999999866e+02
3.085129999999999768e+02 2.416610000000000014e+02
3.434039999999999964e+02 2.465070000000000050e+02
3.303199999999999932e+02 2.402069999999999936e+02
3.215969999999999800e+02 2.382690000000000055e+02
3.123899999999999864e+02 2.358460000000000036e+02
3.506730000000000018e+02 2.445689999999999884e+02
3.375889999999999986e+02 2.387539999999999907e+02
3.322579999999999814e+02 2.348770000000000095e+02
3.201429999999999723e+02 2.343919999999999959e+02
3.589110000000000014e+02 2.440840000000000032e+02
3.472799999999999727e+02 2.377839999999999918e+02
3.390419999999999732e+02 2.343919999999999959e+02
3.332269999999999754e+02 2.314850000000000136e+02
