3.723910000000000196e+02 2.418319999999999936e+02
3.578770000000000095e+02 2.362139999999999986e+02
3.424279999999999973e+02 2.231049999999999898e+02
3.288500000000000227e+02 2.156140000000000043e+02
3.162099999999999795e+02 2.128050000000000068e+02
3.620910000000000082e+02 2.015689999999999884e+02
3.564730000000000132e+02 1.828420000000000130e+02
3.527269999999999754e+02 1.702009999999999934e+02
3.508550000000000182e+02 1.594329999999999927e+02
3.747320000000000277e+02 2.034410000000000025e+02
3.789449999999999932e+02 1.809689999999999941e+02
3.808179999999999836e+02 1.659869999999999948e+02
3.840950000000000273e+02 1.524099999999999966e+02
3.845629999999999882e+02 2.071870000000000118e+02
3.962679999999999723e+02 1.856510000000000105e+02
4.018860000000000241e+02 1.744139999999999873e+02
4.061000000000000227e+02 1.636459999999999866e+02
3.943949999999999818e+02 2.128050000000000068e+02
4.075040000000000191e+02 2.029730000000000132e+02
4.159309999999999832e+02 1.964190000000000111e+02
4.234220000000000255e+02 1.893959999999999866e+02
