3.871680000000000064e+02 2.930099999999999909e+02
3.866859999999999786e+02 2.848240000000000123e+02
3.785000000000000000e+02 2.742309999999999945e+02
3.650179999999999723e+02 2.776019999999999754e+02
3.524990000000000236e+02 2.785649999999999977e+02
3.794630000000000223e+02 3.002330000000000041e+02
3.741669999999999732e+02 3.079370000000000118e+02
3.650179999999999723e+02 3.108260000000000218e+02
3.602029999999999745e+02 3.166039999999999850e+02
3.746480000000000246e+02 3.064920000000000186e+02
3.611659999999999968e+02 3.161229999999999905e+02
3.524990000000000236e+02 3.141970000000000027e+02
3.428690000000000282e+02 3.132330000000000041e+02
3.679069999999999823e+02 3.093809999999999718e+02
3.568319999999999936e+02 3.156410000000000196e+02
3.476840000000000259e+02 3.117889999999999873e+02
3.443129999999999882e+02 2.978249999999999886e+02
3.635729999999999791e+02 3.074549999999999841e+02
3.524990000000000236e+02 3.060110000000000241e+02
3.447950000000000159e+02 3.055289999999999964e+02
3.447950000000000159e+02 2.968620000000000232e+02
