3.772620000000000005e+02 2.480550000000000068e+02
3.645539999999999736e+02 2.438189999999999884e+02
3.476100000000000136e+02 2.325229999999999961e+02
3.344309999999999832e+02 2.315819999999999936e+02
3.221940000000000168e+02 2.334639999999999986e+02
3.617300000000000182e+02 2.085190000000000055e+02
3.631419999999999959e+02 1.901630000000000109e+02
3.622010000000000218e+02 1.774550000000000125e+02
3.622010000000000218e+02 1.680409999999999968e+02
3.673779999999999859e+02 2.071069999999999993e+02
3.687900000000000205e+02 1.878089999999999975e+02
3.687900000000000205e+02 1.732189999999999941e+02
3.706730000000000018e+02 1.609809999999999945e+02
3.711440000000000055e+02 2.108720000000000141e+02
3.725559999999999832e+02 1.925159999999999911e+02
3.730260000000000105e+02 1.783959999999999866e+02
3.753799999999999955e+02 1.670999999999999943e+02
3.739680000000000177e+02 2.174610000000000127e+02
3.753799999999999955e+02 2.028710000000000093e+02
3.763210000000000264e+02 1.934569999999999936e+02
3.758500000000000227e+02 1.835730000000000075e+02
