3.674449999999999932e+02 2.490360000000000014e+02
3.562450000000000045e+02 2.387330000000000041e+02
3.499739999999999895e+02 2.230529999999999973e+02
3.526619999999999777e+02 2.078220000000000027e+02
3.481820000000000164e+02 1.952779999999999916e+02
3.589329999999999927e+02 2.073739999999999952e+02
3.598290000000000077e+02 1.916949999999999932e+02
3.549010000000000105e+02 1.925910000000000082e+02
3.490779999999999745e+02 1.948300000000000125e+02
3.692370000000000232e+02 2.091659999999999968e+02
3.710289999999999964e+02 1.867669999999999959e+02
3.669970000000000141e+02 1.733269999999999982e+02
3.611730000000000018e+02 1.643679999999999950e+02
3.777490000000000236e+02 2.114060000000000059e+02
3.817799999999999727e+02 1.912470000000000141e+02
3.835720000000000027e+02 1.769110000000000014e+02
3.835720000000000027e+02 1.643679999999999950e+02
3.876039999999999850e+02 2.163340000000000032e+02
3.943240000000000123e+02 2.028940000000000055e+02
3.970120000000000005e+02 1.948300000000000125e+02
4.001480000000000246e+02 1.854230000000000018e+02
