3.644780000000000086e+02 2.524480000000000075e+02
3.712090000000000032e+02 2.399480000000000075e+02
3.827479999999999905e+02 2.250440000000000111e+02
3.889979999999999905e+02 2.101399999999999864e+02
3.914010000000000105e+02 2.005240000000000009e+02
3.918820000000000050e+02 2.221589999999999918e+02
3.885169999999999959e+02 2.053319999999999936e+02
3.841899999999999977e+02 2.029279999999999973e+02
3.803439999999999941e+02 2.072549999999999955e+02
3.870749999999999886e+02 2.269670000000000130e+02
3.774590000000000032e+02 2.053319999999999936e+02
3.726510000000000105e+02 2.086970000000000027e+02
3.736129999999999995e+02 2.149480000000000075e+02
3.803439999999999941e+02 2.308129999999999882e+02
3.692860000000000014e+02 2.106210000000000093e+02
3.659200000000000159e+02 2.173509999999999991e+02
3.688050000000000068e+02 2.226399999999999864e+02
3.726510000000000105e+02 2.341790000000000020e+02
3.639970000000000141e+02 2.211980000000000075e+02
3.615930000000000177e+02 2.245629999999999882e+02
3.644780000000000086e+02 2.298520000000000039e+02
