3.761390000000000100e+02 2.584230000000000018e+02
3.883029999999999973e+02 2.449060000000000059e+02
3.995670000000000073e+02 2.286870000000000118e+02
4.067760000000000105e+02 2.138180000000000121e+02
4.189409999999999741e+02 2.039060000000000059e+02
3.810950000000000273e+02 2.142690000000000055e+02
3.851499999999999773e+02 1.930929999999999893e+02
3.878530000000000086e+02 1.791260000000000048e+02
3.883029999999999973e+02 1.669610000000000127e+02
3.689300000000000068e+02 2.169720000000000084e+02
3.666770000000000209e+02 1.912909999999999968e+02
3.630729999999999791e+02 1.777740000000000009e+02
3.599189999999999827e+02 1.669610000000000127e+02
3.594680000000000177e+02 2.205769999999999982e+02
3.491059999999999945e+02 1.980490000000000066e+02
3.450509999999999877e+02 1.863350000000000080e+02
3.396440000000000055e+02 1.777740000000000009e+02
3.513580000000000041e+02 2.250819999999999936e+02
3.387429999999999950e+02 2.138180000000000121e+02
3.310840000000000032e+02 2.079610000000000127e+02
3.238750000000000000e+02 2.034559999999999889e+02
