3.807180000000000177e+02 3.919639999999999986e+02
3.685769999999999982e+02 3.969870000000000232e+02
3.564370000000000118e+02 4.045230000000000246e+02
3.543439999999999941e+02 4.149889999999999759e+02
3.556000000000000227e+02 4.279660000000000082e+02
3.702520000000000095e+02 4.149889999999999759e+02
3.727640000000000100e+02 4.275480000000000018e+02
3.731820000000000164e+02 4.371759999999999877e+02
3.765310000000000059e+02 4.447119999999999891e+02
3.828109999999999786e+02 4.149889999999999759e+02
3.853229999999999791e+02 4.271290000000000191e+02
3.874159999999999968e+02 4.384320000000000164e+02
3.928580000000000041e+02 4.451299999999999955e+02
3.928580000000000041e+02 4.145699999999999932e+02
3.962069999999999936e+02 4.246170000000000186e+02
3.991379999999999768e+02 4.346639999999999873e+02
4.024870000000000232e+02 4.442930000000000064e+02
4.020679999999999836e+02 4.141510000000000105e+02
4.070919999999999845e+02 4.246170000000000186e+02
4.116970000000000027e+02 4.308969999999999914e+02
4.154639999999999986e+02 4.350830000000000268e+02
