3.689100000000000250e+02 2.554300000000000068e+02
3.576669999999999732e+02 2.466320000000000050e+02
3.513120000000000118e+02 2.329449999999999932e+02
3.561999999999999886e+02 2.226800000000000068e+02
3.532679999999999723e+02 2.280569999999999879e+02
3.606000000000000227e+02 2.192580000000000098e+02
3.581560000000000059e+02 2.099710000000000036e+02
3.576669999999999732e+02 2.177920000000000016e+02
3.571779999999999973e+02 2.246349999999999909e+02
3.713539999999999850e+02 2.236570000000000107e+02
3.679320000000000164e+02 2.094819999999999993e+02
3.645099999999999909e+02 2.212129999999999939e+02
3.620659999999999741e+02 2.309900000000000091e+02
3.801519999999999868e+02 2.256129999999999995e+02
3.762420000000000186e+02 2.133919999999999959e+02
3.718419999999999845e+02 2.251239999999999952e+02
3.689100000000000250e+02 2.358779999999999859e+02
3.889510000000000218e+02 2.290339999999999918e+02
3.840629999999999882e+02 2.212129999999999939e+02
3.796630000000000109e+02 2.265900000000000034e+02
3.762420000000000186e+02 2.339230000000000018e+02
