3.671700000000000159e+02 2.528710000000000093e+02
3.553260000000000218e+02 2.469490000000000123e+02
3.474300000000000068e+02 2.346109999999999900e+02
3.439759999999999991e+02 2.212870000000000061e+02
3.415090000000000146e+02 2.114170000000000016e+02
3.666770000000000209e+02 2.188199999999999932e+02
3.711179999999999950e+02 2.010540000000000020e+02
3.706250000000000000e+02 1.911839999999999975e+02
3.686510000000000105e+02 1.813149999999999977e+02
3.755590000000000259e+02 2.193129999999999882e+02
3.795070000000000050e+02 2.000670000000000073e+02
3.780269999999999868e+02 1.882230000000000132e+02
3.750659999999999741e+02 1.793410000000000082e+02
3.829619999999999891e+02 2.212870000000000061e+02
3.869100000000000250e+02 2.045089999999999861e+02
3.839490000000000123e+02 1.921709999999999923e+02
3.819750000000000227e+02 1.832889999999999873e+02
3.903639999999999759e+02 2.247419999999999902e+02
3.943120000000000118e+02 2.119110000000000014e+02
3.938190000000000168e+02 2.035219999999999914e+02
3.908580000000000041e+02 1.961189999999999998e+02
