3.544759999999999991e+02 2.803399999999999750e+02
3.433729999999999905e+02 2.721329999999999814e+02
3.322690000000000055e+02 2.576510000000000105e+02
3.206829999999999927e+02 2.494439999999999884e+02
3.086139999999999759e+02 2.422030000000000030e+02
3.375799999999999841e+02 2.460649999999999977e+02
3.255110000000000241e+02 2.417199999999999989e+02
3.168210000000000264e+02 2.397889999999999873e+02
3.086139999999999759e+02 2.402719999999999914e+02
3.457869999999999777e+02 2.422030000000000030e+02
3.313039999999999736e+02 2.354439999999999884e+02
3.230969999999999800e+02 2.373750000000000000e+02
3.148899999999999864e+02 2.349610000000000127e+02
3.506139999999999759e+02 2.441339999999999861e+02
3.385450000000000159e+02 2.364099999999999966e+02
3.346829999999999927e+02 2.349610000000000127e+02
3.202010000000000218e+02 2.344790000000000134e+02
3.588210000000000264e+02 2.460649999999999977e+02
3.539929999999999950e+02 2.393060000000000116e+02
3.559239999999999782e+02 2.436510000000000105e+02
3.568899999999999864e+02 2.470300000000000011e+02
