3.693450000000000273e+02 3.914549999999999841e+02
3.561309999999999718e+02 3.943460000000000036e+02
3.433299999999999841e+02 3.984750000000000227e+02
3.363100000000000023e+02 4.038430000000000177e+02
3.263990000000000009e+02 4.026050000000000182e+02
3.561309999999999718e+02 4.042559999999999718e+02
3.532409999999999854e+02 4.092119999999999891e+02
3.511759999999999877e+02 4.137540000000000191e+02
3.499370000000000118e+02 4.170570000000000164e+02
3.685190000000000055e+02 4.054950000000000045e+02
3.664549999999999841e+02 4.133410000000000082e+02
3.648029999999999973e+02 4.141669999999999732e+02
3.639769999999999754e+02 4.137540000000000191e+02
3.767780000000000200e+02 4.071469999999999914e+02
3.796689999999999827e+02 4.141669999999999732e+02
3.800819999999999936e+02 4.141669999999999732e+02
3.788430000000000177e+02 4.141669999999999732e+02
3.866890000000000214e+02 4.104499999999999886e+02
3.928829999999999814e+02 4.104499999999999886e+02
3.961859999999999786e+02 4.096250000000000000e+02
3.974250000000000114e+02 4.063210000000000264e+02
