3.697900000000000205e+02 3.938580000000000041e+02
3.558679999999999950e+02 3.963890000000000100e+02
3.427900000000000205e+02 4.027169999999999845e+02
3.398360000000000127e+02 4.124209999999999923e+02
3.368829999999999814e+02 4.242330000000000041e+02
3.554460000000000264e+02 4.098890000000000100e+02
3.579769999999999754e+02 4.233899999999999864e+02
3.588210000000000264e+02 4.335149999999999864e+02
3.621960000000000264e+02 4.419529999999999745e+02
3.681030000000000086e+02 4.115769999999999982e+02
3.689460000000000264e+02 4.242330000000000041e+02
3.697900000000000205e+02 4.356240000000000236e+02
3.727429999999999950e+02 4.432180000000000177e+02
3.786499999999999773e+02 4.119990000000000236e+02
3.769619999999999891e+02 4.229680000000000177e+02
3.786499999999999773e+02 4.330930000000000177e+02
3.803369999999999891e+02 4.423740000000000236e+02
3.870869999999999891e+02 4.124209999999999923e+02
3.883530000000000086e+02 4.225459999999999923e+02
3.896190000000000282e+02 4.292959999999999923e+02
3.913059999999999832e+02 4.356240000000000236e+02
