3.653059999999999832e+02 3.104370000000000118e+02
3.638550000000000182e+02 3.026990000000000123e+02
3.614370000000000118e+02 2.910919999999999845e+02
3.585350000000000250e+02 2.756159999999999854e+02
3.633709999999999809e+02 2.635249999999999773e+02
3.396730000000000018e+02 3.118879999999999768e+02
3.217789999999999964e+02 3.234950000000000045e+02
3.072699999999999818e+02 3.312339999999999804e+02
3.000160000000000196e+02 3.404230000000000018e+02
3.314519999999999982e+02 3.147900000000000205e+02
3.140409999999999968e+02 3.263969999999999914e+02
3.038849999999999909e+02 3.360699999999999932e+02
2.951789999999999736e+02 3.428410000000000082e+02
3.300009999999999764e+02 3.176920000000000073e+02
3.159759999999999991e+02 3.268809999999999718e+02
3.048519999999999754e+02 3.355860000000000127e+02
2.985649999999999977e+02 3.452590000000000146e+02
3.295169999999999959e+02 3.191429999999999723e+02
3.183940000000000055e+02 3.263969999999999914e+02
3.121059999999999945e+02 3.331680000000000064e+02
3.082370000000000232e+02 3.380040000000000191e+02
