3.658260000000000218e+02 3.955769999999999982e+02
3.523380000000000223e+02 3.992559999999999718e+02
3.388489999999999895e+02 4.053870000000000005e+02
3.355790000000000077e+02 4.164230000000000018e+02
3.343530000000000086e+02 4.295029999999999859e+02
3.527459999999999809e+02 4.115179999999999723e+02
3.515199999999999818e+02 4.274590000000000032e+02
3.490679999999999836e+02 4.364510000000000218e+02
3.511109999999999900e+02 4.458519999999999754e+02
3.641909999999999741e+02 4.127450000000000045e+02
3.637819999999999823e+02 4.270500000000000114e+02
3.641909999999999741e+02 4.376779999999999973e+02
3.658260000000000218e+02 4.478960000000000150e+02
3.744100000000000250e+02 4.151970000000000027e+02
3.719569999999999936e+02 4.262330000000000041e+02
3.744100000000000250e+02 4.364510000000000218e+02
3.764529999999999745e+02 4.454440000000000168e+02
3.842189999999999941e+02 4.164230000000000018e+02
3.858539999999999850e+02 4.262330000000000041e+02
3.887149999999999750e+02 4.327730000000000246e+02
3.915769999999999982e+02 4.389039999999999964e+02
