3.726920000000000073e+02 3.111999999999999886e+02
3.684780000000000086e+02 3.037090000000000032e+02
3.586449999999999818e+02 2.962169999999999845e+02
3.469390000000000214e+02 2.901299999999999955e+02
3.371059999999999945e+02 2.831070000000000277e+02
3.544309999999999832e+02 3.229060000000000059e+02
3.347649999999999864e+02 3.224379999999999882e+02
3.202500000000000000e+02 3.200969999999999800e+02
3.094809999999999945e+02 3.219700000000000273e+02
3.502169999999999845e+02 3.313340000000000032e+02
3.286779999999999973e+02 3.261840000000000259e+02
3.141630000000000109e+02 3.224379999999999882e+02
3.043310000000000173e+02 3.219700000000000273e+02
3.474069999999999823e+02 3.332069999999999936e+02
3.286779999999999973e+02 3.266519999999999868e+02
3.165049999999999955e+02 3.229060000000000059e+02
3.066720000000000255e+02 3.233740000000000236e+02
3.460029999999999859e+02 3.313340000000000032e+02
3.314879999999999995e+02 3.233740000000000236e+02
3.202500000000000000e+02 3.224379999999999882e+02
3.108860000000000241e+02 3.224379999999999882e+02
