3.650269999999999868e+02 2.438990000000000009e+02
3.608349999999999795e+02 2.327189999999999941e+02
3.580400000000000205e+02 2.187429999999999950e+02
3.613009999999999877e+02 2.038360000000000127e+02
3.603690000000000282e+02 1.949850000000000136e+02
3.645620000000000118e+02 1.987119999999999891e+02
3.664250000000000114e+02 1.800769999999999982e+02
3.664250000000000114e+02 1.688969999999999914e+02
3.678229999999999791e+02 1.586479999999999961e+02
3.678229999999999791e+02 1.982460000000000093e+02
3.720149999999999864e+02 1.791459999999999866e+02
3.729470000000000027e+02 1.661020000000000039e+02
3.752760000000000105e+02 1.549209999999999923e+02
3.696859999999999786e+02 2.024379999999999882e+02
3.752760000000000105e+02 1.838040000000000020e+02
3.771399999999999864e+02 1.707599999999999909e+02
3.799350000000000023e+02 1.605120000000000005e+02
3.724809999999999945e+02 2.080289999999999964e+02
3.776050000000000182e+02 1.945190000000000055e+02
3.808659999999999854e+02 1.861330000000000098e+02
3.845930000000000177e+02 1.782139999999999986e+02
