3.923500000000000227e+02 2.689119999999999777e+02
3.809769999999999754e+02 2.665430000000000064e+02
3.658129999999999882e+02 2.655950000000000273e+02
3.506490000000000009e+02 2.646469999999999914e+02
3.364329999999999927e+02 2.660690000000000168e+02
3.705520000000000209e+02 2.959230000000000018e+02
3.530179999999999723e+02 3.058740000000000236e+02
3.411720000000000255e+02 3.020830000000000268e+02
3.331159999999999854e+02 2.982919999999999732e+02
3.714990000000000236e+02 3.001879999999999882e+02
3.525450000000000159e+02 3.063480000000000132e+02
3.402239999999999895e+02 3.001879999999999882e+02
3.312200000000000273e+02 2.949750000000000227e+02
3.714990000000000236e+02 2.987660000000000196e+02
3.549139999999999873e+02 3.053999999999999773e+02
3.421190000000000282e+02 2.987660000000000196e+02
3.340640000000000214e+02 2.921320000000000050e+02
3.710260000000000105e+02 2.968700000000000045e+02
3.563360000000000127e+02 3.016089999999999804e+02
3.478059999999999832e+02 2.978179999999999836e+02
3.378550000000000182e+02 2.926059999999999945e+02
