3.693389999999999986e+02 3.947610000000000241e+02
3.549350000000000023e+02 4.002679999999999723e+02
3.422269999999999754e+02 4.078929999999999723e+02
3.354490000000000123e+02 4.184839999999999804e+02
3.286709999999999923e+02 4.278039999999999736e+02
3.579010000000000105e+02 4.167889999999999873e+02
3.591720000000000255e+02 4.282269999999999754e+02
3.595950000000000273e+02 4.383940000000000055e+02
3.629839999999999804e+02 4.455960000000000036e+02
3.697620000000000005e+02 4.172130000000000223e+02
3.723039999999999736e+02 4.286510000000000105e+02
3.739990000000000236e+02 4.409359999999999786e+02
3.795059999999999718e+02 4.477139999999999986e+02
3.795059999999999718e+02 4.163659999999999854e+02
3.807769999999999868e+02 4.273799999999999955e+02
3.854359999999999786e+02 4.366999999999999886e+02
3.896730000000000018e+02 4.455960000000000036e+02
3.896730000000000018e+02 4.159420000000000073e+02
3.943330000000000268e+02 4.261089999999999804e+02
3.998399999999999750e+02 4.316159999999999854e+02
4.040760000000000218e+02 4.354289999999999736e+02
