3.757119999999999891e+02 3.195210000000000150e+02
3.672850000000000250e+02 3.181170000000000186e+02
3.551129999999999995e+02 3.181170000000000186e+02
3.396630000000000109e+02 3.176480000000000246e+02
3.260860000000000127e+02 3.157760000000000105e+02
3.565169999999999959e+02 3.415249999999999773e+02
3.354499999999999886e+02 3.438659999999999854e+02
3.246820000000000164e+02 3.448020000000000209e+02
3.153190000000000168e+02 3.462069999999999936e+02
3.537080000000000268e+02 3.419929999999999950e+02
3.335769999999999982e+02 3.433980000000000246e+02
3.200000000000000000e+02 3.424610000000000127e+02
3.078279999999999745e+02 3.448020000000000209e+02
3.546449999999999818e+02 3.405889999999999986e+02
3.377909999999999968e+02 3.424610000000000127e+02
3.242139999999999986e+02 3.415249999999999773e+02
3.115729999999999791e+02 3.424610000000000127e+02
3.546449999999999818e+02 3.368430000000000177e+02
3.415360000000000014e+02 3.410570000000000164e+02
3.303000000000000114e+02 3.401209999999999809e+02
3.157869999999999777e+02 3.419929999999999950e+02
