3.721680000000000064e+02 3.207180000000000177e+02
3.639560000000000173e+02 3.179809999999999945e+02
3.498140000000000214e+02 3.207180000000000177e+02
3.338460000000000036e+02 3.207180000000000177e+02
3.201600000000000250e+02 3.211739999999999782e+02
3.571129999999999995e+02 3.448980000000000246e+02
3.374959999999999809e+02 3.417040000000000077e+02
3.251779999999999973e+02 3.321240000000000236e+02
3.142289999999999850e+02 3.289300000000000068e+02
3.548319999999999936e+02 3.462660000000000196e+02
3.361270000000000095e+02 3.421600000000000250e+02
3.251779999999999973e+02 3.316669999999999732e+02
3.133170000000000073e+02 3.252799999999999727e+02
3.548319999999999936e+02 3.435289999999999964e+02
3.384080000000000155e+02 3.421600000000000250e+02
3.279150000000000205e+02 3.321240000000000236e+02
3.238100000000000023e+02 3.275609999999999786e+02
3.534630000000000223e+02 3.403349999999999795e+02
3.393210000000000264e+02 3.407919999999999732e+02
3.324780000000000086e+02 3.325799999999999841e+02
3.365830000000000268e+02 3.275609999999999786e+02
