3.721979999999999791e+02 3.972200000000000273e+02
3.575489999999999782e+02 4.008820000000000050e+02
3.437130000000000223e+02 4.082069999999999936e+02
3.376100000000000136e+02 4.191929999999999836e+02
3.298779999999999859e+02 4.281460000000000150e+02
3.563279999999999745e+02 4.155310000000000059e+02
3.555140000000000100e+02 4.293659999999999854e+02
3.526659999999999968e+02 4.391320000000000050e+02
3.526659999999999968e+02 4.464569999999999936e+02
3.701630000000000109e+02 4.163450000000000273e+02
3.685350000000000250e+02 4.305869999999999891e+02
3.665009999999999764e+02 4.399460000000000264e+02
3.665009999999999764e+02 4.484909999999999854e+02
3.799289999999999736e+02 4.175659999999999741e+02
3.803360000000000127e+02 4.297730000000000246e+02
3.815570000000000164e+02 4.395389999999999873e+02
3.815570000000000164e+02 4.480849999999999795e+02
3.892880000000000109e+02 4.200070000000000050e+02
3.929499999999999886e+02 4.289590000000000032e+02
3.962060000000000173e+02 4.338419999999999845e+02
3.986469999999999914e+02 4.391320000000000050e+02
