3.736669999999999732e+02 3.927280000000000086e+02
3.577409999999999854e+02 3.994329999999999927e+02
3.413969999999999914e+02 4.057200000000000273e+02
3.275670000000000073e+02 4.090720000000000027e+02
3.133170000000000073e+02 4.090720000000000027e+02
3.648659999999999854e+02 4.149399999999999977e+02
3.745049999999999955e+02 4.258360000000000127e+02
3.812099999999999795e+02 4.329610000000000127e+02
3.883349999999999795e+02 4.392470000000000141e+02
3.782769999999999868e+02 4.124250000000000114e+02
3.854010000000000105e+02 4.254169999999999732e+02
3.933639999999999759e+02 4.333799999999999955e+02
4.013269999999999982e+02 4.392470000000000141e+02
3.879159999999999968e+02 4.107490000000000236e+02
3.950400000000000205e+02 4.224830000000000041e+02
4.009080000000000155e+02 4.321220000000000141e+02
4.071940000000000168e+02 4.388279999999999745e+02
3.967169999999999845e+02 4.090720000000000027e+02
4.034220000000000255e+02 4.199689999999999941e+02
4.084510000000000218e+02 4.266739999999999782e+02
4.134800000000000182e+02 4.321220000000000141e+02
