3.662309999999999945e+02 3.915640000000000214e+02
3.512819999999999823e+02 3.961320000000000050e+02
3.375779999999999745e+02 4.040219999999999914e+02
3.309340000000000259e+02 4.148179999999999836e+02
3.230439999999999827e+02 4.235389999999999873e+02
3.504510000000000218e+02 4.135729999999999791e+02
3.504510000000000218e+02 4.243690000000000282e+02
3.479599999999999795e+02 4.339200000000000159e+02
3.483750000000000000e+02 4.405640000000000214e+02
3.633240000000000123e+02 4.148179999999999836e+02
3.641539999999999964e+02 4.251999999999999886e+02
3.641539999999999964e+02 4.347500000000000000e+02
3.666460000000000150e+02 4.434710000000000036e+02
3.741200000000000045e+02 4.164789999999999850e+02
3.774420000000000073e+02 4.285219999999999914e+02
3.791030000000000086e+02 4.343349999999999795e+02
3.807640000000000100e+02 4.426399999999999864e+02
3.836709999999999923e+02 4.168949999999999818e+02
3.890690000000000168e+02 4.235389999999999873e+02
3.940520000000000209e+02 4.281059999999999945e+02
3.977900000000000205e+02 4.335049999999999955e+02
