3.745210000000000150e+02 2.587110000000000127e+02
3.636129999999999995e+02 2.463799999999999955e+02
3.560240000000000009e+02 2.302549999999999955e+02
3.455910000000000082e+02 2.193470000000000084e+02
3.327860000000000014e+02 2.127079999999999984e+02
3.749950000000000045e+02 2.131819999999999879e+02
3.569730000000000132e+02 2.089130000000000109e+02
3.436940000000000168e+02 2.084389999999999930e+02
3.337339999999999804e+02 2.046450000000000102e+02
3.811600000000000250e+02 2.160269999999999868e+02
3.569730000000000132e+02 2.089130000000000109e+02
3.446419999999999959e+02 2.084389999999999930e+02
3.346829999999999927e+02 2.070159999999999911e+02
3.825830000000000268e+02 2.207700000000000102e+02
3.602930000000000064e+02 2.136560000000000059e+02
3.498589999999999804e+02 2.131819999999999879e+02
3.403740000000000236e+02 2.089130000000000109e+02
3.811600000000000250e+02 2.278839999999999861e+02
3.674069999999999823e+02 2.221930000000000121e+02
3.617160000000000082e+02 2.212439999999999998e+02
3.489110000000000014e+02 2.155529999999999973e+02
