3.687010000000000218e+02 2.516879999999999882e+02
3.585899999999999750e+02 2.415759999999999934e+02
3.511159999999999854e+02 2.244310000000000116e+02
3.524350000000000023e+02 2.090430000000000064e+02
3.462799999999999727e+02 1.967330000000000041e+02
3.590289999999999964e+02 2.103619999999999948e+02
3.594689999999999941e+02 1.932160000000000082e+02
3.537540000000000191e+02 1.932160000000000082e+02
3.475989999999999895e+02 1.958540000000000134e+02
3.691410000000000196e+02 2.108019999999999925e+02
3.708990000000000009e+02 1.879410000000000025e+02
3.669429999999999836e+02 1.747510000000000048e+02
3.634259999999999877e+02 1.641999999999999886e+02
3.783729999999999905e+02 2.138789999999999907e+02
3.840889999999999986e+02 1.923369999999999891e+02
3.854069999999999823e+02 1.782690000000000055e+02
3.867259999999999991e+02 1.663979999999999961e+02
3.880450000000000159e+02 2.178360000000000127e+02
3.955190000000000055e+02 2.050860000000000127e+02
3.990360000000000014e+02 1.962940000000000111e+02
4.025529999999999973e+02 1.883799999999999955e+02
