3.685430000000000064e+02 4.007909999999999968e+02
3.523879999999999768e+02 4.037669999999999959e+02
3.370830000000000268e+02 4.105690000000000168e+02
3.217789999999999964e+02 4.177959999999999923e+02
3.077500000000000000e+02 4.190710000000000264e+02
3.489870000000000232e+02 4.254479999999999791e+02
3.460110000000000241e+02 4.288489999999999895e+02
3.426100000000000136e+02 4.288489999999999895e+02
3.413349999999999795e+02 4.254479999999999791e+02
3.591899999999999977e+02 4.186460000000000150e+02
3.583399999999999750e+02 4.288489999999999895e+02
3.523879999999999768e+02 4.284239999999999782e+02
3.519630000000000223e+02 4.250230000000000246e+02
3.681179999999999950e+02 4.160950000000000273e+02
3.672669999999999959e+02 4.318249999999999886e+02
3.693929999999999723e+02 4.420280000000000200e+02
3.723690000000000282e+02 4.509560000000000173e+02
3.727939999999999827e+02 4.114189999999999827e+02
3.757699999999999818e+02 4.211970000000000027e+02
3.744950000000000045e+02 4.190710000000000264e+02
3.727939999999999827e+02 4.156700000000000159e+02
