3.710360000000000014e+02 3.963960000000000150e+02
3.555910000000000082e+02 4.039089999999999918e+02
3.413990000000000009e+02 4.126750000000000114e+02
3.338849999999999909e+02 4.222760000000000105e+02
3.251200000000000045e+02 4.289540000000000077e+02
3.551739999999999782e+02 4.197710000000000150e+02
3.547559999999999718e+02 4.314590000000000032e+02
3.518349999999999795e+02 4.418940000000000055e+02
3.530869999999999891e+02 4.489909999999999854e+02
3.689490000000000123e+02 4.197710000000000150e+02
3.676970000000000027e+02 4.318759999999999764e+02
3.660269999999999868e+02 4.414769999999999754e+02
3.664440000000000168e+02 4.514950000000000045e+02
3.781320000000000050e+02 4.206059999999999945e+02
3.802189999999999941e+02 4.318759999999999764e+02
3.802189999999999941e+02 4.402250000000000227e+02
3.806370000000000005e+02 4.489909999999999854e+02
3.881499999999999773e+02 4.214409999999999741e+02
3.910720000000000027e+02 4.306240000000000236e+02
3.944110000000000014e+02 4.352160000000000082e+02
3.977509999999999764e+02 4.414769999999999754e+02
