3.830129999999999768e+02 2.227330000000000041e+02
3.710830000000000268e+02 2.191980000000000075e+02
3.542939999999999827e+02 2.112450000000000045e+02
3.392719999999999914e+02 2.077100000000000080e+02
3.238079999999999927e+02 2.041759999999999877e+02
3.684320000000000164e+02 1.856189999999999998e+02
3.569449999999999932e+02 1.714799999999999898e+02
3.436899999999999977e+02 1.683880000000000052e+02
3.326440000000000055e+02 1.688290000000000077e+02
3.719669999999999845e+02 1.834099999999999966e+02
3.587119999999999891e+02 1.692709999999999866e+02
3.450160000000000196e+02 1.670620000000000118e+02
3.335280000000000200e+02 1.688290000000000077e+02
3.759440000000000168e+02 1.851769999999999925e+02
3.622470000000000141e+02 1.710389999999999873e+02
3.503170000000000073e+02 1.679459999999999980e+02
3.405969999999999800e+02 1.683880000000000052e+02
3.794780000000000086e+02 1.887119999999999891e+02
3.710830000000000268e+02 1.785500000000000114e+02
3.604800000000000182e+02 1.692709999999999866e+02
3.516429999999999723e+02 1.697129999999999939e+02
