3.732570000000000050e+02 3.211789999999999736e+02
3.672040000000000077e+02 3.165240000000000009e+02
3.564959999999999809e+02 3.114019999999999868e+02
3.457880000000000109e+02 3.048840000000000146e+02
3.374069999999999823e+02 2.955720000000000027e+02
3.471840000000000259e+02 3.360779999999999745e+02
3.304230000000000018e+02 3.435269999999999868e+02
3.201800000000000068e+02 3.495799999999999841e+02
3.113340000000000032e+02 3.537699999999999818e+02
3.457880000000000109e+02 3.398029999999999973e+02
3.266990000000000123e+02 3.458550000000000182e+02
3.122660000000000196e+02 3.491139999999999759e+02
3.020230000000000246e+02 3.537699999999999818e+02
3.443910000000000196e+02 3.393369999999999891e+02
3.280950000000000273e+02 3.439929999999999950e+02
3.150590000000000259e+02 3.472520000000000095e+02
3.038849999999999909e+02 3.519080000000000155e+02
3.420629999999999882e+02 3.360779999999999745e+02
3.294920000000000186e+02 3.407339999999999804e+02
3.192490000000000236e+02 3.458550000000000182e+02
3.113340000000000032e+02 3.505110000000000241e+02
