3.623799999999999955e+02 2.437789999999999964e+02
3.507219999999999800e+02 2.377170000000000130e+02
3.441940000000000168e+02 2.232609999999999957e+02
3.441940000000000168e+02 2.088050000000000068e+02
3.427950000000000159e+02 1.971469999999999914e+02
3.586499999999999773e+02 2.064739999999999895e+02
3.628469999999999800e+02 1.915509999999999877e+02
3.609809999999999945e+02 1.836239999999999952e+02
3.563179999999999836e+02 1.789610000000000127e+02
3.670439999999999827e+02 2.069399999999999977e+02
3.721730000000000018e+02 1.901519999999999868e+02
3.703079999999999927e+02 1.812920000000000016e+02
3.637789999999999964e+02 1.747640000000000100e+02
3.745049999999999955e+02 2.088050000000000068e+02
3.791680000000000064e+02 1.938830000000000098e+02
3.773029999999999973e+02 1.826910000000000025e+02
3.735720000000000027e+02 1.747640000000000100e+02
3.815000000000000000e+02 2.153340000000000032e+02
3.880280000000000200e+02 2.036759999999999877e+02
3.889610000000000127e+02 1.934170000000000016e+02
3.852300000000000182e+02 1.859550000000000125e+02
