3.666890000000000214e+02 3.939340000000000259e+02
3.526689999999999827e+02 3.976449999999999818e+02
3.394750000000000227e+02 4.038299999999999841e+02
3.357640000000000100e+02 4.137269999999999754e+02
3.345269999999999868e+02 4.269209999999999923e+02
3.518450000000000273e+02 4.133140000000000214e+02
3.522570000000000050e+02 4.269209999999999923e+02
3.497830000000000155e+02 4.364049999999999727e+02
3.514320000000000164e+02 4.434150000000000205e+02
3.642149999999999750e+02 4.157880000000000109e+02
3.646270000000000095e+02 4.269209999999999923e+02
3.642149999999999750e+02 4.372300000000000182e+02
3.662769999999999868e+02 4.463009999999999877e+02
3.745230000000000246e+02 4.157880000000000109e+02
3.745230000000000246e+02 4.273340000000000032e+02
3.765849999999999795e+02 4.359929999999999950e+02
3.774100000000000250e+02 4.434150000000000205e+02
3.848319999999999936e+02 4.157880000000000109e+02
3.873059999999999832e+02 4.256840000000000259e+02
3.901920000000000073e+02 4.306320000000000050e+02
3.926659999999999968e+02 4.364049999999999727e+02
