3.666240000000000236e+02 2.528249999999999886e+02
3.553999999999999773e+02 2.479449999999999932e+02
3.471050000000000182e+02 2.347700000000000102e+02
3.432010000000000218e+02 2.220819999999999936e+02
3.392970000000000255e+02 2.113470000000000084e+02
3.651600000000000250e+02 2.176910000000000025e+02
3.710149999999999864e+02 1.996359999999999957e+02
3.710149999999999864e+02 1.893880000000000052e+02
3.710149999999999864e+02 1.786529999999999916e+02
3.749189999999999827e+02 2.181790000000000020e+02
3.793109999999999786e+02 1.991479999999999961e+02
3.788229999999999791e+02 1.864600000000000080e+02
3.788229999999999791e+02 1.747489999999999952e+02
3.827269999999999754e+02 2.215939999999999941e+02
3.866309999999999718e+02 2.030509999999999877e+02
3.866309999999999718e+02 1.908520000000000039e+02
3.861429999999999723e+02 1.791409999999999911e+02
3.900459999999999923e+02 2.254979999999999905e+02
3.944379999999999882e+02 2.113470000000000084e+02
3.963899999999999864e+02 2.020759999999999934e+02
3.973659999999999854e+02 1.937800000000000011e+02
