3.923450000000000273e+02 2.487789999999999964e+02
3.838639999999999759e+02 2.343110000000000070e+02
3.678990000000000009e+02 2.248319999999999936e+02
3.534320000000000164e+02 2.178480000000000132e+02
3.394619999999999891e+02 2.133580000000000041e+02
3.713919999999999959e+02 2.497769999999999868e+02
3.489409999999999741e+02 2.567610000000000241e+02
3.354710000000000036e+02 2.502760000000000105e+02
3.269900000000000091e+02 2.447880000000000109e+02
3.703940000000000055e+02 2.612509999999999764e+02
3.459479999999999791e+02 2.652429999999999950e+02
3.334759999999999991e+02 2.547659999999999911e+02
3.269900000000000091e+02 2.462849999999999966e+02
3.674010000000000105e+02 2.652429999999999950e+02
3.469460000000000264e+02 2.687350000000000136e+02
3.359700000000000273e+02 2.602540000000000191e+02
3.299830000000000041e+02 2.532690000000000055e+02
3.649060000000000059e+02 2.667389999999999759e+02
3.479440000000000168e+02 2.692339999999999804e+02
3.404599999999999795e+02 2.652429999999999950e+02
3.329769999999999754e+02 2.582579999999999814e+02
