3.853720000000000141e+02 3.031340000000000146e+02
3.848899999999999864e+02 2.954230000000000018e+02
3.766970000000000027e+02 2.901220000000000141e+02
3.646499999999999773e+02 2.872309999999999945e+02
3.516379999999999768e+02 2.867490000000000236e+02
3.742880000000000109e+02 3.175910000000000082e+02
3.670590000000000259e+02 3.253020000000000209e+02
3.477830000000000155e+02 3.122900000000000205e+02
3.554929999999999950e+02 3.330120000000000005e+02
3.675409999999999968e+02 3.224100000000000250e+02
3.506739999999999782e+02 3.248199999999999932e+02
3.371809999999999832e+02 3.175910000000000082e+02
3.270609999999999786e+02 3.142180000000000177e+02
3.627219999999999800e+02 3.248199999999999932e+02
3.444089999999999918e+02 3.248199999999999932e+02
3.347710000000000150e+02 3.272289999999999850e+02
3.251329999999999814e+02 3.296390000000000100e+02
3.593489999999999895e+02 3.238559999999999945e+02
3.492280000000000086e+02 3.209649999999999750e+02
3.468190000000000168e+02 3.132540000000000191e+02
3.477830000000000155e+02 3.016879999999999882e+02
