3.745439999999999827e+02 3.959970000000000141e+02
3.592330000000000041e+02 4.036530000000000200e+02
3.431159999999999854e+02 4.133229999999999791e+02
3.253870000000000005e+02 4.173519999999999754e+02
3.104789999999999850e+02 4.161440000000000055e+02
3.926750000000000114e+02 4.237989999999999782e+02
4.031510000000000105e+02 4.322610000000000241e+02
3.809900000000000091e+02 4.435419999999999732e+02
3.862280000000000086e+02 4.516009999999999991e+02
3.886460000000000150e+02 4.233960000000000150e+02
4.087919999999999732e+02 4.290369999999999777e+02
4.216859999999999786e+02 4.330659999999999741e+02
4.329669999999999845e+02 4.358870000000000005e+02
3.890489999999999782e+02 4.217850000000000250e+02
4.095980000000000132e+02 4.278279999999999745e+02
4.228940000000000055e+02 4.330659999999999741e+02
4.329669999999999845e+02 4.358870000000000005e+02
3.975099999999999909e+02 4.266200000000000045e+02
4.043600000000000136e+02 4.246050000000000182e+02
4.055690000000000168e+02 4.246050000000000182e+02
4.039569999999999936e+02 4.302459999999999809e+02
