3.731949999999999932e+02 3.948759999999999764e+02
3.593330000000000268e+02 3.986569999999999823e+02
3.458910000000000196e+02 4.066379999999999768e+02
3.416899999999999977e+02 4.188199999999999932e+02
3.353890000000000100e+02 4.289010000000000105e+02
3.572320000000000277e+02 4.154590000000000032e+02
3.601730000000000018e+02 4.305810000000000173e+02
3.626929999999999836e+02 4.410830000000000268e+02
3.664739999999999895e+02 4.478039999999999736e+02
3.702540000000000191e+02 4.175590000000000259e+02
3.731949999999999932e+02 4.326820000000000164e+02
3.765550000000000068e+02 4.431829999999999927e+02
3.828559999999999945e+02 4.490640000000000214e+02
3.803360000000000127e+02 4.171390000000000100e+02
3.828559999999999945e+02 4.293210000000000264e+02
3.866370000000000005e+02 4.394030000000000200e+02
3.899970000000000141e+02 4.478039999999999736e+02
3.899970000000000141e+02 4.175590000000000259e+02
3.946179999999999950e+02 4.280609999999999786e+02
3.988190000000000168e+02 4.343620000000000232e+02
4.025989999999999895e+02 4.389830000000000041e+02
