3.654289999999999736e+02 2.499830000000000041e+02
3.735679999999999836e+02 2.365790000000000077e+02
3.821850000000000023e+02 2.222160000000000082e+02
3.879300000000000068e+02 2.102479999999999905e+02
3.965470000000000255e+02 2.059389999999999930e+02
3.649499999999999886e+02 2.092909999999999968e+02
3.644719999999999800e+02 1.877470000000000141e+02
3.611209999999999809e+02 1.753000000000000114e+02
3.577690000000000055e+02 1.638110000000000070e+02
3.568120000000000118e+02 2.112059999999999889e+02
3.501100000000000136e+02 1.891839999999999975e+02
3.453220000000000027e+02 1.753000000000000114e+02
3.414920000000000186e+02 1.638110000000000070e+02
3.491519999999999868e+02 2.164720000000000084e+02
3.414920000000000186e+02 1.973220000000000027e+02
3.347900000000000205e+02 1.834389999999999930e+02
3.319180000000000064e+02 1.724279999999999973e+02
3.424499999999999886e+02 2.226949999999999932e+02
3.328750000000000000e+02 2.102479999999999905e+02
3.266519999999999868e+02 2.025879999999999939e+02
3.218639999999999759e+02 1.949290000000000020e+02
