3.645169999999999959e+02 2.483609999999999900e+02
3.716700000000000159e+02 2.383460000000000036e+02
3.821619999999999777e+02 2.249929999999999950e+02
3.874080000000000155e+02 2.111630000000000109e+02
3.945609999999999786e+02 2.006719999999999970e+02
3.797769999999999868e+02 2.121169999999999902e+02
3.835930000000000177e+02 1.920879999999999939e+02
3.835930000000000177e+02 1.773040000000000020e+02
3.831159999999999854e+02 1.653820000000000050e+02
3.731009999999999991e+02 2.130709999999999980e+02
3.759619999999999891e+02 1.892270000000000039e+02
3.745319999999999823e+02 1.744430000000000121e+02
3.731009999999999991e+02 1.620440000000000111e+02
3.678550000000000182e+02 2.154550000000000125e+02
3.702400000000000091e+02 1.939950000000000045e+02
3.697629999999999768e+02 1.811189999999999998e+02
3.702400000000000091e+02 1.696740000000000066e+02
3.607019999999999982e+02 2.197470000000000141e+02
3.630860000000000127e+02 2.044869999999999948e+02
3.635629999999999882e+02 1.959029999999999916e+02
3.640400000000000205e+02 1.877959999999999923e+02
