3.675710000000000264e+02 2.426179999999999950e+02
3.787690000000000055e+02 2.314199999999999875e+02
3.899669999999999845e+02 2.206889999999999930e+02
3.978990000000000009e+02 2.062239999999999895e+02
4.072309999999999945e+02 1.954929999999999950e+02
3.792359999999999900e+02 2.057580000000000098e+02
3.783020000000000209e+02 1.852280000000000086e+02
3.750360000000000014e+02 1.716970000000000027e+02
3.713039999999999736e+02 1.604989999999999952e+02
3.689710000000000036e+02 2.062239999999999895e+02
3.675710000000000264e+02 1.838280000000000030e+02
3.666379999999999768e+02 1.688979999999999961e+02
3.638380000000000223e+02 1.567669999999999959e+02
3.601059999999999945e+02 2.094910000000000139e+02
3.596390000000000100e+02 1.884939999999999998e+02
3.591730000000000018e+02 1.740300000000000011e+02
3.573059999999999832e+02 1.618990000000000009e+02
3.521739999999999782e+02 2.132230000000000132e+02
3.517069999999999936e+02 1.954929999999999950e+02
3.503070000000000164e+02 1.866279999999999859e+02
3.503070000000000164e+02 1.772959999999999923e+02
