3.733929999999999723e+02 3.906589999999999918e+02
3.578419999999999845e+02 3.945470000000000255e+02
3.431539999999999964e+02 4.027540000000000191e+02
3.405620000000000118e+02 4.122579999999999814e+02
3.366739999999999782e+02 4.239220000000000255e+02
3.548179999999999836e+02 4.092339999999999804e+02
3.569780000000000086e+02 4.239220000000000255e+02
3.582730000000000246e+02 4.338570000000000277e+02
3.621610000000000014e+02 4.420649999999999977e+02
3.669130000000000109e+02 4.100980000000000132e+02
3.682090000000000032e+02 4.247860000000000014e+02
3.703690000000000282e+02 4.351530000000000200e+02
3.729610000000000127e+02 4.429289999999999736e+02
3.777130000000000223e+02 4.113940000000000055e+02
3.777130000000000223e+02 4.217620000000000005e+02
3.785769999999999982e+02 4.329929999999999950e+02
3.807370000000000232e+02 4.424970000000000141e+02
3.876490000000000009e+02 4.126899999999999977e+02
3.880810000000000173e+02 4.230579999999999927e+02
3.902400000000000091e+02 4.291059999999999945e+02
3.911039999999999850e+02 4.355849999999999795e+02
