3.697939999999999827e+02 3.947810000000000059e+02
3.558190000000000168e+02 3.994399999999999977e+02
3.426909999999999741e+02 4.070629999999999882e+02
3.359150000000000205e+02 4.193439999999999941e+02
3.287149999999999750e+02 4.269669999999999845e+02
3.575129999999999768e+02 4.168029999999999973e+02
3.592069999999999936e+02 4.290840000000000032e+02
3.596299999999999955e+02 4.384010000000000105e+02
3.630179999999999723e+02 4.464479999999999791e+02
3.693709999999999809e+02 4.180740000000000123e+02
3.719119999999999777e+02 4.286610000000000014e+02
3.736059999999999945e+02 4.405190000000000055e+02
3.795350000000000250e+02 4.472950000000000159e+02
3.795350000000000250e+02 4.168029999999999973e+02
3.799580000000000268e+02 4.261200000000000045e+02
3.850400000000000205e+02 4.362839999999999918e+02
3.896990000000000123e+02 4.447540000000000191e+02
3.892749999999999773e+02 4.159560000000000173e+02
3.939329999999999927e+02 4.261200000000000045e+02
3.998620000000000232e+02 4.307780000000000200e+02
4.040969999999999800e+02 4.362839999999999918e+02
