3.917490000000000236e+02 2.639250000000000114e+02
3.803500000000000227e+02 2.606000000000000227e+02
3.651499999999999773e+02 2.596499999999999773e+02
3.499499999999999886e+02 2.572749999999999773e+02
3.352250000000000227e+02 2.568000000000000114e+02
3.694250000000000114e+02 2.886240000000000236e+02
3.532749999999999773e+02 2.962239999999999895e+02
3.413999999999999773e+02 2.938489999999999895e+02
3.323750000000000000e+02 2.900489999999999782e+02
3.675249999999999773e+02 2.933740000000000236e+02
3.504250000000000114e+02 2.985989999999999895e+02
3.390249999999999773e+02 2.914739999999999895e+02
3.314250000000000114e+02 2.852989999999999782e+02
3.656250000000000000e+02 2.924239999999999782e+02
3.499499999999999886e+02 2.957490000000000236e+02
3.395000000000000000e+02 2.909990000000000236e+02
3.323750000000000000e+02 2.838740000000000236e+02
3.632500000000000000e+02 2.909990000000000236e+02
3.508999999999999773e+02 2.924239999999999782e+02
3.423500000000000227e+02 2.881490000000000009e+02
3.347500000000000000e+02 2.833990000000000009e+02
