3.701730000000000018e+02 3.936150000000000091e+02
3.556240000000000236e+02 3.965249999999999773e+02
3.423220000000000027e+02 4.031759999999999877e+02
3.402440000000000282e+02 4.135679999999999836e+02
3.373340000000000032e+02 4.239599999999999795e+02
3.556240000000000236e+02 4.127370000000000232e+02
3.577029999999999745e+02 4.243759999999999764e+02
3.589499999999999886e+02 4.339359999999999786e+02
3.631059999999999945e+02 4.410029999999999859e+02
3.668480000000000132e+02 4.143990000000000009e+02
3.680950000000000273e+02 4.268700000000000045e+02
3.705889999999999986e+02 4.364309999999999832e+02
3.739139999999999873e+02 4.434970000000000141e+02
3.772400000000000091e+02 4.148149999999999977e+02
3.772400000000000091e+02 4.252069999999999936e+02
3.784870000000000232e+02 4.343519999999999754e+02
3.809809999999999945e+02 4.422500000000000000e+02
3.872160000000000082e+02 4.148149999999999977e+02
3.876320000000000050e+02 4.235439999999999827e+02
3.901259999999999764e+02 4.285330000000000155e+02
3.909569999999999936e+02 4.339359999999999786e+02
