3.723559999999999945e+02 2.461500000000000057e+02
3.821309999999999718e+02 2.349780000000000086e+02
3.933029999999999973e+02 2.233410000000000082e+02
4.002860000000000014e+02 2.089099999999999966e+02
4.105269999999999868e+02 2.000649999999999977e+02
3.807350000000000136e+02 2.084439999999999884e+02
3.816659999999999968e+02 1.893590000000000089e+02
3.807350000000000136e+02 1.744619999999999891e+02
3.802690000000000055e+02 1.632899999999999920e+02
3.704940000000000282e+02 2.089099999999999966e+02
3.704940000000000282e+02 1.865660000000000025e+02
3.695629999999999882e+02 1.712040000000000077e+02
3.690969999999999800e+02 1.600320000000000107e+02
3.616490000000000009e+02 2.112369999999999948e+02
3.616490000000000009e+02 1.902899999999999920e+02
3.621150000000000091e+02 1.763240000000000123e+02
3.616490000000000009e+02 1.656179999999999950e+02
3.537350000000000136e+02 2.154269999999999925e+02
3.532699999999999818e+02 1.972719999999999914e+02
3.537350000000000136e+02 1.870310000000000059e+02
3.542010000000000218e+02 1.791169999999999902e+02
