3.708530000000000086e+02 2.480670000000000073e+02
3.814569999999999936e+02 2.346959999999999980e+02
3.911399999999999864e+02 2.231699999999999875e+02
3.998999999999999773e+02 2.084159999999999968e+02
4.086600000000000250e+02 1.982719999999999914e+02
3.828399999999999750e+02 2.121040000000000134e+02
3.805350000000000250e+02 1.899730000000000132e+02
3.782300000000000182e+02 1.766020000000000039e+02
3.750020000000000095e+02 1.646150000000000091e+02
3.731580000000000155e+02 2.139480000000000075e+02
3.713140000000000214e+02 1.904339999999999975e+02
3.680860000000000127e+02 1.742969999999999970e+02
3.662420000000000186e+02 1.618480000000000132e+02
3.639370000000000118e+02 2.167150000000000034e+02
3.611700000000000159e+02 1.955060000000000002e+02
3.597869999999999777e+02 1.798300000000000125e+02
3.574820000000000277e+02 1.687640000000000100e+02
3.556379999999999768e+02 2.199420000000000073e+02
3.528709999999999809e+02 2.019610000000000127e+02
3.519490000000000123e+02 1.922779999999999916e+02
3.510269999999999868e+02 1.830569999999999879e+02
