3.883029999999999973e+02 3.512259999999999991e+02
3.756150000000000091e+02 3.643229999999999791e+02
3.621089999999999804e+02 3.794669999999999845e+02
3.436909999999999741e+02 3.880620000000000118e+02
3.260919999999999845e+02 3.876519999999999868e+02
3.715219999999999914e+02 3.757830000000000155e+02
3.682479999999999905e+02 3.831499999999999773e+02
3.363240000000000123e+02 3.872429999999999950e+02
3.277289999999999850e+02 3.872429999999999950e+02
3.821639999999999873e+02 3.774200000000000159e+02
3.743870000000000005e+02 3.847869999999999777e+02
3.719320000000000164e+02 3.896990000000000123e+02
3.690670000000000073e+02 3.962470000000000141e+02
3.932149999999999750e+02 3.802850000000000250e+02
3.838009999999999877e+02 3.917450000000000045e+02
3.821639999999999873e+02 3.937919999999999732e+02
3.788899999999999864e+02 3.987029999999999745e+02
4.018100000000000023e+02 3.864250000000000114e+02
3.993539999999999850e+02 3.929730000000000132e+02
3.932149999999999750e+02 3.966569999999999823e+02
3.887119999999999891e+02 3.999309999999999832e+02
