3.671120000000000232e+02 3.947520000000000095e+02
3.531739999999999782e+02 3.980319999999999823e+02
3.400559999999999832e+02 4.041809999999999832e+02
3.363659999999999854e+02 4.160690000000000168e+02
3.351370000000000005e+02 4.300070000000000050e+02
3.527640000000000100e+02 4.136089999999999804e+02
3.519440000000000168e+02 4.275470000000000255e+02
3.490740000000000123e+02 4.369759999999999991e+02
3.507139999999999986e+02 4.459940000000000282e+02
3.634220000000000255e+02 4.148389999999999986e+02
3.642420000000000186e+02 4.287769999999999868e+02
3.642420000000000186e+02 4.398450000000000273e+02
3.658820000000000050e+02 4.472239999999999895e+02
3.744909999999999854e+02 4.164789999999999850e+02
3.724409999999999741e+02 4.291870000000000118e+02
3.749010000000000105e+02 4.373860000000000241e+02
3.761299999999999955e+02 4.459940000000000282e+02
3.843290000000000077e+02 4.172989999999999782e+02
3.863790000000000191e+02 4.267269999999999754e+02
3.896580000000000155e+02 4.332860000000000014e+02
3.921179999999999950e+02 4.377959999999999923e+02
