3.663009999999999877e+02 3.961009999999999991e+02
3.520369999999999777e+02 3.994580000000000268e+02
3.386120000000000232e+02 4.070090000000000146e+02
3.369340000000000259e+02 4.179169999999999732e+02
3.352559999999999718e+02 4.296639999999999873e+02
3.520369999999999777e+02 4.158190000000000168e+02
3.520369999999999777e+02 4.292440000000000282e+02
3.491009999999999991e+02 4.388940000000000055e+02
3.511979999999999791e+02 4.460260000000000105e+02
3.633650000000000091e+02 4.170779999999999745e+02
3.646229999999999905e+02 4.296639999999999873e+02
3.646229999999999905e+02 4.393129999999999882e+02
3.654619999999999891e+02 4.468650000000000091e+02
3.734329999999999927e+02 4.183369999999999891e+02
3.730140000000000100e+02 4.288249999999999886e+02
3.755310000000000059e+02 4.388940000000000055e+02
3.759510000000000218e+02 4.460260000000000105e+02
3.843410000000000082e+02 4.191759999999999877e+02
3.860190000000000055e+02 4.271469999999999914e+02
3.889560000000000173e+02 4.326009999999999991e+02
3.918929999999999723e+02 4.384739999999999895e+02
