3.761750000000000114e+02 2.593639999999999759e+02
3.872810000000000059e+02 2.454819999999999993e+02
3.951469999999999914e+02 2.288240000000000123e+02
3.932959999999999923e+02 2.121659999999999968e+02
3.932959999999999923e+02 1.996730000000000018e+02
3.849669999999999845e+02 2.191069999999999993e+02
3.803399999999999750e+02 1.964339999999999975e+02
3.771009999999999991e+02 1.834780000000000086e+02
3.724739999999999895e+02 1.732980000000000018e+02
3.724739999999999895e+02 2.218839999999999861e+02
3.692350000000000136e+02 1.964339999999999975e+02
3.673840000000000146e+02 1.816270000000000095e+02
3.641449999999999818e+02 1.700589999999999975e+02
3.627570000000000050e+02 2.246599999999999966e+02
3.604429999999999836e+02 2.019869999999999948e+02
3.604429999999999836e+02 1.857909999999999968e+02
3.581290000000000191e+02 1.742230000000000132e+02
3.535020000000000095e+02 2.269730000000000132e+02
3.535020000000000095e+02 2.084650000000000034e+02
3.535020000000000095e+02 1.973590000000000089e+02
3.539649999999999750e+02 1.890300000000000011e+02
