3.729100000000000250e+02 3.081419999999999959e+02
3.743260000000000218e+02 2.982259999999999991e+02
3.757429999999999950e+02 2.850040000000000191e+02
3.747989999999999782e+02 2.731990000000000123e+02
3.757429999999999950e+02 2.599780000000000086e+02
3.544940000000000282e+02 2.986979999999999791e+02
3.384399999999999977e+02 2.996419999999999959e+02
3.256899999999999977e+02 3.038919999999999959e+02
3.148299999999999841e+02 3.090860000000000127e+02
3.450500000000000114e+02 3.053090000000000259e+02
3.256899999999999977e+02 3.057810000000000059e+02
3.129409999999999741e+02 3.086139999999999759e+02
3.039689999999999941e+02 3.114470000000000027e+02
3.403279999999999745e+02 3.034200000000000159e+02
3.256899999999999977e+02 3.034200000000000159e+02
3.124689999999999941e+02 3.071970000000000027e+02
3.039689999999999941e+02 3.109750000000000227e+02
3.365509999999999877e+02 2.991700000000000159e+02
3.256899999999999977e+02 3.005869999999999891e+02
3.181349999999999909e+02 3.038919999999999959e+02
3.143580000000000041e+02 3.071970000000000027e+02
