3.684900000000000091e+02 2.476759999999999877e+02
3.781689999999999827e+02 2.356930000000000121e+02
3.864649999999999750e+02 2.214060000000000059e+02
3.933779999999999859e+02 2.071179999999999950e+02
4.021349999999999909e+02 1.960569999999999879e+02
3.823170000000000073e+02 2.103449999999999989e+02
3.823170000000000073e+02 1.891440000000000055e+02
3.790910000000000082e+02 1.757779999999999916e+02
3.754039999999999964e+02 1.656390000000000100e+02
3.749429999999999836e+02 2.121879999999999882e+02
3.749429999999999836e+02 1.891440000000000055e+02
3.717160000000000082e+02 1.739350000000000023e+02
3.680289999999999964e+02 1.628729999999999905e+02
3.675690000000000168e+02 2.149530000000000030e+02
3.675690000000000168e+02 1.937529999999999859e+02
3.661859999999999786e+02 1.794650000000000034e+02
3.638809999999999718e+02 1.688650000000000091e+02
3.601940000000000168e+02 2.191009999999999991e+02
3.588120000000000118e+02 2.015879999999999939e+02
3.574289999999999736e+02 1.919089999999999918e+02
3.569680000000000177e+02 1.822309999999999945e+02
