3.636899999999999977e+02 2.545920000000000130e+02
3.704189999999999827e+02 2.411339999999999861e+02
3.829159999999999968e+02 2.257529999999999859e+02
3.886840000000000259e+02 2.122949999999999875e+02
3.901259999999999764e+02 2.031630000000000109e+02
3.915670000000000073e+02 2.243110000000000070e+02
3.891639999999999873e+02 2.089300000000000068e+02
3.858000000000000114e+02 2.046040000000000134e+02
3.858000000000000114e+02 2.046040000000000134e+02
3.858000000000000114e+02 2.300790000000000077e+02
3.766669999999999732e+02 2.079689999999999941e+02
3.733029999999999973e+02 2.103720000000000141e+02
3.742640000000000100e+02 2.161399999999999864e+02
3.785899999999999750e+02 2.339240000000000066e+02
3.670539999999999736e+02 2.137369999999999948e+02
3.665740000000000123e+02 2.195049999999999955e+02
3.699379999999999882e+02 2.252719999999999914e+02
3.708999999999999773e+02 2.368079999999999927e+02
3.627289999999999850e+02 2.238300000000000125e+02
3.622479999999999905e+02 2.271949999999999932e+02
3.636899999999999977e+02 2.320010000000000048e+02
