3.840230000000000246e+02 3.910360000000000014e+02
3.671070000000000277e+02 3.976370000000000005e+02
3.481279999999999859e+02 4.054769999999999754e+02
3.328620000000000232e+02 4.116650000000000205e+02
3.188340000000000032e+02 4.124909999999999854e+02
3.638059999999999832e+02 4.124909999999999854e+02
3.522529999999999859e+02 4.256929999999999836e+02
3.435889999999999986e+02 4.327069999999999936e+02
3.378129999999999882e+02 4.388960000000000150e+02
3.741200000000000045e+02 4.157909999999999968e+02
3.675190000000000055e+02 4.281689999999999827e+02
3.609180000000000064e+02 4.351829999999999927e+02
3.534909999999999854e+02 4.388960000000000150e+02
3.844350000000000023e+02 4.190919999999999845e+02
3.902110000000000127e+02 4.289940000000000282e+02
3.761829999999999927e+02 4.232180000000000177e+02
4.038269999999999982e+02 4.434350000000000023e+02
3.955749999999999886e+02 4.199169999999999732e+02
4.038269999999999982e+02 4.261059999999999945e+02
4.124909999999999854e+02 4.318820000000000050e+02
4.199180000000000064e+02 4.360079999999999814e+02
