3.807040000000000077e+02 3.928009999999999877e+02
3.689529999999999745e+02 3.969979999999999905e+02
3.563620000000000232e+02 4.037139999999999986e+02
3.546829999999999927e+02 4.142060000000000173e+02
3.563620000000000232e+02 4.280559999999999832e+02
3.702119999999999891e+02 4.142060000000000173e+02
3.727300000000000182e+02 4.272169999999999845e+02
3.731499999999999773e+02 4.368700000000000045e+02
3.765070000000000050e+02 4.448439999999999941e+02
3.828029999999999973e+02 4.150450000000000159e+02
3.849010000000000105e+02 4.280559999999999832e+02
3.874189999999999827e+02 4.389680000000000177e+02
3.928759999999999764e+02 4.452640000000000100e+02
3.928759999999999764e+02 4.142060000000000173e+02
3.953940000000000055e+02 4.272169999999999845e+02
3.991709999999999923e+02 4.351909999999999741e+02
4.025289999999999964e+02 4.444250000000000114e+02
4.025289999999999964e+02 4.137860000000000014e+02
4.067259999999999991e+02 4.246990000000000123e+02
4.109230000000000018e+02 4.309940000000000282e+02
4.146999999999999886e+02 4.351909999999999741e+02
