3.616120000000000232e+02 2.443079999999999927e+02
3.499669999999999845e+02 2.363890000000000100e+02
3.439119999999999777e+02 2.214830000000000041e+02
3.457749999999999773e+02 2.084399999999999977e+02
3.467060000000000173e+02 1.977270000000000039e+02
3.550910000000000082e+02 2.075089999999999861e+02
3.569540000000000077e+02 1.944660000000000082e+02
3.574200000000000159e+02 1.907400000000000091e+02
3.583519999999999754e+02 1.888760000000000048e+02
3.644069999999999823e+02 2.093720000000000141e+02
3.667359999999999900e+02 1.916709999999999923e+02
3.685989999999999895e+02 1.884110000000000014e+02
3.676680000000000064e+02 1.949319999999999879e+02
3.727919999999999732e+02 2.107700000000000102e+02
3.774499999999999886e+02 1.944660000000000082e+02
3.760520000000000209e+02 1.940000000000000000e+02
3.718600000000000136e+02 2.023849999999999909e+02
3.797789999999999964e+02 2.140300000000000011e+02
3.844370000000000118e+02 2.023849999999999909e+02
3.825740000000000123e+02 2.009879999999999995e+02
3.783809999999999718e+02 2.061109999999999900e+02
