3.717819999999999823e+02 3.977330000000000041e+02
3.584150000000000205e+02 4.009739999999999895e+02
3.446429999999999723e+02 4.082649999999999864e+02
3.373519999999999754e+02 4.200120000000000005e+02
3.300609999999999786e+02 4.289230000000000018e+02
3.571999999999999886e+02 4.179859999999999900e+02
3.563899999999999864e+02 4.301379999999999768e+02
3.527440000000000282e+02 4.398600000000000136e+02
3.527440000000000282e+02 4.463410000000000082e+02
3.693519999999999754e+02 4.200120000000000005e+02
3.693519999999999754e+02 4.317590000000000146e+02
3.681370000000000005e+02 4.402649999999999864e+02
3.669220000000000255e+02 4.491759999999999877e+02
3.794789999999999850e+02 4.208220000000000027e+02
3.798840000000000146e+02 4.273029999999999973e+02
3.815040000000000191e+02 4.390500000000000114e+02
3.823140000000000214e+02 4.467459999999999809e+02
3.908199999999999932e+02 4.200120000000000005e+02
3.944660000000000082e+02 4.273029999999999973e+02
3.981120000000000232e+02 4.329739999999999895e+02
4.013519999999999754e+02 4.394549999999999841e+02
