3.674270000000000209e+02 3.929010000000000105e+02
3.540720000000000027e+02 3.981619999999999777e+02
3.390969999999999800e+02 4.062559999999999718e+02
3.362640000000000100e+02 4.159689999999999941e+02
3.346460000000000150e+02 4.297289999999999850e+02
3.516429999999999723e+02 4.131360000000000241e+02
3.512389999999999759e+02 4.281100000000000136e+02
3.488100000000000023e+02 4.374189999999999827e+02
3.512389999999999759e+02 4.459169999999999732e+02
3.641890000000000214e+02 4.123269999999999982e+02
3.637839999999999918e+02 4.285149999999999864e+02
3.641890000000000214e+02 4.382280000000000086e+02
3.654030000000000200e+02 4.475360000000000014e+02
3.743070000000000164e+02 4.143500000000000227e+02
3.722830000000000155e+02 4.281100000000000136e+02
3.743070000000000164e+02 4.378229999999999791e+02
3.759259999999999877e+02 4.463220000000000027e+02
3.836150000000000091e+02 4.163740000000000236e+02
3.856390000000000100e+02 4.264920000000000186e+02
3.888759999999999764e+02 4.325620000000000118e+02
3.921139999999999759e+02 4.382280000000000086e+02
