3.814209999999999923e+02 2.932509999999999764e+02
3.676680000000000064e+02 2.883389999999999986e+02
3.568620000000000232e+02 2.736030000000000086e+02
3.539150000000000205e+02 2.583759999999999764e+02
3.490029999999999859e+02 2.456049999999999898e+02
3.740529999999999973e+02 2.593589999999999804e+02
3.774920000000000186e+02 2.416759999999999877e+02
3.779830000000000041e+02 2.308700000000000045e+02
3.789649999999999750e+02 2.205550000000000068e+02
3.858419999999999845e+02 2.613229999999999791e+02
3.897710000000000150e+02 2.402019999999999982e+02
3.927180000000000177e+02 2.274310000000000116e+02
3.937010000000000218e+02 2.171169999999999902e+02
3.951739999999999782e+02 2.642710000000000150e+02
4.010690000000000168e+02 2.456049999999999898e+02
4.020509999999999877e+02 2.323429999999999893e+02
4.045070000000000050e+02 2.230109999999999957e+02
4.045070000000000050e+02 2.696739999999999782e+02
4.099100000000000250e+02 2.554290000000000020e+02
4.133480000000000132e+02 2.470790000000000077e+02
4.167869999999999777e+02 2.382379999999999995e+02
