3.650230000000000246e+02 3.935110000000000241e+02
3.510149999999999864e+02 3.969069999999999823e+02
3.374320000000000164e+02 4.036990000000000123e+02
3.306399999999999864e+02 4.151600000000000250e+02
3.234239999999999782e+02 4.236490000000000009e+02
3.501659999999999968e+02 4.130369999999999777e+02
3.493170000000000073e+02 4.244979999999999905e+02
3.471949999999999932e+02 4.338369999999999891e+02
3.476190000000000282e+02 4.406290000000000191e+02
3.620520000000000209e+02 4.143109999999999786e+02
3.641739999999999782e+02 4.257719999999999914e+02
3.641739999999999782e+02 4.359590000000000032e+02
3.671460000000000150e+02 4.436000000000000227e+02
3.726639999999999873e+02 4.147350000000000136e+02
3.713899999999999864e+02 4.257719999999999914e+02
3.790310000000000059e+02 4.359590000000000032e+02
3.807289999999999850e+02 4.427509999999999764e+02
3.832760000000000105e+02 4.155840000000000032e+02
3.887939999999999827e+02 4.236490000000000009e+02
3.943120000000000118e+02 4.283190000000000168e+02
3.985570000000000164e+02 4.338369999999999891e+02
