3.724069999999999823e+02 3.908380000000000223e+02
3.580339999999999918e+02 3.946419999999999959e+02
3.432379999999999995e+02 4.030969999999999800e+02
3.407019999999999982e+02 4.132429999999999950e+02
3.368969999999999914e+02 4.250799999999999841e+02
3.550749999999999886e+02 4.085930000000000177e+02
3.580339999999999918e+02 4.229660000000000082e+02
3.584569999999999936e+02 4.331120000000000232e+02
3.618389999999999986e+02 4.419889999999999759e+02
3.677570000000000050e+02 4.107060000000000173e+02
3.686030000000000086e+02 4.250799999999999841e+02
3.694479999999999791e+02 4.360710000000000264e+02
3.728299999999999841e+02 4.436800000000000068e+02
3.783260000000000218e+02 4.115520000000000209e+02
3.774800000000000182e+02 4.229660000000000082e+02
3.787479999999999905e+02 4.339569999999999936e+02
3.800169999999999959e+02 4.428349999999999795e+02
3.867799999999999727e+02 4.128199999999999932e+02
3.884710000000000036e+02 4.225430000000000064e+02
3.893170000000000073e+02 4.288840000000000146e+02
3.910079999999999814e+02 4.352250000000000227e+02
