3.801250000000000000e+02 3.032880000000000109e+02
3.715659999999999741e+02 2.918750000000000000e+02
3.644329999999999927e+02 2.771340000000000146e+02
3.634820000000000277e+02 2.661970000000000027e+02
3.672860000000000014e+02 2.576379999999999768e+02
3.791739999999999782e+02 2.486030000000000086e+02
3.806000000000000227e+02 2.295819999999999936e+02
3.834540000000000077e+02 2.176939999999999884e+02
3.858310000000000173e+02 2.062820000000000107e+02
3.848799999999999955e+02 2.552599999999999909e+02
3.948659999999999854e+02 2.367150000000000034e+02
3.953419999999999845e+02 2.186450000000000102e+02
3.972440000000000282e+02 2.053309999999999889e+02
3.910620000000000118e+02 2.628690000000000282e+02
3.962930000000000064e+02 2.566870000000000118e+02
3.901109999999999900e+02 2.547849999999999966e+02
3.801250000000000000e+02 2.524070000000000107e+02
3.924879999999999995e+02 2.714279999999999973e+02
3.948659999999999854e+02 2.671480000000000246e+02
3.939150000000000205e+02 2.628690000000000282e+02
3.815520000000000209e+02 2.514559999999999889e+02
