3.623410000000000082e+02 2.463449999999999989e+02
3.506899999999999977e+02 2.388890000000000100e+02
3.436990000000000123e+02 2.230440000000000111e+02
3.436990000000000123e+02 2.090620000000000118e+02
3.413690000000000282e+02 1.978779999999999859e+02
3.581460000000000150e+02 2.090620000000000118e+02
3.632730000000000246e+02 1.918189999999999884e+02
3.609429999999999836e+02 1.815660000000000025e+02
3.548840000000000146e+02 1.759739999999999895e+02
3.665350000000000250e+02 2.095279999999999916e+02
3.730600000000000023e+02 1.908870000000000005e+02
3.702629999999999768e+02 1.792359999999999900e+02
3.632730000000000246e+02 1.722460000000000093e+02
3.739920000000000186e+02 2.109269999999999925e+02
3.791179999999999950e+02 1.932170000000000130e+02
3.777200000000000273e+02 1.806339999999999861e+02
3.744580000000000268e+02 1.722460000000000093e+02
3.805160000000000196e+02 2.151210000000000093e+02
3.851770000000000209e+02 2.020720000000000027e+02
3.865749999999999886e+02 1.913530000000000086e+02
3.856429999999999723e+02 1.829650000000000034e+02
