3.704399999999999977e+02 2.464879999999999995e+02
3.819859999999999900e+02 2.349420000000000073e+02
3.926089999999999804e+02 2.229339999999999975e+02
3.999979999999999905e+02 2.086169999999999902e+02
4.092350000000000136e+02 1.984569999999999936e+02
3.824479999999999791e+02 2.095409999999999968e+02
3.819859999999999900e+02 1.901440000000000055e+02
3.792149999999999750e+02 1.753650000000000091e+02
3.773679999999999950e+02 1.638189999999999884e+02
3.718260000000000218e+02 2.123120000000000118e+02
3.713639999999999759e+02 1.896819999999999879e+02
3.704399999999999977e+02 1.730560000000000116e+02
3.704399999999999977e+02 1.610480000000000018e+02
3.630509999999999877e+02 2.155449999999999875e+02
3.612040000000000077e+02 1.943000000000000114e+02
3.607420000000000186e+02 1.790600000000000023e+02
3.602799999999999727e+02 1.675140000000000100e+02
3.538140000000000214e+02 2.187779999999999916e+02
3.524289999999999736e+02 2.012280000000000086e+02
3.524289999999999736e+02 1.906059999999999945e+02
3.528899999999999864e+02 1.827539999999999907e+02
