3.693620000000000232e+02 3.946259999999999764e+02
3.552280000000000086e+02 4.001940000000000168e+02
3.423790000000000191e+02 4.079030000000000200e+02
3.359549999999999841e+02 4.194669999999999845e+02
3.286739999999999782e+02 4.276050000000000182e+02
3.582259999999999991e+02 4.160409999999999968e+02
3.590830000000000268e+02 4.280330000000000155e+02
3.590830000000000268e+02 4.383120000000000118e+02
3.629370000000000118e+02 4.455939999999999941e+02
3.697900000000000205e+02 4.168980000000000246e+02
3.723600000000000136e+02 4.288899999999999864e+02
3.736449999999999818e+02 4.413109999999999786e+02
3.796410000000000196e+02 4.481630000000000109e+02
3.796410000000000196e+02 4.164689999999999941e+02
3.817819999999999823e+02 4.276050000000000182e+02
3.860649999999999977e+02 4.374560000000000173e+02
3.899200000000000159e+02 4.451650000000000205e+02
3.894920000000000186e+02 4.151850000000000023e+02
3.946309999999999718e+02 4.267490000000000236e+02
4.001990000000000123e+02 4.314599999999999795e+02
4.040539999999999736e+02 4.357429999999999950e+02
