4.282080000000000268e+02 3.320459999999999923e+02
4.267690000000000055e+02 3.195720000000000027e+02
4.272479999999999905e+02 3.114159999999999968e+02
4.176530000000000200e+02 3.157339999999999804e+02
4.138149999999999977e+02 3.190919999999999845e+02
4.023000000000000114e+02 3.123759999999999764e+02
3.596009999999999991e+02 3.008609999999999900e+02
3.495249999999999773e+02 2.927049999999999841e+02
3.447280000000000086e+02 2.816700000000000159e+02
3.955830000000000268e+02 3.152540000000000191e+02
3.509649999999999750e+02 3.123759999999999764e+02
3.375310000000000059e+02 3.090169999999999959e+02
3.264959999999999809e+02 3.085369999999999777e+02
3.955830000000000268e+02 3.200520000000000209e+02
3.432880000000000109e+02 3.157339999999999804e+02
3.293750000000000000e+02 3.157339999999999804e+02
3.178609999999999900e+02 3.181329999999999814e+02
3.989420000000000073e+02 3.272479999999999905e+02
3.370509999999999877e+02 3.166929999999999836e+02
3.260169999999999959e+02 3.176530000000000200e+02
3.183399999999999750e+02 3.210110000000000241e+02
