3.815980000000000132e+02 2.155320000000000107e+02
3.682559999999999718e+02 2.097510000000000048e+02
3.531360000000000241e+02 1.999670000000000130e+02
3.375710000000000264e+02 1.950759999999999934e+02
3.224499999999999886e+02 1.915180000000000007e+02
3.695899999999999750e+02 1.772870000000000061e+02
3.584719999999999800e+02 1.590540000000000020e+02
3.473539999999999850e+02 1.532719999999999914e+02
3.362370000000000232e+02 1.537170000000000130e+02
3.731480000000000246e+02 1.741740000000000066e+02
3.602509999999999764e+02 1.568300000000000125e+02
3.469100000000000250e+02 1.528280000000000030e+02
3.344580000000000268e+02 1.532719999999999914e+02
3.753720000000000141e+02 1.768420000000000130e+02
3.615849999999999795e+02 1.590540000000000020e+02
3.486890000000000214e+02 1.532719999999999914e+02
3.371259999999999764e+02 1.546059999999999945e+02
3.753720000000000141e+02 1.799550000000000125e+02
3.669220000000000255e+02 1.661690000000000111e+02
3.580280000000000200e+02 1.599430000000000121e+02
3.504669999999999845e+02 1.568300000000000125e+02
