3.667269999999999754e+02 3.927239999999999895e+02
3.517350000000000136e+02 3.964719999999999800e+02
3.371589999999999918e+02 4.043849999999999909e+02
3.304959999999999809e+02 4.147959999999999923e+02
3.230000000000000000e+02 4.227090000000000032e+02
3.521510000000000105e+02 4.143799999999999955e+02
3.509019999999999868e+02 4.252069999999999936e+02
3.484030000000000200e+02 4.335360000000000014e+02
3.479870000000000232e+02 4.406159999999999854e+02
3.646440000000000055e+02 4.164619999999999891e+02
3.658940000000000055e+02 4.264569999999999936e+02
3.642280000000000086e+02 4.360350000000000250e+02
3.658940000000000055e+02 4.431150000000000091e+02
3.754719999999999800e+02 4.164619999999999891e+02
3.788039999999999736e+02 4.277060000000000173e+02
3.796370000000000005e+02 4.339529999999999745e+02
3.800529999999999973e+02 4.426979999999999791e+02
3.858829999999999814e+02 4.160450000000000159e+02
3.896309999999999718e+02 4.231250000000000000e+02
3.946290000000000191e+02 4.285389999999999873e+02
3.983770000000000095e+02 4.331200000000000045e+02
