3.727490000000000236e+02 3.913620000000000232e+02
3.574529999999999745e+02 3.950830000000000268e+02
3.438109999999999786e+02 4.033509999999999991e+02
3.409169999999999732e+02 4.132730000000000246e+02
3.371960000000000264e+02 4.240210000000000150e+02
3.549730000000000132e+02 4.099660000000000082e+02
3.574529999999999745e+02 4.231940000000000168e+02
3.578659999999999854e+02 4.335289999999999964e+02
3.620000000000000000e+02 4.409710000000000036e+02
3.677880000000000109e+02 4.107919999999999732e+02
3.686150000000000091e+02 4.244350000000000023e+02
3.702679999999999723e+02 4.351829999999999927e+02
3.735760000000000218e+02 4.438639999999999759e+02
3.781229999999999905e+02 4.107919999999999732e+02
3.777099999999999795e+02 4.219540000000000077e+02
3.781229999999999905e+02 4.331159999999999854e+02
3.801899999999999977e+02 4.417970000000000255e+02
3.872180000000000177e+02 4.128589999999999804e+02
3.888709999999999809e+02 4.231940000000000168e+02
3.901120000000000232e+02 4.281549999999999727e+02
3.909390000000000214e+02 4.347699999999999818e+02
