3.807099999999999795e+02 3.923629999999999995e+02
3.685710000000000264e+02 3.961309999999999718e+02
3.560129999999999768e+02 4.040840000000000032e+02
3.543389999999999986e+02 4.149669999999999845e+02
3.555950000000000273e+02 4.283620000000000232e+02
3.698269999999999982e+02 4.149669999999999845e+02
3.731759999999999877e+02 4.271070000000000277e+02
3.731759999999999877e+02 4.363159999999999741e+02
3.761059999999999945e+02 4.442690000000000055e+02
3.828029999999999973e+02 4.153860000000000241e+02
3.853149999999999977e+02 4.262690000000000055e+02
3.869889999999999759e+02 4.388269999999999982e+02
3.928500000000000227e+02 4.459429999999999836e+02
3.928500000000000227e+02 4.153860000000000241e+02
3.949420000000000073e+02 4.254320000000000164e+02
3.982909999999999968e+02 4.346410000000000196e+02
4.020590000000000259e+02 4.438500000000000227e+02
4.028960000000000150e+02 4.149669999999999845e+02
4.070819999999999936e+02 4.245950000000000273e+02
4.112679999999999723e+02 4.300369999999999777e+02
4.154540000000000077e+02 4.358969999999999914e+02
