3.730230000000000246e+02 2.522199999999999989e+02
3.822649999999999864e+02 2.397419999999999902e+02
3.896589999999999918e+02 2.244919999999999902e+02
3.891970000000000027e+02 2.083170000000000073e+02
3.928940000000000055e+02 1.953770000000000095e+02
3.771820000000000164e+02 2.134010000000000105e+02
3.744089999999999918e+02 1.912179999999999893e+02
3.707119999999999891e+02 1.773540000000000134e+02
3.670149999999999864e+02 1.662630000000000052e+02
3.647040000000000077e+02 2.157110000000000127e+02
3.623940000000000055e+02 1.921430000000000007e+02
3.605450000000000159e+02 1.764300000000000068e+02
3.591589999999999918e+02 1.634900000000000091e+02
3.554619999999999891e+02 2.189459999999999980e+02
3.526890000000000214e+02 1.981500000000000057e+02
3.522269999999999754e+02 1.824379999999999882e+02
3.522269999999999754e+02 1.699600000000000080e+02
3.480679999999999836e+02 2.226430000000000007e+02
3.448330000000000268e+02 2.055440000000000111e+02
3.443700000000000045e+02 1.953770000000000095e+02
3.448330000000000268e+02 1.875209999999999866e+02
