3.773349999999999795e+02 2.578109999999999786e+02
3.879660000000000082e+02 2.444060000000000059e+02
3.958240000000000123e+02 2.277659999999999911e+02
3.953620000000000232e+02 2.115879999999999939e+02
3.962860000000000014e+02 1.981839999999999975e+02
3.851929999999999836e+02 2.175970000000000084e+02
3.810330000000000155e+02 1.949480000000000075e+02
3.777970000000000255e+02 1.829310000000000116e+02
3.745620000000000118e+02 1.709130000000000109e+02
3.736370000000000005e+02 2.199079999999999870e+02
3.699399999999999977e+02 1.944859999999999900e+02
3.680910000000000082e+02 1.796949999999999932e+02
3.657799999999999727e+02 1.667529999999999859e+02
3.625439999999999827e+02 2.222199999999999989e+02
3.616200000000000045e+02 1.991080000000000041e+02
3.620819999999999936e+02 1.838549999999999898e+02
3.593079999999999927e+02 1.723000000000000114e+02
3.546859999999999786e+02 2.259170000000000016e+02
3.542239999999999895e+02 2.065039999999999907e+02
3.546859999999999786e+02 1.958729999999999905e+02
3.551480000000000246e+02 1.875529999999999973e+02
