3.736240000000000236e+02 3.944540000000000077e+02
3.584830000000000041e+02 3.986589999999999918e+02
3.446050000000000182e+02 4.079119999999999777e+02
3.412400000000000091e+02 4.192669999999999959e+02
3.349320000000000164e+02 4.289399999999999977e+02
3.580629999999999882e+02 4.146410000000000196e+02
3.610070000000000050e+02 4.293609999999999900e+02
3.618480000000000132e+02 4.394540000000000077e+02
3.660539999999999736e+02 4.470249999999999773e+02
3.711000000000000227e+02 4.146410000000000196e+02
3.727830000000000155e+02 4.318840000000000146e+02
3.765679999999999836e+02 4.423980000000000246e+02
3.824560000000000173e+02 4.495480000000000018e+02
3.816150000000000091e+02 4.150620000000000118e+02
3.824560000000000173e+02 4.293609999999999900e+02
3.870819999999999936e+02 4.394540000000000077e+02
3.908670000000000186e+02 4.482860000000000014e+02
3.908670000000000186e+02 4.159030000000000200e+02
3.946519999999999868e+02 4.276789999999999736e+02
3.984370000000000118e+02 4.331460000000000150e+02
4.018020000000000209e+02 4.386129999999999995e+02
