3.673559999999999945e+02 2.494029999999999916e+02
3.566270000000000095e+02 2.382259999999999991e+02
3.494739999999999895e+02 2.212379999999999995e+02
3.521560000000000059e+02 2.064850000000000136e+02
3.490269999999999868e+02 1.953089999999999975e+02
3.597559999999999718e+02 2.064850000000000136e+02
3.597559999999999718e+02 1.917330000000000041e+02
3.557330000000000041e+02 1.917330000000000041e+02
3.503679999999999950e+02 1.930740000000000123e+02
3.700380000000000109e+02 2.069329999999999927e+02
3.709320000000000164e+02 1.868149999999999977e+02
3.669089999999999918e+02 1.742980000000000018e+02
3.619909999999999854e+02 1.653569999999999993e+02
3.780849999999999795e+02 2.100620000000000118e+02
3.816619999999999777e+02 1.908389999999999986e+02
3.821089999999999804e+02 1.760860000000000127e+02
3.816619999999999777e+02 1.644629999999999939e+02
3.865790000000000077e+02 2.158739999999999952e+02
3.932850000000000250e+02 2.024619999999999891e+02
3.959669999999999845e+02 1.939679999999999893e+02
3.986499999999999773e+02 1.854739999999999895e+02
