3.708480000000000132e+02 3.967520000000000095e+02
3.553879999999999768e+02 4.024479999999999791e+02
3.415550000000000068e+02 4.126190000000000282e+02
3.350450000000000159e+02 4.227909999999999968e+02
3.260939999999999941e+02 4.288940000000000055e+02
3.562010000000000218e+02 4.288940000000000055e+02
3.541669999999999732e+02 4.345899999999999750e+02
3.492850000000000250e+02 4.415059999999999718e+02
3.488779999999999859e+02 4.480160000000000196e+02
3.704420000000000073e+02 4.288940000000000055e+02
3.741030000000000086e+02 4.345899999999999750e+02
3.769510000000000218e+02 4.443539999999999850e+02
3.830539999999999736e+02 4.488299999999999841e+02
3.834610000000000127e+02 4.260459999999999923e+02
3.907839999999999918e+02 4.325550000000000068e+02
3.989220000000000255e+02 4.390649999999999977e+02
4.070590000000000259e+02 4.451680000000000064e+02
3.924119999999999777e+02 4.219769999999999754e+02
4.029900000000000091e+02 4.288940000000000055e+02
4.131619999999999777e+02 4.325550000000000068e+02
4.229259999999999877e+02 4.349959999999999809e+02
