3.717830000000000155e+02 3.950210000000000150e+02
3.583260000000000218e+02 3.990989999999999895e+02
3.456850000000000023e+02 4.064390000000000214e+02
3.411990000000000123e+02 4.170409999999999968e+02
3.354909999999999854e+02 4.292740000000000009e+02
3.579180000000000064e+02 4.170409999999999968e+02
3.607730000000000246e+02 4.304979999999999905e+02
3.619959999999999809e+02 4.406920000000000073e+02
3.664809999999999945e+02 4.472160000000000082e+02
3.705590000000000259e+02 4.190799999999999841e+02
3.730059999999999718e+02 4.321290000000000191e+02
3.766759999999999877e+02 4.431390000000000100e+02
3.819769999999999754e+02 4.496630000000000109e+02
3.807540000000000191e+02 4.174490000000000123e+02
3.815690000000000168e+02 4.304979999999999905e+02
3.852389999999999759e+02 4.398759999999999764e+02
3.909479999999999791e+02 4.472160000000000082e+02
3.905400000000000205e+02 4.174490000000000123e+02
3.938020000000000209e+02 4.268279999999999745e+02
3.970649999999999977e+02 4.337599999999999909e+02
3.999189999999999827e+02 4.398759999999999764e+02
