3.814110000000000014e+02 2.963000000000000114e+02
3.722730000000000246e+02 2.890860000000000127e+02
3.660210000000000150e+02 2.722529999999999859e+02
3.665020000000000095e+02 2.559000000000000057e+02
3.612110000000000127e+02 2.443569999999999993e+02
3.727540000000000191e+02 2.559000000000000057e+02
3.698679999999999950e+02 2.390670000000000073e+02
3.655400000000000205e+02 2.356999999999999886e+02
3.655400000000000205e+02 2.433959999999999866e+02
3.804490000000000123e+02 2.568620000000000232e+02
3.862210000000000036e+02 2.356999999999999886e+02
3.857400000000000091e+02 2.207909999999999968e+02
3.881440000000000055e+02 2.087669999999999959e+02
3.891059999999999945e+02 2.592669999999999959e+02
3.934350000000000023e+02 2.395480000000000018e+02
3.972830000000000155e+02 2.246380000000000052e+02
4.001680000000000064e+02 2.130960000000000036e+02
3.972830000000000155e+02 2.655190000000000055e+02
3.996870000000000118e+02 2.482050000000000125e+02
4.016109999999999900e+02 2.395480000000000018e+02
4.040160000000000196e+02 2.299290000000000020e+02
