3.636360000000000241e+02 2.762019999999999982e+02
3.518460000000000036e+02 2.724289999999999736e+02
3.409990000000000236e+02 2.578100000000000023e+02
3.358109999999999786e+02 2.422470000000000141e+02
3.306229999999999905e+02 2.295130000000000052e+02
3.527889999999999873e+02 2.417750000000000057e+02
3.527889999999999873e+02 2.219670000000000130e+02
3.551469999999999914e+02 2.082909999999999968e+02
3.570330000000000155e+02 1.965010000000000048e+02
3.636360000000000241e+02 2.417750000000000057e+02
3.626929999999999836e+02 2.186659999999999968e+02
3.631639999999999873e+02 2.045180000000000007e+02
3.641080000000000041e+02 1.927280000000000086e+02
3.707099999999999795e+02 2.427179999999999893e+02
3.711820000000000164e+02 2.214960000000000093e+02
3.697669999999999959e+02 2.082909999999999968e+02
3.702379999999999995e+02 1.969720000000000084e+02
3.787269999999999754e+02 2.464910000000000139e+02
3.791990000000000123e+02 2.309279999999999973e+02
3.791990000000000123e+02 2.210240000000000009e+02
3.796709999999999923e+02 2.125349999999999966e+02
