3.653820000000000050e+02 3.957559999999999718e+02
3.523690000000000282e+02 3.999540000000000077e+02
3.401960000000000264e+02 4.062509999999999764e+02
3.359979999999999905e+02 4.133870000000000005e+02
3.351580000000000155e+02 4.289189999999999827e+02
3.553079999999999927e+02 4.075099999999999909e+02
3.527889999999999873e+02 4.196840000000000259e+02
3.511100000000000136e+02 4.326970000000000027e+02
3.502699999999999818e+02 4.448709999999999809e+02
3.649630000000000223e+02 4.100289999999999964e+02
3.637029999999999745e+02 4.255609999999999786e+02
3.645430000000000064e+02 4.360550000000000068e+02
3.653820000000000050e+02 4.465500000000000114e+02
3.754569999999999936e+02 4.129669999999999845e+02
3.733580000000000041e+02 4.263999999999999773e+02
3.750369999999999777e+02 4.356349999999999909e+02
3.758770000000000095e+02 4.461299999999999955e+02
3.842730000000000246e+02 4.154859999999999900e+02
3.842730000000000246e+02 4.259800000000000182e+02
3.867909999999999968e+02 4.326970000000000027e+02
3.893100000000000023e+02 4.394130000000000109e+02
