3.719750000000000227e+02 3.916750000000000114e+02
3.571789999999999736e+02 3.959019999999999868e+02
3.436510000000000105e+02 4.030889999999999986e+02
3.402690000000000055e+02 4.132339999999999804e+02
3.364649999999999750e+02 4.238029999999999973e+02
3.550649999999999977e+02 4.081610000000000014e+02
3.571789999999999736e+02 4.233799999999999955e+02
3.584470000000000027e+02 4.339490000000000123e+02
3.626739999999999782e+02 4.411349999999999909e+02
3.669019999999999868e+02 4.081610000000000014e+02
3.681700000000000159e+02 4.229569999999999936e+02
3.702839999999999918e+02 4.339490000000000123e+02
3.736659999999999968e+02 4.436720000000000255e+02
3.774700000000000273e+02 4.098519999999999754e+02
3.778929999999999723e+02 4.199979999999999905e+02
3.783159999999999741e+02 4.318349999999999795e+02
3.808519999999999754e+02 4.424039999999999964e+02
3.876159999999999854e+02 4.128120000000000118e+02
3.880389999999999873e+02 4.233799999999999955e+02
3.901530000000000200e+02 4.292989999999999782e+02
3.909979999999999905e+02 4.347939999999999827e+02
