3.807339999999999804e+02 3.922389999999999759e+02
3.692869999999999777e+02 3.960550000000000068e+02
3.565670000000000073e+02 4.032629999999999768e+02
3.540230000000000246e+02 4.147110000000000127e+02
3.557189999999999941e+02 4.282789999999999964e+02
3.701349999999999909e+02 4.164069999999999823e+02
3.726789999999999736e+02 4.278550000000000182e+02
3.731030000000000086e+02 4.367590000000000146e+02
3.760710000000000264e+02 4.439669999999999845e+02
3.824309999999999832e+02 4.168310000000000173e+02
3.849739999999999895e+02 4.274309999999999832e+02
3.870939999999999941e+02 4.384549999999999841e+02
3.926059999999999945e+02 4.448149999999999977e+02
3.926059999999999945e+02 4.159830000000000041e+02
3.934540000000000077e+02 4.265830000000000268e+02
3.976940000000000168e+02 4.359110000000000014e+02
4.010860000000000127e+02 4.443910000000000196e+02
4.019340000000000259e+02 4.151349999999999909e+02
4.070219999999999914e+02 4.248870000000000005e+02
4.108380000000000223e+02 4.299750000000000227e+02
4.146539999999999964e+02 4.350629999999999882e+02
