3.779780000000000086e+02 2.560910000000000082e+02
3.915950000000000273e+02 2.433820000000000050e+02
4.033969999999999914e+02 2.297640000000000100e+02
4.111139999999999759e+02 2.152390000000000043e+02
4.220079999999999814e+02 2.079759999999999991e+02
3.811549999999999727e+02 2.156930000000000121e+02
3.811549999999999727e+02 1.966279999999999859e+02
3.807010000000000218e+02 1.798329999999999984e+02
3.779780000000000086e+02 1.680310000000000059e+02
3.698070000000000164e+02 2.170540000000000020e+02
3.648140000000000214e+02 1.966279999999999859e+02
3.611820000000000164e+02 1.802870000000000061e+02
3.566429999999999723e+02 1.684850000000000136e+02
3.593670000000000186e+02 2.206860000000000070e+02
3.539200000000000159e+02 2.002589999999999861e+02
3.502880000000000109e+02 1.866419999999999959e+02
3.475649999999999977e+02 1.757479999999999905e+02
3.516499999999999773e+02 2.265869999999999891e+02
3.443870000000000005e+02 2.116069999999999993e+02
3.393940000000000055e+02 2.029830000000000041e+02
3.339470000000000027e+02 1.943580000000000041e+02
