3.846720000000000255e+02 2.472810000000000059e+02
3.734180000000000064e+02 2.350900000000000034e+02
3.649780000000000086e+02 2.205540000000000020e+02
3.513799999999999955e+02 2.111759999999999877e+02
3.368439999999999941e+02 2.088309999999999889e+02
3.785760000000000218e+02 2.050800000000000125e+02
3.607579999999999814e+02 1.985159999999999911e+02
3.537239999999999895e+02 1.891380000000000052e+02
3.480980000000000132e+02 1.802290000000000134e+02
3.879540000000000077e+02 2.046109999999999900e+02
3.649780000000000086e+02 1.971090000000000089e+02
3.556000000000000227e+02 1.900749999999999886e+02
3.495040000000000191e+02 1.816349999999999909e+02
3.893609999999999900e+02 2.078940000000000055e+02
3.720110000000000241e+02 1.999219999999999970e+02
3.626329999999999814e+02 1.961709999999999923e+02
3.551309999999999718e+02 1.980469999999999970e+02
3.893609999999999900e+02 2.144579999999999984e+02
3.771689999999999827e+02 2.074250000000000114e+02
3.706050000000000182e+02 2.036730000000000018e+02
3.691979999999999791e+02 1.961709999999999923e+02
