3.650409999999999968e+02 2.485039999999999907e+02
3.684060000000000059e+02 2.369660000000000082e+02
3.717719999999999914e+02 2.254290000000000020e+02
3.818670000000000186e+02 2.023540000000000134e+02
3.881159999999999854e+02 1.951440000000000055e+02
3.885969999999999800e+02 2.162949999999999875e+02
3.905199999999999818e+02 1.980279999999999916e+02
3.833090000000000259e+02 1.951440000000000055e+02
3.794630000000000223e+02 1.951440000000000055e+02
3.842699999999999818e+02 2.191800000000000068e+02
3.794630000000000223e+02 1.980279999999999916e+02
3.693679999999999950e+02 1.970660000000000025e+02
3.645609999999999786e+02 2.052390000000000043e+02
3.794630000000000223e+02 2.220639999999999930e+02
3.717719999999999914e+02 2.018739999999999952e+02
3.640799999999999841e+02 2.042769999999999868e+02
3.607149999999999750e+02 2.105269999999999868e+02
3.717719999999999914e+02 2.259099999999999966e+02
3.645609999999999786e+02 2.138919999999999959e+02
3.587919999999999732e+02 2.138919999999999959e+02
3.573500000000000227e+02 2.177369999999999948e+02
