3.624320000000000164e+02 3.976549999999999727e+02
3.778319999999999936e+02 4.130539999999999736e+02
3.303840000000000146e+02 4.101410000000000196e+02
3.141519999999999868e+02 4.138870000000000005e+02
2.987529999999999859e+02 4.134710000000000036e+02
3.461999999999999886e+02 4.263729999999999905e+02
3.445360000000000014e+02 4.309510000000000218e+02
3.412060000000000173e+02 4.384429999999999836e+02
3.420380000000000109e+02 4.430210000000000150e+02
3.611840000000000259e+02 4.259569999999999936e+02
3.636809999999999832e+02 4.309510000000000218e+02
3.674270000000000209e+02 4.430210000000000150e+02
3.715889999999999986e+02 4.488480000000000132e+02
3.711730000000000018e+02 4.255409999999999968e+02
3.778319999999999936e+02 4.334490000000000123e+02
3.665950000000000273e+02 4.438539999999999850e+02
3.711730000000000018e+02 4.480160000000000196e+02
3.770000000000000000e+02 4.276220000000000141e+02
3.794970000000000141e+02 4.338650000000000091e+02
3.849080000000000155e+02 4.396920000000000073e+02
3.911510000000000105e+02 4.467669999999999959e+02
