3.680000000000000000e+02 3.941390000000000100e+02
3.541809999999999832e+02 3.979069999999999823e+02
3.403629999999999995e+02 4.054449999999999932e+02
3.374320000000000164e+02 4.167500000000000000e+02
3.349200000000000159e+02 4.297309999999999945e+02
3.512500000000000000e+02 4.159130000000000109e+02
3.516689999999999827e+02 4.284750000000000227e+02
3.504130000000000109e+02 4.364309999999999832e+02
3.508319999999999936e+02 4.456429999999999723e+02
3.625559999999999832e+02 4.171689999999999827e+02
3.646499999999999773e+02 4.293120000000000118e+02
3.646499999999999773e+02 4.397799999999999727e+02
3.667429999999999950e+02 4.481549999999999727e+02
3.734429999999999836e+02 4.180059999999999718e+02
3.721870000000000118e+02 4.288929999999999723e+02
3.751179999999999950e+02 4.385240000000000009e+02
3.767930000000000064e+02 4.456429999999999723e+02
3.847490000000000236e+02 4.175880000000000223e+02
3.860049999999999955e+02 4.263809999999999718e+02
3.889359999999999786e+02 4.322429999999999950e+02
3.918670000000000186e+02 4.385240000000000009e+02
