3.909150000000000205e+02 2.918940000000000055e+02
3.885129999999999768e+02 2.822880000000000109e+02
3.803489999999999895e+02 2.717219999999999800e+02
3.654599999999999795e+02 2.722019999999999982e+02
3.539329999999999927e+02 2.722019999999999982e+02
3.880330000000000155e+02 2.952559999999999718e+02
3.856320000000000050e+02 2.981370000000000005e+02
3.808290000000000077e+02 2.986179999999999950e+02
3.745849999999999795e+02 2.986179999999999950e+02
3.803489999999999895e+02 3.063020000000000209e+02
3.659399999999999977e+02 3.067819999999999823e+02
3.592160000000000082e+02 2.986179999999999950e+02
3.577760000000000105e+02 2.875710000000000264e+02
3.702629999999999768e+02 3.096639999999999873e+02
3.572950000000000159e+02 3.039010000000000105e+02
3.534529999999999745e+02 2.952559999999999718e+02
3.539329999999999927e+02 2.837289999999999850e+02
3.649800000000000182e+02 3.115849999999999795e+02
3.534529999999999745e+02 2.995779999999999745e+02
3.505710000000000264e+02 2.933349999999999795e+02
3.510520000000000209e+02 2.842090000000000032e+02
