3.741179999999999950e+02 3.947799999999999727e+02
3.596650000000000205e+02 3.981809999999999832e+02
3.452130000000000223e+02 4.066820000000000164e+02
3.413879999999999768e+02 4.190090000000000146e+02
3.350120000000000005e+02 4.287850000000000250e+02
3.579649999999999750e+02 4.134830000000000041e+02
3.609409999999999741e+02 4.292099999999999795e+02
3.617909999999999968e+02 4.398369999999999891e+02
3.660409999999999968e+02 4.474879999999999995e+02
3.711419999999999959e+02 4.147579999999999814e+02
3.732669999999999959e+02 4.317610000000000241e+02
3.770930000000000177e+02 4.423870000000000005e+02
3.821940000000000168e+02 4.491879999999999882e+02
3.813439999999999941e+02 4.151829999999999927e+02
3.821940000000000168e+02 4.296349999999999909e+02
3.864440000000000168e+02 4.398369999999999891e+02
3.906949999999999932e+02 4.479130000000000109e+02
3.906949999999999932e+02 4.168829999999999814e+02
3.945199999999999818e+02 4.279350000000000023e+02
3.983460000000000036e+02 4.330360000000000014e+02
4.017470000000000141e+02 4.389870000000000232e+02
