3.837850000000000250e+02 3.926019999999999754e+02
3.671480000000000246e+02 3.980090000000000146e+02
3.488469999999999800e+02 4.046630000000000109e+02
3.334580000000000268e+02 4.117339999999999804e+02
3.193170000000000073e+02 4.133980000000000246e+02
3.646519999999999868e+02 4.096539999999999964e+02
3.542540000000000191e+02 4.237959999999999923e+02
3.446879999999999882e+02 4.312819999999999823e+02
3.392810000000000059e+02 4.379370000000000118e+02
3.742189999999999941e+02 4.129820000000000277e+02
3.650679999999999836e+02 4.283709999999999809e+02
3.575819999999999936e+02 4.404329999999999927e+02
3.517590000000000146e+02 4.433439999999999941e+02
3.812889999999999873e+02 4.150609999999999786e+02
3.783779999999999859e+02 4.325299999999999727e+02
3.750500000000000114e+02 4.383530000000000086e+02
3.700590000000000259e+02 4.425120000000000005e+02
3.879440000000000168e+02 4.163090000000000259e+02
3.908550000000000182e+02 4.300350000000000250e+02
3.896080000000000041e+02 4.316979999999999791e+02
3.837850000000000250e+02 4.300350000000000250e+02
