3.740930000000000177e+02 3.943600000000000136e+02
3.588059999999999832e+02 3.981809999999999832e+02
3.443690000000000282e+02 4.075230000000000246e+02
3.409719999999999800e+02 4.189879999999999995e+02
3.350269999999999868e+02 4.287549999999999955e+02
3.583809999999999718e+02 4.151669999999999732e+02
3.609289999999999736e+02 4.300289999999999964e+02
3.617789999999999964e+02 4.406440000000000055e+02
3.660249999999999773e+02 4.474379999999999882e+02
3.711200000000000045e+02 4.168650000000000091e+02
3.732429999999999950e+02 4.325760000000000218e+02
3.770649999999999977e+02 4.427669999999999959e+02
3.825849999999999795e+02 4.491370000000000005e+02
3.813109999999999786e+02 4.172900000000000205e+02
3.821610000000000014e+02 4.300289999999999964e+02
3.868319999999999936e+02 4.393700000000000045e+02
3.906530000000000200e+02 4.482880000000000109e+02
3.910779999999999745e+02 4.177139999999999986e+02
3.948990000000000009e+02 4.279049999999999727e+02
3.982959999999999923e+02 4.330009999999999764e+02
4.021179999999999950e+02 4.385210000000000150e+02
