3.714529999999999745e+02 2.479379999999999882e+02
3.588009999999999877e+02 2.409079999999999870e+02
3.442740000000000009e+02 2.273189999999999884e+02
3.339649999999999750e+02 2.141980000000000075e+02
3.227180000000000177e+02 2.038890000000000100e+02
3.620810000000000173e+02 2.071690000000000111e+02
3.564580000000000268e+02 1.884250000000000114e+02
3.531770000000000209e+02 1.762410000000000139e+02
3.522400000000000091e+02 1.645260000000000105e+02
3.737959999999999923e+02 2.081059999999999945e+02
3.752019999999999982e+02 1.842069999999999936e+02
3.775450000000000159e+02 1.696810000000000116e+02
3.789510000000000218e+02 1.579660000000000082e+02
3.826990000000000123e+02 2.109180000000000064e+02
3.920720000000000027e+02 1.898309999999999889e+02
3.962889999999999873e+02 1.771779999999999973e+02
4.005059999999999718e+02 1.654629999999999939e+02
3.930090000000000146e+02 2.174780000000000086e+02
4.056610000000000014e+02 2.066999999999999886e+02
4.131589999999999918e+02 1.992030000000000030e+02
4.206560000000000059e+02 1.926419999999999959e+02
