3.735989999999999895e+02 3.949010000000000105e+02
3.592980000000000018e+02 3.986859999999999786e+02
3.462590000000000146e+02 4.054159999999999968e+02
3.412119999999999891e+02 4.180350000000000250e+02
3.349030000000000200e+02 4.289710000000000036e+02
3.584569999999999936e+02 4.150910000000000082e+02
3.609809999999999945e+02 4.293910000000000196e+02
3.618220000000000027e+02 4.403279999999999745e+02
3.664490000000000123e+02 4.474780000000000086e+02
3.714959999999999809e+02 4.150910000000000082e+02
3.727579999999999814e+02 4.323360000000000127e+02
3.769639999999999986e+02 4.428509999999999991e+02
3.824320000000000164e+02 4.495810000000000173e+02
3.815910000000000082e+02 4.155110000000000241e+02
3.815910000000000082e+02 4.306530000000000200e+02
3.857970000000000255e+02 4.407479999999999905e+02
3.908450000000000273e+02 4.478990000000000009e+02
3.908450000000000273e+02 4.180350000000000250e+02
3.946299999999999955e+02 4.277090000000000032e+02
3.979950000000000045e+02 4.327559999999999718e+02
4.013600000000000136e+02 4.390659999999999741e+02
