3.791630000000000109e+02 2.692760000000000105e+02
3.692210000000000036e+02 2.617010000000000218e+02
3.625919999999999845e+02 2.460769999999999982e+02
3.616460000000000150e+02 2.304540000000000077e+02
3.564379999999999882e+02 2.190910000000000082e+02
3.692210000000000036e+02 2.309269999999999925e+02
3.659069999999999823e+02 2.129360000000000070e+02
3.611720000000000255e+02 2.105689999999999884e+02
3.606990000000000123e+02 2.162500000000000000e+02
3.791630000000000109e+02 2.309269999999999925e+02
3.848439999999999941e+02 2.082019999999999982e+02
3.838969999999999914e+02 1.958919999999999959e+02
3.805830000000000268e+02 1.850029999999999859e+02
3.895790000000000077e+02 2.342410000000000139e+02
3.990480000000000018e+02 2.119890000000000043e+02
4.023620000000000232e+02 1.992059999999999889e+02
4.042559999999999718e+02 1.868969999999999914e+02
3.995210000000000150e+02 2.385020000000000095e+02
4.104100000000000250e+02 2.247719999999999914e+02
4.151449999999999818e+02 2.157769999999999868e+02
4.213000000000000114e+02 2.077280000000000086e+02
