3.694499999999999886e+02 3.962869999999999777e+02
3.547250000000000227e+02 4.006170000000000186e+02
3.417330000000000041e+02 4.084130000000000109e+02
3.352370000000000232e+02 4.192400000000000091e+02
3.283079999999999927e+02 4.279010000000000105e+02
3.581899999999999977e+02 4.170740000000000123e+02
3.594889999999999759e+02 4.283340000000000032e+02
3.594889999999999759e+02 4.391610000000000014e+02
3.629540000000000077e+02 4.460899999999999750e+02
3.698829999999999814e+02 4.179399999999999977e+02
3.724809999999999945e+02 4.305000000000000000e+02
3.737810000000000059e+02 4.421929999999999836e+02
3.802769999999999868e+02 4.482559999999999718e+02
3.798439999999999941e+02 4.175070000000000050e+02
3.807099999999999795e+02 4.287669999999999959e+02
3.867730000000000246e+02 4.378620000000000232e+02
3.898039999999999736e+02 4.456569999999999823e+02
3.893709999999999809e+02 4.162080000000000268e+02
3.941349999999999909e+02 4.266019999999999754e+02
4.001979999999999791e+02 4.317989999999999782e+02
4.040960000000000036e+02 4.361299999999999955e+02
