3.863279999999999745e+02 3.022149999999999750e+02
3.858419999999999845e+02 2.949239999999999782e+02
3.775790000000000077e+02 2.866610000000000014e+02
3.663990000000000009e+02 2.827719999999999914e+02
3.537610000000000241e+02 2.793700000000000045e+02
3.751480000000000246e+02 3.129080000000000155e+02
3.712599999999999909e+02 3.192269999999999754e+02
3.620240000000000009e+02 3.236019999999999754e+02
3.561920000000000073e+02 3.279759999999999991e+02
3.673709999999999809e+02 3.182549999999999955e+02
3.532749999999999773e+02 3.226299999999999955e+02
3.377210000000000036e+02 3.143659999999999854e+02
3.275140000000000100e+02 3.133940000000000055e+02
3.615380000000000109e+02 3.206850000000000023e+02
3.450120000000000005e+02 3.216569999999999823e+02
3.338319999999999936e+02 3.250600000000000023e+02
3.250830000000000268e+02 3.279759999999999991e+02
3.576499999999999773e+02 3.197130000000000223e+02
3.440400000000000205e+02 3.206850000000000023e+02
3.323740000000000236e+02 3.250600000000000023e+02
3.474420000000000073e+02 2.988120000000000118e+02
