3.803369999999999891e+02 2.579750000000000227e+02
3.922930000000000064e+02 2.460180000000000007e+02
4.051700000000000159e+02 2.326819999999999879e+02
4.143670000000000186e+02 2.234840000000000089e+02
4.254039999999999964e+02 2.207249999999999943e+02
3.775769999999999982e+02 2.165860000000000127e+02
3.775769999999999982e+02 1.977319999999999993e+02
3.775769999999999982e+02 1.843950000000000102e+02
3.775769999999999982e+02 1.728990000000000009e+02
3.647010000000000218e+02 2.198050000000000068e+02
3.559630000000000223e+02 1.977319999999999993e+02
3.518249999999999886e+02 1.848549999999999898e+02
3.467660000000000196e+02 1.761179999999999950e+02
3.555040000000000191e+02 2.257839999999999918e+02
3.421669999999999732e+02 2.096879999999999882e+02
3.338899999999999864e+02 2.014110000000000014e+02
3.260720000000000027e+02 1.931330000000000098e+02
3.495249999999999773e+02 2.345209999999999866e+02
3.357289999999999850e+02 2.285430000000000064e+02
3.265319999999999823e+02 2.271630000000000109e+02
3.187139999999999986e+02 2.239439999999999884e+02
