3.655330000000000155e+02 3.990840000000000032e+02
3.486850000000000023e+02 4.045600000000000023e+02
3.318360000000000127e+02 4.100350000000000250e+02
3.149879999999999995e+02 4.117200000000000273e+02
3.010880000000000223e+02 4.112989999999999782e+02
3.432090000000000032e+02 4.226709999999999923e+02
3.381539999999999964e+02 4.289900000000000091e+02
3.339420000000000073e+02 4.348860000000000241e+02
3.288879999999999768e+02 4.424680000000000177e+02
3.524750000000000227e+02 4.214080000000000155e+02
3.512119999999999891e+02 4.277259999999999991e+02
3.453149999999999977e+02 4.273050000000000068e+02
3.478419999999999845e+02 4.243559999999999945e+02
3.625840000000000032e+02 4.226709999999999923e+02
3.617420000000000186e+02 4.285679999999999836e+02
3.608999999999999773e+02 4.247769999999999868e+02
3.693240000000000123e+02 4.466800000000000068e+02
3.684809999999999945e+02 4.268829999999999814e+02
3.689030000000000200e+02 4.310960000000000036e+02
3.676390000000000100e+02 4.416259999999999764e+02
3.701659999999999968e+02 4.475230000000000246e+02
