3.637620000000000005e+02 2.535420000000000016e+02
3.562139999999999986e+02 2.426910000000000025e+02
3.543260000000000218e+02 2.275939999999999941e+02
3.599879999999999995e+02 2.162709999999999866e+02
3.642339999999999804e+02 2.082510000000000048e+02
3.746129999999999995e+02 2.176870000000000118e+02
3.760280000000000200e+02 2.044770000000000039e+02
3.746129999999999995e+02 2.063640000000000043e+02
3.694230000000000018e+02 2.106100000000000136e+02
3.816899999999999977e+02 2.219329999999999927e+02
3.864069999999999823e+02 2.040049999999999955e+02
3.765000000000000000e+02 2.096670000000000016e+02
3.703670000000000186e+02 2.158000000000000114e+02
3.864069999999999823e+02 2.266500000000000057e+02
3.901820000000000164e+02 2.087230000000000132e+02
3.802740000000000009e+02 2.153280000000000030e+02
3.731979999999999791e+02 2.214610000000000127e+02
3.901820000000000164e+02 2.313679999999999950e+02
3.882939999999999827e+02 2.200459999999999923e+02
3.826329999999999814e+02 2.224039999999999964e+02
3.750849999999999795e+02 2.285380000000000109e+02
