3.713029999999999973e+02 3.967599999999999909e+02
3.555529999999999973e+02 4.032210000000000036e+02
3.422269999999999754e+02 4.121050000000000182e+02
3.341499999999999773e+02 4.226050000000000182e+02
3.256689999999999827e+02 4.298740000000000236e+02
3.551490000000000009e+02 4.238170000000000073e+02
3.547459999999999809e+02 4.335090000000000146e+02
3.523229999999999791e+02 4.432010000000000218e+02
3.531299999999999955e+02 4.492590000000000146e+02
3.676680000000000064e+02 4.238170000000000073e+02
3.676680000000000064e+02 4.335090000000000146e+02
3.656490000000000009e+02 4.423929999999999723e+02
3.660529999999999973e+02 4.504700000000000273e+02
3.781680000000000064e+02 4.238170000000000073e+02
3.793799999999999955e+02 4.331050000000000182e+02
3.805910000000000082e+02 4.415860000000000127e+02
3.809950000000000045e+02 4.496630000000000109e+02
3.886680000000000064e+02 4.230090000000000146e+02
3.910910000000000082e+02 4.302780000000000200e+02
3.947259999999999991e+02 4.359320000000000164e+02
3.979560000000000173e+02 4.415860000000000127e+02
